Horizontal_vibration_signals,Vertical_vibration_signals
10.682570934295654,7.080042362213135
9.876954555511475,9.679806232452393
8.237850666046143,5.546987056732178
4.579102993011475,2.1129846572875977
2.9376983642578125,-1.6036748886108398
5.350589752197266,-4.724359512329102
5.396723747253418,-5.325579643249512
2.2539615631103516,-3.631448745727539
0.16503330320119858,-7.804882526397705
-6.2097907066345215,-7.618117332458496
-6.541788578033447,-6.2523603439331055
-3.2475829124450684,-8.525300025939941
-3.293895721435547,-6.608521938323975
-4.099416732788086,-2.969241142272949
0.728917121887207,-9.023749828338623
-5.642330646514893,-4.894959926605225
-6.413984298706055,-3.1249284744262695
-6.060147285461426,0.12264249846339226
-3.1827688217163086,4.404473304748535
-0.16105180606245995,-2.4511218070983887
0.850832536816597,-5.9014081954956055
4.583704471588135,-4.243922233581543
1.2760519981384277,-0.16442539170384407
-1.595306396484375,1.851356029510498
-0.9727119654417038,5.0943732261657715
0.38131479173898697,-3.557157516479492
3.2125234603881836,-3.998124599456787
4.713845252990723,-1.981806755065918
4.287254810333252,1.995682716369629
-0.8629441261291504,6.624996662139893
-5.0670623779296875,6.431996822357178
-4.057657718658447,1.5141606330871582
-3.8663744926452637,3.860795497894287
0.9689092636108398,4.924440383911133
7.702434062957764,3.052377700805664
1.524198055267334,8.640611171722412
-2.4335503578186035,0.3679155930876732
-0.9735702723264694,-1.6644716262817383
-6.300723552703857,0.9476661682128906
-11.642873287200928,3.6785364151000977
-2.9181838035583496,3.5910487174987793
2.851724624633789,0.14774800278246403
-4.548919200897217,-9.007596969604492
-2.7991175651550293,-8.443868160247803
1.5208840370178223,-6.064486503601074
-1.5178561210632324,-4.416394233703613
-9.294867515563965,-4.699885845184326
-3.6275506019592285,-8.766376972198486
3.1119227409362793,-8.881235122680664
2.113485336303711,-10.446298122406006
0.006997599848546088,-2.335226535797119
-1.6470789909362793,2.7956366539001465
2.251124382019043,4.2758941650390625
-2.3084640502929688,3.060030937194824
-1.7438173294067383,3.135216236114502
9.909415245056152,4.164373874664307
10.715532302856445,9.177136421203613
-0.32290220260620117,8.070886135101318
-3.0402064323425293,5.259573459625244
2.074432373046875,6.8865180015563965
-4.995071887969971,6.431388854980469
1.6107678413391113,3.052830696105957
10.772085189819336,7.320952415466309
4.583156108856201,0.6147027015686035
-0.4230022057890892,-6.011712551116943
-4.191088676452637,-4.481041431427002
-4.432618618011475,-7.94907808303833
1.1233329772949219,-3.238046169281006
-1.9355535507202148,-5.119931697845459
-1.8833398818969727,-7.724595069885254
-1.6943573951721191,-8.341753482818604
-2.5438666343688965,-9.032821655273438
-5.565154552459717,-8.089160919189453
1.5149593353271484,-1.5190958976745605
7.97734260559082,-2.233397960662842
6.312012672424316,-1.5339255332946777
-3.539299964904785,0.775301530957222
2.5903820991516113,-0.7851719856262207
-0.5635141953825951,0.07226469926536083
-8.00246000289917,3.834962844848633
-1.8195629119873047,2.44903564453125
7.478821277618408,5.389523506164551
-5.769002437591553,3.4760594367980957
-9.74339246749878,1.6415715217590332
-1.37939453125,5.939149856567383
-6.450438499450684,2.796602249145508
-10.572266578674316,1.101231575012207
2.8346776962280273,-0.3815770149230957
2.82285213470459,-0.283205509185791
2.2370219230651855,-0.9121298789978027
1.6402125358581543,2.424633502960205
1.5578985214233398,-2.1566271781921387
1.4127612113952637,-1.4136314392089844
3.519129753112793,-0.6110668182373047
4.914796352386475,0.6974101066589355
8.123373985290527,2.938556671142578
6.507611274719238,6.316697597503662
6.194615364074707,5.877554416656494
5.784475803375244,3.4007668495178223
4.290258884429932,0.6685615330934525
5.042171478271484,2.151954174041748
4.035031795501709,1.7957568168640137
-1.781463623046875,3.4092068672180176
-5.315709114074707,2.7495384216308594
-3.26918363571167,-2.549147605895996
-4.913854598999023,-3.981506824493408
-7.883894443511963,-1.9081711769104004
-0.6163835898041725,0.989532470703125
1.1014342308044434,-0.06942749954760075
-1.0201097279787064,-2.7449607849121094
-1.4717340469360352,-4.411888122558594
0.48083070665597916,-1.328587532043457
5.082392692565918,2.1378636360168457
1.710951328277588,2.581357955932617
4.18546199798584,2.328503131866455
7.784450054168701,0.6439208984375
8.064806461334229,-1.1184096336364746
3.0483484268188477,4.459500312805176
1.5981674194335938,8.604657649993896
4.153454303741455,8.916354179382324
-0.11810059659183025,8.139431476593018
-4.548847675323486,2.2441983222961426
2.3449182510375977,0.8616924285888672
2.388286590576172,5.812633037567139
-4.074549674987793,5.174124240875244
-6.383049488067627,3.0290842056274414
-3.9841532707214355,1.3904333114624023
-6.740355491638184,-5.785083770751953
-4.7743916511535645,-4.464375972747803
1.3596534729003906,-1.107943132519722
2.29722261428833,-1.5466094017028809
-2.4350523948669434,-4.418158531188965
-4.363894462585449,-3.7256360054016113
-5.452477931976318,-1.045370101928711
-1.8557310104370117,-0.5831838026642799
0.8494138717651367,3.6960721015930176
4.027426242828369,-0.23649929091334343
4.580974578857422,-3.573310375213623
1.7786145210266113,1.0091661661863327
-2.6519775390625,0.487673282623291
-2.384006977081299,2.140021324157715
-1.2946724891662598,3.7819981575012207
-1.1613131314516068,-1.3918042182922363
-0.774693489074707,-3.2600045204162598
1.745295524597168,-2.710103988647461
-0.5038380995392799,-1.9649982452392578
-2.6433229446411133,-0.14054779894649982
-4.343986511230469,1.7096996307373047
-0.3516435995697975,-4.308784008026123
0.7126092910766602,-4.110920429229736
0.07693769875913858,-2.5690078735351562
1.362001895904541,-0.9644985198974609
-0.8075594902038574,2.4276137351989746
-5.418765544891357,0.9352207183837891
-1.5098214149475098,-1.7654061317443848
2.084827423095703,-0.08915659971535206
1.2529969215393066,4.430782794952393
4.9553751945495605,1.789402961730957
3.9057374000549316,4.231226444244385
-4.588258266448975,1.538097858428955
-0.7835984230041504,-1.3502120971679688
3.3104300498962402,0.8379579335451126
1.7880916595458984,0.17163749784231186
5.429708957672119,-0.15320779755711555
7.431817054748535,0.38624998182058334
0.3625630959868431,-4.245233535766602
-0.9782910346984863,-6.6522955894470215
-0.6560683250427246,-8.723223209381104
-2.971935272216797,-6.393325328826904
-2.608788013458252,-0.9627460688352585
-1.547837257385254,-2.702772617340088
-3.190755844116211,-1.97371244430542
-4.808664321899414,-2.8819918632507324
-4.004275798797607,-0.7810592651367188
-1.0542631149291992,2.655482292175293
-5.4660797119140625,4.710853099822998
-3.250598907470703,1.9445180892944336
0.30436519533395767,-0.07591249886900187
-3.730642795562744,1.501142978668213
-1.1237025260925293,3.732931613922119
3.9385318756103516,1.7733454704284668
1.0523796081542969,2.552616596221924
-2.335238456726074,-3.546154499053955
5.195331573486328,-3.9188027381896973
3.568720817565918,-3.8091301918029785
-1.5520095825195312,-5.718493461608887
-0.36482810974121094,-4.565930366516113
3.593325614929199,-6.528115272521973
-6.143355369567871,-9.098327159881592
-1.7594456672668457,-9.638166427612305
-1.1231541633605957,-10.537731647491455
-3.034043312072754,-9.036862850189209
-6.516754627227783,-9.803259372711182
0.23518800735473633,-5.199575424194336
-4.919219017028809,-9.89689826965332
-5.961966514587402,-5.970668792724609
-2.6618361473083496,-2.105534076690674
-2.885770797729492,-1.2902259826660156
-4.32124137878418,2.378237247467041
2.55739688873291,5.4315924644470215
8.85324478149414,2.984130382537842
11.26089096069336,7.295548915863037
7.534503936767578,10.14183759689331
8.869802951812744,9.757280349731445
1.5520453453063965,8.553850650787354
-1.4273524284362793,7.745075225830078
5.005753040313721,7.089412212371826
7.614266872406006,9.478890895843506
3.918445110321045,9.407186508178711
6.55825138092041,6.188392639160156
2.7167916297912598,4.949855804443359
-5.107760429382324,2.366948127746582
-7.234048843383789,2.2014975547790527
-0.19451379776000977,2.964138984680176
-6.470859050750732,0.428008995950222
-2.749001979827881,-1.609194278717041
0.5971192941069603,-3.2655715942382812
-3.2242536544799805,-6.773269176483154
-5.127859115600586,-1.965487003326416
-0.5108832940459251,-5.45734167098999
-2.2829532623291016,-4.223895072937012
-3.6190152168273926,-6.036067008972168
-0.21458860486745834,-5.259144306182861
1.653909683227539,-3.3908605575561523
-1.434767246246338,0.7039309293031693
-0.34499168395996094,2.170717716217041
1.26875638961792,1.36643648147583
4.500210285186768,1.6820907592773438
0.20813940092921257,7.858753204345703
2.415335178375244,5.176091194152832
0.5613327026367188,11.43578290939331
0.5185722932219505,6.1249494552612305
-4.317378997802734,7.429909706115723
1.496875286102295,9.555447101593018
11.175894737243652,6.409740447998047
7.616400718688965,6.312930583953857
1.909172534942627,5.510878562927246
7.368433475494385,2.1091580390930176
4.4478654861450195,2.469003200531006
-6.244194507598877,-3.0329108238220215
2.2486090660095215,-3.764677047729492
7.27083683013916,-0.30019279569387436
2.69467830657959,-6.3535332679748535
-1.6082763671875,-4.74165678024292
4.272449016571045,-9.020471572875977
-2.577519416809082,-8.18394422531128
-5.359399318695068,-6.651902198791504
-2.7145028114318848,-4.5272111892700195
0.9648680686950684,-1.2455583363771439
-3.8811802864074707,-2.0510196685791016
1.3437151908874512,0.18138889223337173
-2.015531063079834,-0.6256580352783203
-0.8992314338684082,-0.9133458137512207
-4.271829128265381,0.8121371269226074
-2.0528316497802734,-0.6906033307313919
-4.93314266204834,0.8806586265563965
-3.0268073081970215,0.9841203689575195
0.237882100045681,-6.014502048492432
-3.1212925910949707,-1.9038677215576172
-1.4737248420715332,-5.483531951904297
3.2453536987304688,-5.338954925537109
-1.1713981628417969,-2.6381611824035645
-1.8133044242858887,-6.767773628234863
-0.3351091966032982,-4.724526405334473
-1.800978183746338,-2.1525144577026367
-0.8985757827758789,-1.9193530082702637
7.746326923370361,0.28045179322361946
5.625355243682861,0.8768081665039062
4.343461990356445,0.6989002227783203
6.397497653961182,-0.03095869906246662
0.5582213029265404,-0.891578197479248
-6.954848766326904,4.290986061096191
2.040529251098633,0.6190896034240723
2.072441577911377,4.2555928230285645
-5.312621593475342,-0.4306792840361595
0.8872746676206589,2.0371198654174805
-3.2367944717407227,1.3911724090576172
-9.95328426361084,-2.0058393478393555
-4.946744441986084,-1.8999457359313965
-4.841649532318115,-6.040859222412109
-4.459595680236816,-7.358729839324951
1.420760154724121,-8.81495475769043
4.102420806884766,-9.165394306182861
-2.772223949432373,-6.074655055999756
3.099799156188965,-6.644463539123535
2.046632766723633,-4.786336421966553
-1.5395045280456543,-9.709441661834717
0.11581179685890675,1.3549327850341797
0.8829712867736816,3.402554988861084
1.2194036692380905,5.1190972328186035
-1.3109087944030762,8.03537368774414
0.9718894958496094,6.594598293304443
0.8604764938354492,4.262411594390869
-4.956221580505371,10.824036598205566
-2.843165397644043,8.487451076507568
-1.6813278198242188,8.253741264343262
-4.712486267089844,9.129929542541504
-3.1633496284484863,6.085515022277832
9.076225757598877,-1.8054962158203125
8.215606212615967,2.1568655967712402
-1.8178224563598633,-3.6977171897888184
3.860175609588623,-0.7550240308046341
2.4277448654174805,-0.1395701989531517
-5.433368682861328,-2.4594545364379883
1.93098783493042,-5.646491050720215
7.929575443267822,-2.2069215774536133
3.227365016937256,-5.271565914154053
3.80098819732666,-2.554333209991455
2.267944812774658,-2.053678035736084
-2.283775806427002,-6.104588508605957
0.8888483047485352,-1.892411708831787
1.0318875312805176,-1.0389208793640137
-0.3543854132294655,-1.9269824028015137
-1.051652431488037,2.0366311073303223
-0.7302522659301758,1.1237621307373047
-6.473541259765625,0.12538430280983448
-6.289494037628174,5.4950714111328125
-1.1284828186035156,5.167901515960693
-3.6867499351501465,4.108726978302002
-4.960238933563232,4.170775413513184
-2.3532748222351074,4.202401638031006
1.2028694152832031,-0.1035213004797697
-6.316685676574707,3.1586647033691406
-2.5078415870666504,1.9679069519042969
5.1174163818359375,-1.1464715003967285
1.5499234199523926,0.33920999616384506
-0.5854130163788795,-2.0815253257751465
8.845925331115723,-0.5097151175141335
2.5066375732421875,2.6903390884399414
-2.2939562797546387,2.1337151527404785
3.9140701293945312,0.6945371627807617
9.38173532485962,1.0721564292907715
5.707550048828125,-2.3838043212890625
6.500649452209473,-0.3750443086028099
8.338189125061035,1.9307494163513184
3.794705867767334,2.028357982635498
-2.9835939407348633,-1.8356919288635254
0.105631398037076,-1.3024330139160156
4.06571626663208,-2.241384983062744
1.929914951324463,-0.26388170197606087
-1.1765599250793457,0.7547259330749512
-3.863036632537842,-1.8779516220092773
-6.258094310760498,-2.8917551040649414
-6.9768548011779785,-0.23634430021047592
-5.123794078826904,0.5394101142883301
-0.0034927998785860837,3.384280204772949
2.1824002265930176,3.599262237548828
-0.41636228561401367,3.0307650566101074
-0.5597591027617455,2.6663780212402344
1.3849616050720215,5.798733234405518
-0.16833540052175522,4.001319408416748
4.552090167999268,5.98529577255249
8.793318271636963,7.2383880615234375
11.163687705993652,1.7193913459777832
11.140072345733643,0.20331140607595444
4.237258434295654,0.8948802947998047
0.9278296679258347,2.008342742919922
0.7993578910827637,3.3864974975585938
-1.9195318222045898,0.5720854178071022
1.3810992240905762,-4.395020008087158
2.147996425628662,-5.357611179351807
-2.5706887245178223,-3.5115718841552734
-6.428062915802002,-2.1015048027038574
-7.090616226196289,-1.1864305287599564
-15.497767925262451,-4.327332973480225
-6.861627101898193,-4.177653789520264
-0.3084897994995117,-1.2685298919677734
-3.095376491546631,0.7917522639036179
-1.5029668807983398,3.1589508056640625
3.116118907928467,1.6190052032470703
-2.8096914291381836,1.449906826019287
-2.75343656539917,1.3648033142089844
4.048800468444824,4.429495334625244
7.810318470001221,3.9594292640686035
6.474888324737549,2.324390411376953
4.893600940704346,1.6879081726074219
6.633162498474121,1.8021941184997559
-0.10815859772264957,-0.4537701979279518
-3.262627124786377,0.2896069921553135
-2.76029109954834,-0.25131700560450554
0.5926370993256569,-2.388644218444824
-1.0097146034240723,-2.9526710510253906
-1.9910216331481934,-5.988025665283203
0.5424619093537331,-2.7679800987243652
-3.167581558227539,-2.643465995788574
-8.804881572723389,-1.6576409339904785
-7.296991348266602,-3.6511898040771484
-3.8032174110412598,-4.970061779022217
-2.455747127532959,-3.644084930419922
-1.6022920608520508,-4.3407440185546875
1.4537572860717773,-0.6936430931091309
0.5654453858733177,-0.08418560028076172
-2.6437759399414062,-1.861262321472168
-2.097940444946289,2.4067163467407227
2.7411580085754395,0.41468139737844467
3.6134719848632812,1.473546028137207
2.8535962104797363,1.2207508087158203
4.60134744644165,-1.6001105308532715
4.141330718994141,1.9521713256835938
4.323756694793701,3.0453085899353027
5.562019348144531,0.045204199850559235
2.606964111328125,-0.3134011849761009
0.8274555206298828,0.1420378964394331
0.43298009783029556,0.3026128001511097
-0.5154966935515404,-1.3297677040100098
-1.6633152961730957,-1.2888550758361816
-2.9281139373779297,-1.7371416091918945
0.5988479033112526,2.4625182151794434
0.0376940006390214,0.09807350113987923
-3.5511255264282227,1.3303399085998535
-2.664816379547119,-1.8825888633728027
0.03604890080168843,2.0238876342773438
-6.268703937530518,1.9923686981201172
-6.880712509155273,3.9167404174804688
-0.18470289185643196,1.1546968668699265
-1.043558120727539,2.0241856575012207
-6.0753583908081055,1.3201594352722168
1.5414953231811523,-1.1985421180725098
1.0694503784179688,1.1197090148925781
-4.445064067840576,0.039231800474226475
-1.669609546661377,-1.3056039810180664
2.6961803436279297,-0.5273580923676491
-2.807319164276123,-4.120039939880371
-0.07308720145374537,-4.703021049499512
0.37107471376657486,-5.093419551849365
0.17315149307250977,-6.514406204223633
-0.14802220277488232,-9.643232822418213
1.7041325569152832,-8.823621273040771
-3.5184502601623535,-12.028992176055908
-9.44455862045288,-12.508189678192139
-1.029646396636963,-6.486344337463379
-3.95127534866333,-9.232556819915771
-3.9959311485290527,-9.549462795257568
4.76536750793457,-5.458998680114746
3.5048723220825195,-4.494225978851318
-2.9983997344970703,3.3989429473876953
1.7779111862182617,3.908383846282959
4.133915901184082,2.437138557434082
1.7577171325683594,6.651449203491211
7.798957824707031,8.470141887664795
12.07050085067749,9.676647186279297
4.977905750274658,10.536420345306396
2.6954174041748047,11.512458324432373
1.9777417182922363,10.701072216033936
0.558173693716526,12.639236450195312
3.242921829223633,16.23162031173706
5.2137017250061035,11.11842393875122
3.1151533126831055,5.380797386169434
0.6903647631406784,4.228246212005615
-5.430853366851807,0.8422136306762695
-2.8571128845214844,2.745962142944336
-4.885232448577881,0.37529468536376953
-3.696107864379883,-4.097592830657959
5.739307403564453,-7.411956787109375
5.057227611541748,-10.091185569763184
-3.4413933753967285,-9.777987003326416
-1.3029098510742188,-8.501183986663818
-0.43468479067087173,-6.402754783630371
-4.869699478149414,-9.99830961227417
-1.418912410736084,-8.01396369934082
5.8289408683776855,-5.082952976226807
0.5044699087738991,-1.8100380897521973
-2.075982093811035,0.31933780759572983
-2.5676608085632324,2.486395835876465
-2.0729541778564453,0.48840049654245377
-4.264390468597412,6.425869464874268
-2.0256876945495605,8.252906799316406
2.5279641151428223,9.631919860839844
5.143272876739502,9.579145908355713
0.6289243698120117,4.94844913482666
1.7936110496520996,6.443071365356445
3.4578919410705566,10.962224006652832
5.25435209274292,10.958659648895264
3.212881088256836,9.85807180404663
7.085609436035156,4.7188639640808105
10.723519325256348,0.46994689851999283
7.8029632568359375,1.9379734992980957
2.725052833557129,2.1425604820251465
6.67567253112793,2.0312070846557617
4.3876051902771,-0.7295011729001999
-4.22433614730835,-6.8643927574157715
-1.953268051147461,-6.9493889808654785
1.387166976928711,-8.690845966339111
-1.2275934219360352,-8.908450603485107
-6.286299228668213,-7.368302345275879
-0.5470991134643555,-6.027519702911377
-3.623378276824951,-6.002819538116455
-9.6518874168396,-2.908456325531006
-7.740604877471924,-0.48412080854177475
-2.6877880096435547,-0.3615856170654297
-2.839374542236328,-1.9530296325683594
-4.610681533813477,-3.1574606895446777
-1.6192078590393066,-2.637660503387451
-4.024457931518555,2.370285987854004
-6.564843654632568,0.4671454057097435
-4.609286785125732,2.1080374717712402
-3.4966349601745605,1.6605734825134277
-0.07036920171231031,0.9090781211853027
-0.020480200182646513,4.760110378265381
2.486145496368408,1.6284465789794922
0.5432010069489479,3.466796875
2.256500720977783,1.5859365463256836
2.6786088943481445,-2.2064805030822754
0.5083560943603516,3.3384203910827637
5.816340446472168,1.626908779144287
7.064855098724365,-1.9942760467529297
5.012834072113037,-1.389932632446289
6.3498616218566895,-3.348863124847412
6.643617153167725,-2.0545005798339844
2.4630188941955566,2.5756478309631348
-1.335752010345459,-1.9171714782714844
-2.601611614227295,-4.247283935546875
-1.4490008354187012,-2.7491331100463867
-8.701682090759277,-6.569337844848633
-2.7533650398254395,-8.012306690216064
-3.6478161811828613,-5.3589701652526855
-7.320916652679443,-7.7285051345825195
-5.04765510559082,-6.205427646636963
-5.512964725494385,-4.403078556060791
-10.210120677947998,-6.190085411071777
-4.34945821762085,-6.2023162841796875
-3.1525492668151855,0.6039499863982201
-8.0186128616333,1.3208746910095215
0.618290901184082,4.837751388549805
5.353152751922607,5.8266520500183105
-0.6589174270629883,5.394017696380615
3.222525119781494,5.618882179260254
12.947404384613037,8.18260908126831
1.8993616104125977,5.309844017028809
-3.2120823860168457,5.663394927978516
7.192504405975342,9.019875526428223
10.220086574554443,8.973991870880127
0.5286335945129395,4.4263482093811035
7.019329071044922,4.14804220199585
10.065245628356934,0.49175020307302475
-1.6127347946166992,-1.9269585609436035
-10.660791397094727,0.11688469909131527
1.6803383827209473,-2.017688751220703
4.618930816650391,-5.469310283660889
-9.84961986541748,-5.3955793380737305
-2.393805980682373,-4.663443565368652
6.586146354675293,-7.624971866607666
-4.537498950958252,-6.5329909324646
-12.183797359466553,-8.330047130584717
6.045997142791748,-6.079161167144775
1.3722777366638184,1.3600826263427734
-3.3034920692443848,-3.4525275230407715
3.033781051635742,-2.9264450073242188
9.038066864013672,-1.126420497894287
-3.857910633087158,-2.2728562355041504
-0.36258701235055923,6.214344501495361
4.9643874168396,6.201469898223877
-2.8779149055480957,3.8768410682678223
-4.870331287384033,2.569460868835449
1.6190648078918457,3.432023525238037
5.171847343444824,-0.10330679826438427
-6.376028060913086,3.2055258750915527
-5.623650550842285,-3.406858444213867
-2.266860008239746,-0.9914637356996536
-4.530143737792969,-2.478969097137451
-2.756941318511963,-5.5235981941223145
2.4742841720581055,-2.372860908508301
8.0519437789917,-3.2238364219665527
-0.8940696716308594,-0.5062102898955345
-3.0337095260620117,-2.2974133491516113
2.8375983238220215,-2.0014286041259766
1.6319036483764648,0.3861546888947487
0.5333780869841576,4.203855991363525
4.537832736968994,7.043004035949707
8.738303184509277,5.826020240783691
0.3743172064423561,3.828299045562744
1.2158750742673874,5.653500556945801
-0.3260612115263939,8.951377868652344
3.112185001373291,6.330418586730957
-3.0080676078796387,6.207263469696045
0.6557344645261765,2.773010730743408
-2.90679931640625,3.7395238876342773
0.7433295249938965,2.976977825164795
1.6770720481872559,1.5629172325134277
-0.21480320021510124,-2.7789711952209473
-3.403937816619873,-0.7693886756896973
4.427087306976318,-0.4562973976135254
5.086326599121094,-1.0876893997192383
2.0386695861816406,-0.40146108716726303
4.944360256195068,-2.0933032035827637
11.120212078094482,-1.0619164258241653
6.439197063446045,2.4567604064941406
2.322983741760254,-1.356828212738037
2.3085594177246094,5.3192973136901855
0.5584239959716797,7.136964797973633
-4.671800136566162,3.629732131958008
-3.339254856109619,4.177367687225342
-3.7441372871398926,0.8894801139831543
-2.3887157440185547,2.840590476989746
-3.7743091583251953,4.778790473937988
-7.643187046051025,3.5048961639404297
-7.245814800262451,3.6053895950317383
-4.565167427062988,-0.7886887341737747
-7.012414932250977,1.7546415328979492
-1.6405940055847168,1.7581701278686523
3.6529064178466797,3.173708915710449
-2.4367570877075195,1.7367959022521973
-2.828490734100342,0.6270766258239746
0.32852891832590103,2.5731325149536133
2.8928756713867188,1.8989205360412598
4.808139801025391,0.7662773132324219
3.238034248352051,5.681180953979492
2.6880383491516113,2.520751953125
2.339625358581543,1.7007827758789062
-1.4827847480773926,-1.116180419921875
-1.8183588981628418,-0.16764400526881218
4.877328872680664,-1.9208788871765137
1.2072443962097168,-1.5953660011291504
-4.221677780151367,-4.665899276733398
-3.082895278930664,-4.880738258361816
-5.7762861251831055,-7.100915908813477
-6.722354888916016,-4.785323143005371
-1.7000436782836914,-6.755566596984863
1.3569951057434082,-5.230808258056641
1.5346527099609375,-4.1519999504089355
1.6224265098571777,-5.933010578155518
-5.733954906463623,-2.8171777725219727
-9.335744380950928,-2.3551344871520996
-3.7795305252075195,-0.7527350634336472
-0.7382035255432129,1.737380027770996
-0.5801678076386452,-0.5958079919219017
8.497416973114014,-0.9712933748960495
9.042179584503174,0.9620547294616699
-1.6138076782226562,3.7913084030151367
-3.2098770141601562,5.4694294929504395
2.4522781372070312,0.7385849952697754
-0.7019876688718796,-1.0555744171142578
0.7829070091247559,-1.9042611122131348
11.153042316436768,-1.213991567492485
14.008009433746338,1.239776611328125
2.786695957183838,-2.7801871299743652
2.787494659423828,-4.437553882598877
3.1984925270080566,-5.555891990661621
-0.20384790375828743,-5.623388290405273
-5.235385894775391,-2.3877382278442383
-3.449392318725586,-1.3903617858886719
-1.0746479034423828,3.1110763549804688
-8.130741119384766,0.22794010117650032
-10.630214214324951,-0.09366270154714584
-1.7832040786743164,1.6913890838623047
-5.649697780609131,4.248571395874023
-7.82238245010376,5.127763748168945
-0.535428486764431,4.5868754386901855
-0.7981538772583008,2.3361682891845703
-6.085062026977539,-1.654350757598877
-2.9628396034240723,1.2761592864990234
4.1838765144348145,3.4115076065063477
2.994358539581299,-0.02772809937596321
4.034554958343506,-5.686700344085693
8.571219444274902,-8.325684070587158
3.424537181854248,-7.023477554321289
1.4510035514831543,-6.372129917144775
1.5042424201965332,-5.345559120178223
1.7604708671569824,-6.324446201324463
3.347647190093994,-9.395861625671387
3.3730506896972656,-8.102071285247803
1.6368627548217773,-10.060286521911621
-4.158282279968262,-8.090817928314209
-12.028646469116211,-8.311033248901367
-17.342853546142578,-4.234766960144043
-11.152482032775879,-2.865874767303467
-9.806859493255615,-0.28300290927290916
-6.994295120239258,1.3092637062072754
-3.6254286766052246,4.598605632781982
-0.02504589967429638,7.221329212188721
-3.7784695625305176,7.980668544769287
-4.729580879211426,8.024656772613525
3.091287612915039,11.951768398284912
8.808302879333496,13.277757167816162
11.572659015655518,11.445248126983643
13.36829662322998,10.811614990234375
10.323846340179443,9.149301052093506
5.784046649932861,8.136022090911865
3.237736225128174,9.624457359313965
6.602990627288818,11.58437728881836
8.748579025268555,2.6153922080993652
5.431842803955078,1.262831687927246
4.2649149894714355,-2.2608160972595215
1.3765573501586914,0.11668209917843342
-7.781219482421875,1.4377832412719727
-3.1473278999328613,-1.520836353302002
-3.774130344390869,-6.1986565589904785
-4.173290729522705,-4.790735244750977
-1.2578606605529785,-7.894003391265869
3.220248222351074,-6.853747367858887
-6.2544941902160645,-3.4293413162231445
-5.889880657196045,-3.9464831352233887
-2.536022663116455,-2.424800395965576
-3.5197019577026367,-2.939295768737793
-5.969846248626709,-2.4133920669555664
1.6185283660888672,1.456010341644287
-1.4154791831970215,5.900132656097412
-7.255220413208008,2.0098209381103516
-4.127049446105957,6.329154968261719
1.1043906211853027,2.9361724853515625
-1.5426039695739746,5.592739582061768
0.12295249849557877,7.244300842285156
4.612624645233154,5.5731892585754395
-1.0095000267028809,6.715178489685059
0.800633430480957,3.8399338722229004
5.6220293045043945,1.6322970390319824
11.852777004241943,3.5342812538146973
13.913440704345703,5.376946926116943
9.61240530014038,4.348993301391602
4.350292682647705,0.8905292302370071
1.4950037002563477,1.581883430480957
-0.040495400317013264,-1.9692301750183105
2.903258800506592,-3.91843318939209
6.26375675201416,-0.6158829107880592
4.634714126586914,-2.842700481414795
-0.39767030626535416,-6.064212322235107
-3.375411033630371,-6.738531589508057
-9.326159954071045,-7.040190696716309
-9.052228927612305,-6.005251407623291
-4.076564311981201,-2.5593042373657227
-2.058076858520508,-4.699254035949707
-2.831852436065674,-5.3133368492126465
0.6287097930908203,-7.069540023803711
-1.0701894760131836,-4.525315761566162
-5.066585540771484,-2.4658918380737305
-1.7570734024047852,-1.7039895057678223
1.5704631805419922,-3.028440475463867
1.624894142150879,-8.123910427093506
2.8972625732421875,-4.485225677490234
3.43472957611084,-3.352987766265869
1.6799330711364746,-0.16633270308375359
-1.3837456703186035,4.023003578186035
1.1443734169006348,-2.513253688812256
2.1175622940063477,-0.45434240251779556
-0.7902740687131882,0.3882050886750221
-3.2115697860717773,4.793596267700195
-3.4553050994873047,6.5993428230285645
-4.580140113830566,10.170376300811768
-2.7671098709106445,3.3290982246398926
2.5917768478393555,1.1198639869689941
2.319514751434326,4.84774112701416
-1.9856572151184082,6.1663031578063965
-0.39228200912475586,7.7822089195251465
-4.962217807769775,5.544900894165039
-5.083358287811279,-1.9990324974060059
0.06488559767603874,-1.2881159782409668
0.07877349853515625,-4.2682647705078125
-1.4305591583251953,-6.039571762084961
-4.058694839477539,-4.67829704284668
-10.101878643035889,-9.308552742004395
-7.9087138175964355,-9.405350685119629
-1.3497710227966309,-7.418680191040039
0.5853056907653809,-9.651589393615723
3.310394287109375,-9.675335884094238
5.8197736740112305,-7.476294040679932
2.2684335708618164,-8.899462223052979
-1.6627192497253418,-7.471013069152832
0.004112700116820633,-0.09546279907226562
-1.4631867408752441,3.567051887512207
3.235924243927002,5.558454990386963
6.666195392608643,7.980406284332275
1.2354136258363724,5.243480205535889
3.324294090270996,7.5844407081604
-1.6934752464294434,10.649800300598145
-6.270229816436768,9.393680095672607
-7.51652717590332,10.884284973144531
0.30932430177927017,6.972157955169678
0.32216310501098633,4.561471939086914
1.9023776054382324,4.207968711853027
5.588841438293457,0.19216539338231087
0.15949010848999023,-2.3572683334350586
-7.675266265869141,-4.9234747886657715
-3.319859504699707,-2.7425765991210938
-0.41424039751291275,-4.341137409210205
-0.016272099455818534,-5.933499336242676
2.0825982093811035,-5.835247039794922
2.647984027862549,-8.203566074371338
0.9508491307497025,-7.771658897399902
1.0889769345521927,-4.4727325439453125
1.7457246780395508,-5.133330821990967
6.1492919921875,-2.1962761878967285
6.866621971130371,-1.318502426147461
5.014955997467041,-1.326596736907959
-1.1593223363161087,0.4129767045378685
-0.5963563919067383,2.2945046424865723
0.04109140019863844,2.6168465614318848
-3.6925196647644043,7.384884357452393
-3.631269931793213,7.24712610244751
-1.1153578758239746,5.612361431121826
-5.976343154907227,3.804922103881836
-9.58108901977539,2.3448586463928223
-8.874928951263428,-0.36605600267648697
-3.3448219299316406,1.9079208374023438
-6.853389739990234,-0.4319429025053978
-3.5872697830200195,-3.8426637649536133
4.935610294342041,1.3306140899658203
1.8899202346801758,-4.771757125854492
-0.5985736846923828,-4.2906999588012695
3.2601237297058105,1.6247749328613281
3.62471342086792,-1.714026927947998
2.1411538124084473,1.4090657234191895
4.728257656097412,3.4824371337890625
10.702598094940186,0.8657217025756836
10.19442081451416,6.253719329833984
8.314836025238037,5.398201942443848
9.866476058959961,5.133175849914551
8.158791065216064,4.8241376876831055
2.981126308441162,4.217672348022461
3.0457019805908203,0.6787419319152832
-2.275395393371582,3.8841724395751953
-3.7421464920043945,4.930412769317627
-2.9757142066955566,0.24847980588674545
-5.8654069900512695,0.4574776068329811
-9.87166166305542,-0.9821057319641113
-4.272890090942383,-2.620410919189453
-3.912055492401123,-2.5615692138671875
-8.766913414001465,-3.2090187072753906
-0.5298018082976341,-2.212989330291748
2.9792308807373047,-1.5509724617004395
2.3758411407470703,-0.9383081644773483
5.313539505004883,0.8524178713560104
8.351349830627441,-1.6380071640014648
7.2853684425354,3.144395351409912
4.105782508850098,2.4235010147094727
4.3213725090026855,3.9252758026123047
6.066715717315674,6.200647354125977
7.505619525909424,4.068624973297119
5.190277099609375,5.429112911224365
5.471456050872803,5.81974983215332
1.572275161743164,4.385018348693848
-2.8708934783935547,2.4287939071655273
-7.951164245605469,1.7669081687927246
-6.560373306274414,-1.3290762901306152
-3.6405086517333984,-3.0112266540527344
-2.5493502616882324,-0.4359126091003418
-4.99119758605957,-3.27603816986084
-4.183924198150635,-0.37212371826171875
-9.128165245056152,-2.520012855529785
-11.056804656982422,-4.530501365661621
-7.70411491394043,-1.485896110534668
-1.9416570663452148,-0.21642450243234634
3.1735658645629883,-0.4700065031647682
2.0182132720947266,3.8009285926818848
0.5082964897155762,0.6017684936523438
1.4085769653320312,-1.1066675186157227
-3.519558906555176,0.5099296942353249
-1.5246987342834473,1.9811511039733887
5.608475208282471,1.0110855102539062
8.67455005645752,3.332400321960449
3.4808993339538574,-1.6719818115234375
3.175973892211914,-3.292715549468994
0.8420705795288086,-0.4584074020385742
-6.5245747566223145,-4.36403751373291
-2.3700714111328125,-3.148019313812256
2.1358728408813477,-1.3016343116760254
1.5058159828186035,-4.953861236572266
2.455747127532959,-2.093064785003662
-1.3865947723388672,-1.2748241424560547
-7.850301265716553,0.03455880098044872
-9.49699878692627,0.9821057319641113
-4.051244258880615,-0.4646896943449974
-2.440810203552246,0.19146200269460678
3.1388401985168457,-1.6458392143249512
4.26102876663208,4.329848289489746
2.42692232131958,1.1043071746826172
-2.64662504196167,1.1762738227844238
-6.421637535095215,-0.10013580322265625
-2.673494815826416,-0.2961396984755993
3.397250175476074,-0.002396100026089698
5.092120170593262,1.2161850929260254
7.9087138175964355,-1.454484462738037
10.245394706726074,-1.9653081893920898
-0.19689800217747688,-2.1486520767211914
-4.654788970947266,-5.204832553863525
-1.99049711227417,-3.125631809234619
-1.3942837715148926,-2.7480244636535645
-2.35062837600708,-3.6156177520751953
3.3754706382751465,-1.318657398223877
2.2214174270629883,0.015819099498912692
-2.771282196044922,-1.1010289192199707
-5.9252142906188965,2.961397171020508
-5.312943458557129,3.697383403778076
-1.3562679290771484,4.452621936798096
-1.7620563507080078,3.161942958831787
-2.2362709045410156,3.2832980155944824
3.0039310455322266,2.321898937225342
-1.146554872393608,5.1100969314575195
-5.257809162139893,0.41332241147756577
-0.6003617867827415,-2.7580618858337402
1.6666173934936523,-1.4822840690612793
0.08326769806444645,-2.2728800773620605
1.978623867034912,-2.444922924041748
2.433323860168457,-1.9775390625
-1.2829303741455078,-6.985747814178467
-2.474033832550049,-9.429550170898438
1.1165857315063477,-7.301807403564453
-1.0740994662046432,-8.420395851135254
-0.3451346978545189,-9.749257564544678
-1.9504308700561523,-6.90157413482666
-7.080578804016113,-10.983240604400635
-6.999659538269043,-9.573733806610107
-1.7638444900512695,-8.088362216949463
-2.902054786682129,-6.4070940017700195
-2.1820425987243652,-1.3584494590759277
4.728424549102783,0.12112859636545181
-0.05856750067323446,2.98386812210083
-2.469503879547119,4.150521755218506
2.7811050415039062,11.818289756774902
7.172155380249023,10.439574718475342
10.316336154937744,10.60723066329956
6.6245436668396,9.053170680999756
6.933319568634033,6.547176837921143
1.735854148864746,11.123156547546387
-2.960216999053955,9.99143123626709
2.820706367492676,7.871818542480469
6.14161491394043,5.929088592529297
5.381190776824951,2.540862560272217
7.396197319030762,1.3931632041931152
-0.42569641023874283,0.8071184158325195
-8.62741470336914,-1.495528221130371
-10.871148109436035,-2.3056745529174805
-4.068291187286377,-3.959929943084717
-3.4333348274230957,-5.381476879119873
3.618645668029785,-5.70913553237915
5.734121799468994,-7.527720928192139
-2.698087692260742,-5.242633819580078
-5.179786682128906,-4.0772199630737305
-2.167999744415283,-5.612421035766602
-2.850008010864258,-2.9875636100769043
1.4432787895202637,-0.11829139664769173
9.864437580108643,1.004481315612793
5.109167098999023,2.022862434387207
-3.000926971435547,-0.49167871475219727
-5.856192111968994,2.5401830673217773
-2.528822422027588,5.575954914093018
0.44193271547555923,6.413769721984863
2.8342485427856445,6.4168572425842285
6.379914283752441,0.6755589693784714
2.1323442459106445,4.128444194793701
-4.90109920501709,0.5254507064819336
-7.267463207244873,5.739164352416992
-6.986033916473389,6.051850318908691
-1.767730712890625,1.1698603630065918
6.83598518371582,0.9098529815673828
11.119723320007324,0.9022592753171921
9.971296787261963,-0.20177360624074936
4.844570159912109,1.1823534965515137
1.97601318359375,-1.192164421081543
-4.591310024261475,-3.2746315002441406
-0.6527066230773926,-5.6142449378967285
6.142210960388184,-0.34236911684274673
4.4623613357543945,-3.0058741569519043
5.186116695404053,-2.4006009101867676
4.754853248596191,-4.510927200317383
-0.47959089279174805,-9.711623191833496
-5.69920539855957,-5.84869384765625
1.23213529586792,-1.9708633422851562
0.4790306091308594,-0.49085620790719986
-2.682673931121826,3.9747238159179688
-1.308751106262207,-1.9518852233886719
-0.7806897163391113,-2.3139476776123047
-8.128488063812256,-3.0147552490234375
-7.381570339202881,-0.6069659814238548
-2.222585678100586,1.9460439682006836
-4.056739807128906,-1.473069190979004
-7.014644145965576,-5.448448657989502
-0.4595636948943138,-4.0177106857299805
1.0237455368041992,-5.447697639465332
-5.17655611038208,-1.636052131652832
0.9659647941589355,-2.2463560104370117
6.0193657875061035,-2.865755558013916
-3.4327149391174316,-2.7578353881835938
0.4584312066435814,-2.9297351837158203
6.635034084320068,-0.6427884101867676
-1.2925505638122559,2.421140670776367
-2.3198723793029785,1.1651039123535156
7.678341865539551,2.1544337272644043
2.945864200592041,2.0721793174743652
0.5701065063476562,4.659855365753174
4.536592960357666,7.371461391448975
3.4030556678771973,7.223939895629883
-2.871572971343994,4.835045337677002
1.2644290924072266,2.450680732727051
1.4598369598388672,2.906310558319092
-2.2152185440063477,-0.4018307104706764
-2.8861045837402344,-0.731348991394043
-3.201436996459961,-5.844831466674805
-9.464001655578613,-10.062599182128906
-6.252467632293701,-7.987105846405029
-2.996182441711426,-15.624868869781494
-5.342388153076172,-12.59220838546753
-12.949442863464355,-5.30160665512085
-8.951723575592041,-8.448314666748047
-4.257059097290039,-2.5157809257507324
-9.477102756500244,-0.9938597679138184
3.721761703491211,-1.679539680480957
10.161781311035156,5.370962619781494
9.274983406066895,8.695518970489502
0.2005458064377308,5.76401948928833
3.2657384872436523,12.060809135437012
3.773939609527588,13.341856002807617
6.600666046142578,12.211942672729492
10.400187969207764,11.501562595367432
16.933178901672363,10.300016403198242
11.796057224273682,5.763638019561768
3.1863927841186523,8.860385417938232
-3.8135766983032227,3.300344944000244
3.089272975921631,0.884556770324707
-4.684817790985107,-2.1303176879882812
-4.920303821563721,-4.896795749664307
-1.5100598335266113,-7.800590991973877
0.7284045219421387,-6.8840742111206055
-13.794398307800293,-11.601650714874268
-13.839030265808105,-11.096715927124023
-7.259964942932129,-9.3086838722229
-4.032111167907715,-10.267078876495361
-7.243597507476807,-7.630252838134766
2.136540412902832,-3.5712480545043945
8.071839809417725,-5.303215980529785
1.1530876159667969,1.2811541557312012
-2.8096675872802734,0.8938193321228027
2.345860004425049,2.616405487060547
6.458914279937744,6.112170219421387
0.3852725028991699,9.523165225982666
2.0923495292663574,8.16640853881836
7.591819763183594,11.026835441589355
0.4702448844909668,7.064259052276611
-3.7691116333007812,3.1571388244628906
1.5430092811584473,7.045900821685791
-1.5724658966064453,4.651534557342529
-3.122735023498535,-0.4633783921599388
-1.4860272407531738,-1.2177705764770508
3.2710671424865723,-5.500197410583496
4.671227931976318,-8.314955234527588
5.834853649139404,-4.923117160797119
0.8694171905517578,-5.28569221496582
1.3144969940185547,-4.848742485046387
-2.9328465461730957,-3.18300724029541
-0.3464103117585182,-5.220699310302734
3.5270333290100098,-3.5007357597351074
7.605385780334473,-0.034487200900912285
5.948996543884277,1.8880963325500488
3.300797939300537,3.5741567611694336
-2.7826428413391113,4.364776611328125
-3.8736343383789062,5.763638019561768
-4.312252998352051,4.847085475921631
-5.6945085525512695,10.67497730255127
-1.1554359644651413,8.106207847595215
-1.6772031784057617,4.442238807678223
-5.543327331542969,2.2634387016296387
-3.2130956649780273,2.6610255241394043
0.8433104306459427,2.508068084716797
0.5391836166381836,2.760434150695801
6.882631778717041,-1.665043830871582
6.983816623687744,-5.964863300323486
7.002127170562744,-1.9895315170288086
7.169616222381592,-3.8218021392822266
7.596170902252197,-4.223382472991943
-0.3113866038620472,-1.109170913696289
4.006433486938477,-3.9037466049194336
8.705174922943115,-2.5802135467529297
2.937483787536621,0.6135820969939232
-0.06797309964895248,0.6803035736083984
4.923522472381592,2.207016944885254
-5.637490749359131,1.9864678382873535
-14.309096336364746,1.3920307159423828
-3.9682865142822266,1.024937629699707
-2.8183341026306152,4.528987407684326
-6.856191158294678,1.681077480316162
0.7414103299379349,3.9371371269226074
-1.6925334930419922,2.124488353729248
-5.528366565704346,-2.847611904144287
-7.222175598144531,-0.2694367989897728
-4.409396648406982,3.4418344497680664
2.2207260131835938,2.6654481887817383
5.6949615478515625,2.4616599082946777
-0.2709865942597389,-1.7813563346862793
4.6288251876831055,-0.15825029462575912
4.516088962554932,1.654958724975586
-1.5409231185913086,1.149427890777588
-2.0660877227783203,2.9010415077209473
3.8269996643066406,3.960275650024414
3.30202579498291,0.38906339555978775
2.0219922065734863,-0.23305419832468033
-0.17006399109959602,0.9076952934265137
3.3307671546936035,2.594578266143799
0.20984409376978874,0.9332776069641113
-6.3629150390625,-1.2171506881713867
-3.597140312194824,-3.138113021850586
4.097890853881836,-4.536569118499756
-5.59537410736084,-4.060041904449463
-5.254018306732178,-0.5563139915466309
-1.7862200736999512,1.402747631072998
-6.296491622924805,-2.8771162033081055
-8.13513994216919,-3.331160545349121
1.7895698547363281,-6.697559356689453
2.57798433303833,-3.104543685913086
-0.5456209182739258,1.0293841361999512
3.0785202980041504,-0.3236294165253639
4.6208977699279785,0.8225440979003906
-2.785313129425049,3.1609177589416504
0.2608657069504261,1.6605496406555176
6.380021572113037,2.1867871284484863
7.036435604095459,2.0308494567871094
6.520724296569824,-0.5195856094360352
9.522175788879395,-0.5881429091095924
7.551085948944092,-1.937568187713623
-0.21650789305567741,1.8571019172668457
-0.1119375042617321,1.4742732048034668
-1.511991024017334,1.1471868306398392
3.065180778503418,-5.461478233337402
1.47780179977417,-5.697047710418701
-1.2438058853149414,-5.175685882568359
-2.901887893676758,-1.8398642539978027
-8.72032642364502,0.9142398834228516
-14.56838846206665,2.5778651237487793
-11.622214317321777,1.5798568725585938
-4.106318950653076,-0.7877230644226074
-3.3272266387939453,-2.682018280029297
-5.951297283172607,-0.6957768648862839
-2.895498275756836,0.5180954933166504
-4.627752304077148,-0.003385499876458198
-8.861351013183594,-0.5221248045563698
-4.124045372009277,-2.3225784301757812
7.716035842895508,1.084590032696724
8.48299264907837,-3.078162670135498
6.249737739562988,-6.118655204772949
6.397056579589844,-6.062161922454834
8.083844184875488,-6.576073169708252
0.600123405456543,-6.910228729248047
-1.7038583755493164,-7.563996315002441
6.074166297912598,-9.812545776367188
5.23000955581665,-12.020981311798096
-4.994463920593262,-14.868438243865967
-3.149282932281494,-11.370480060577393
0.6403564661741257,-9.347748756408691
-9.515511989593506,-5.892705917358398
-10.94510555267334,-4.46244478225708
-2.925419807434082,-3.699183464050293
-4.565560817718506,1.7619609832763672
-6.553280353546143,4.733240604400635
0.24210210889577866,4.410815238952637
7.676076889038086,8.115577697753906
4.366445541381836,9.11562442779541
4.118859767913818,12.195384502410889
9.900951385498047,12.955260276794434
5.053722858428955,13.222086429595947
1.7880558967590332,10.233080387115479
6.948554515838623,10.951101779937744
8.989465236663818,12.981057167053223
9.172451496124268,12.337183952331543
4.978489875793457,10.827875137329102
0.33870939165353775,4.400527477264404
-1.209867000579834,3.9548397064208984
-4.008185863494873,1.5805244445800781
-3.6405444145202637,-0.6994842737913132
-0.25401119142770767,-2.669525146484375
3.2117366790771484,-4.295182228088379
-3.7386178970336914,-7.6677680015563965
-4.117345809936523,-9.029209613800049
-3.8917064666748047,-7.889318466186523
-5.610775947570801,-9.53209400177002
-5.055654048919678,-4.3975830078125
2.2853970527648926,-8.119428157806396
-0.7945775985717773,-3.9588093757629395
-6.267654895782471,-2.061021327972412
-1.6044974327087402,-0.7570862770080566
0.11893509887158871,4.095888137817383
-2.579212188720703,5.152034759521484
2.144598960876465,4.731309413909912
5.069327354431152,9.259700775146484
-2.2508859634399414,6.856799125671387
-0.6404638290405273,9.26201343536377
1.8964886665344238,9.166109561920166
1.4165520668029785,8.060061931610107
4.768788814544678,9.143853187561035
11.199617385864258,10.784268379211426
11.239969730377197,7.623910903930664
7.84151554107666,4.847359657287598
3.5916805267333984,2.8643250465393066
5.440413951873779,2.0937204360961914
4.2481303215026855,-0.1212835032492876
3.424072265625,-1.910233497619629
8.341777324676514,-6.59635066986084
4.482698440551758,-7.4703216552734375
-2.4623870849609375,-8.459603786468506
-2.2444844245910645,-9.0132474899292
-6.8454742431640625,-6.062114238739014
-8.777129650115967,-7.155346870422363
-4.2226433753967285,-5.985498428344727
-4.355132579803467,-5.518901348114014
-8.021974563598633,-2.557539939880371
-3.743624687194824,1.381826400756836
-4.75543737411499,0.5665301904082298
-8.527827262878418,1.7259478569030762
-2.7483224868774414,0.7200121879577637
-0.33124689012765884,0.503849983215332
-4.859781265258789,2.7258872985839844
0.6124496087431908,0.2700209990143776
3.586435317993164,-1.6101837158203125
-3.2911300659179688,-0.5661844834685326
-0.041019897907972336,-3.7823915481567383
4.890847206115723,-3.6907315254211426
0.013267999747768044,-3.9669036865234375
2.7813076972961426,-5.8241963386535645
6.649899482727051,-7.820272445678711
2.732551097869873,-5.929732322692871
0.840008333325386,-0.7462620735168457
5.293774604797363,-0.5550026893615723
1.5827178955078125,2.892029285430908
3.4503579139709473,-2.5991201400756836
3.365778923034668,-0.38835998624563217
2.044951915740967,2.3818016052246094
-0.046646599657833576,4.269611835479736
-0.8712291717529297,4.649627208709717
-4.939448833465576,3.24862003326416
-6.504058837890625,1.2165545672178268
-3.9723753929138184,-0.12465720064938068
-4.702794551849365,-0.7847070693969727
-6.3506245613098145,-3.0139803886413574
-1.3434529304504395,-3.0631661415100098
-3.2929182052612305,-8.47400426864624
-7.922244071960449,-6.071627140045166
-10.00983715057373,-11.1977219581604
-4.713916778564453,-6.651854515075684
-12.775659561157227,-6.930053234100342
-8.53273868560791,-3.906559944152832
5.542159080505371,-1.5984773635864258
4.265129566192627,-0.7504463195800781
2.803027629852295,2.617776393890381
9.480619430541992,6.452274322509766
4.460787773132324,8.856284618377686
-0.8931993693113327,10.506582260131836
4.33429479598999,10.296428203582764
7.452046871185303,13.735580444335938
9.65803861618042,11.612939834594727
11.89812421798706,7.295334339141846
5.140852928161621,6.644594669342041
2.28421688079834,2.0431160926818848
-2.1529197692871094,6.551671028137207
-6.631660461425781,1.343536376953125
-0.9642242640256882,-1.8322110176086426
1.9109487533569336,-5.23604154586792
-3.187739849090576,-5.166411399841309
-0.9573698043823242,-5.01401424407959
-1.9852876663208008,-4.694652557373047
-10.430622100830078,-6.917202472686768
-6.058013439178467,-9.194982051849365
-3.8393020629882812,-7.07927942276001
-2.800309658050537,-2.784240245819092
5.072391033172607,-4.973697662353516
4.0093183517456055,-0.7154346257448196
1.8152952194213867,-2.6850223541259766
4.008340835571289,0.5118488892912865
1.4241814613342285,3.8227081298828125
-1.0224462300539017,0.4141091927886009
5.805492401123047,3.224062919616699
2.364528179168701,2.0787954330444336
3.143608570098877,-1.1978864669799805
2.7692317962646484,1.96380615234375
-4.957246780395508,1.0056853294372559
-7.080495357513428,2.846074104309082
-3.56065034866333,4.220747947692871
-0.7541537284851074,-4.585301876068115
-6.051468849182129,-5.3447723388671875
-0.34711360931396484,-2.9425978660583496
-1.1087536811828613,-0.5251049995422363
-6.709599494934082,1.4246821403503418
-6.546962261199951,1.1340857297182083
0.4652738943696022,-4.379940032958984
2.487194538116455,-0.8960127830505371
5.449521541595459,2.689039707183838
9.11484956741333,4.247736930847168
7.691383361816406,8.11997652053833
0.7271050661802292,4.834282398223877
3.1439900398254395,3.3779382705688477
3.2979369163513184,6.098568439483643
3.641998767852783,5.479681491851807
5.543088912963867,7.910513877868652
6.181001663208008,3.6490559577941895
0.31239990144968033,4.37849760055542
-0.24363990873098373,-0.3744959831237793
3.8326501846313477,-0.25278329849243164
-1.1670947074890137,0.529169999063015
2.745950222015381,-0.5665301904082298
6.797397136688232,-1.0479093343019485
2.349996566772461,-4.435861110687256
-2.4869799613952637,-5.092668533325195
1.426553726196289,-4.185605049133301
-0.3046870045363903,-2.0567893981933594
-1.841115951538086,-0.5921363830566406
-0.7211803644895554,0.8841753005981445
0.9654402732849121,-1.6611337661743164
0.4908442124724388,-0.5172849074006081
-1.1338114738464355,1.6761541366577148
0.7202982902526855,1.9957184791564941
0.30231479555368423,6.043422222137451
-3.581249713897705,5.605423450469971
-6.289267539978027,4.643702507019043
-3.829038143157959,4.444026947021484
-2.453124523162842,6.683158874511719
-3.453350067138672,5.888986587524414
2.3237228393554688,8.70438814163208
3.2916903495788574,7.134997844696045
-1.6611814498901367,1.7351508140563965
1.569974422454834,5.724012851715088
0.607597790658474,3.4000515937805176
0.8955836296081543,3.2083868980407715
0.974583625793457,5.360615253448486
2.351653575897217,-0.18860099837183952
3.881347179412842,-0.5173802003264427
-1.3368964195251465,0.019681500270962715
-2.758312225341797,-4.572033882141113
-0.610971488058567,-2.4403810501098633
-4.027259349822998,-3.425312042236328
-5.781316757202148,-6.263160705566406
-0.2492666058242321,-6.782102584838867
-0.05846019834280014,-5.4862260818481445
-3.430795669555664,-6.306850910186768
-1.757657527923584,-3.938889503479004
1.6823291778564453,-4.298281669616699
-3.2500267028808594,-8.462369441986084
-1.9459843635559082,-3.1675338745117188
2.4480462074279785,-3.3632516860961914
3.826320171356201,-1.132059097290039
-4.762458801269531,-0.410616397857666
-3.0721068382263184,-1.3025283813476562
0.5253314971923828,1.3642430305480957
-0.4196048155426979,1.71661376953125
-0.19701719284057617,0.6659626960754395
5.820322036743164,3.304576873779297
3.372824192047119,1.3997077941894531
-3.268444538116455,0.04429819993674755
-2.9085874557495117,0.5402088165283203
-2.4500250816345215,1.845550537109375
-0.6067394837737083,3.7395715713500977
3.821992874145508,4.258358478546143
7.103216648101807,0.10154250077903271
8.690738677978516,-2.6870250701904297
5.029821395874023,-4.306912422180176
-1.1998534202575684,-4.094254970550537
-1.9622206687927246,1.8820762634277344
-3.726339340209961,1.1210321635007858
-3.0132412910461426,-2.429211139678955
-0.6082415953278542,-3.1159043312072754
2.327585220336914,-3.5860538482666016
-0.36628250032663345,-1.514744758605957
-0.9209156036376953,3.2376527786254883
-6.847047805786133,0.9996414184570312
-9.1011643409729,1.730942726135254
-3.7715554237365723,1.741468906402588
-2.3442864418029785,-1.8506169319152832
-3.8408756256103516,3.3594608306884766
-0.36644939333200455,3.262937068939209
3.1989216804504395,0.07078649941831827
-4.888343811035156,-2.020847797393799
-3.3573389053344727,-5.6734442710876465
2.2942304611206055,-1.0447502136230469
3.1018495559692383,-0.8129478245973587
5.941176414489746,-2.3047447204589844
7.919979095458984,-5.3035736083984375
5.700218677520752,-8.238708972930908
3.4124016761779785,-7.306694984436035
-2.0929336547851562,-4.973816871643066
-8.942508697509766,-3.2605409622192383
-5.390334129333496,-5.813419818878174
-4.377007484436035,-9.96861457824707
-12.255418300628662,-11.289560794830322
-3.365182876586914,-7.844138145446777
0.07667540106922388,-1.9701004028320312
-10.798728466033936,-1.4717459678649902
-7.8302741050720215,-2.5471925735473633
-3.352367877960205,-0.8764147758483887
-8.106350898742676,0.2015947923064232
-1.7026901245117188,5.903124809265137
6.6977620124816895,9.736454486846924
10.68274974822998,9.286296367645264
5.535078048706055,8.549880981445312
6.640219688415527,10.141956806182861
9.36267375946045,7.612824440002441
7.740890979766846,11.71039342880249
8.442842960357666,6.849837303161621
15.885281562805176,6.483983993530273
11.511731147766113,7.97421932220459
6.774401664733887,4.661989212036133
2.4100184440612793,3.193485736846924
-1.7286062240600586,-0.25800470262765884
-6.531667709350586,2.2947311401367188
2.040374279022217,-2.2009968757629395
0.8257626742124557,-1.9882798194885254
-6.268095970153809,-3.6478519439697266
-0.48754218965768814,-8.54339599609375
-4.0572285652160645,-4.921936988830566
-14.922094345092773,-7.547950744628906
-4.133868217468262,-7.025599479675293
-0.9549140930175781,-0.9889007359743118
-6.1835408210754395,-5.678820610046387
-2.723264694213867,-1.907956600189209
-1.9657373428344727,-4.035663604736328
-7.058203220367432,-1.3824105262756348
-8.224880695343018,5.5503129959106445
-0.06797309964895248,9.361553192138672
8.234632015228271,7.271337509155273
2.4631142616271973,7.511341571807861
-1.4673113822937012,5.978727340698242
2.8095245361328125,7.509791851043701
-0.9961962699890137,7.313323020935059
-4.960119724273682,10.263478755950928
3.8538575172424316,6.5294623374938965
14.992451667785645,5.33677339553833
11.835181713104248,5.055832862854004
10.118472576141357,0.15554429963231087
6.252861022949219,2.922642230987549
2.892184257507324,1.6028642654418945
1.0749459266662598,-0.8146048337221146
-0.8661627769470215,-3.1908392906188965
3.3076047897338867,-3.6851882934570312
6.0842156410217285,-4.650676250457764
-4.777419567108154,-5.108857154846191
-4.527771472930908,-5.537092685699463
-2.9930591583251953,-2.000141143798828
-7.44394063949585,-5.972850322723389
-4.638111591339111,-6.2630295753479
0.5163193121552467,-2.399933338165283
0.6371737271547318,-2.8665661811828613
-1.2162209302186966,-1.069486066699028
-3.8365840911865234,0.19322630017995834
-3.097045421600342,-0.8203268051147461
-3.998231887817383,-0.5119204893708229
-0.5520344153046608,-3.865194320678711
-0.40159229189157486,-1.305544376373291
4.014289379119873,-0.5144596099853516
4.634249210357666,-2.014458179473877
0.5921841040253639,-4.286313056945801
-0.023353099822998047,-4.956948757171631
-1.2433289736509323,-3.1908750534057617
-1.8845677375793457,-3.739285469055176
-2.1042943000793457,-5.038201808929443
-3.49729061126709,-3.3820271492004395
-1.5844225883483887,-2.4577736854553223
-1.084590032696724,0.8586884289979935
-6.20192289352417,3.6721348762512207
-1.1213182657957077,5.076479911804199
-0.45708421617746353,9.271764755249023
-1.9660353660583496,4.178452491760254
-0.44001340866088867,7.918894290924072
0.3040909953415394,7.037055492401123
0.2521396055817604,6.910467147827148
-0.5747557058930397,8.37785005569458
-0.8479834347963333,4.556512832641602
2.234053611755371,-1.579725742340088
2.757596969604492,-2.194547653198242
-3.9265990257263184,-6.592512130737305
-3.1052589416503906,-3.267943859100342
-1.1166095733642578,-8.924496173858643
-7.675600051879883,-13.08443546295166
-8.735215663909912,-18.34193468093872
-6.144917011260986,-9.117770195007324
-6.839609146118164,-9.538125991821289
-2.1514296531677246,-5.721414089202881
-2.6978611946105957,-8.70349407196045
-0.7005094736814499,-3.7714362144470215
3.2433390617370605,-1.0848522186279297
6.109011173248291,6.366872787475586
0.36917921155691147,5.515587329864502
4.998171329498291,13.593602180480957
11.696958541870117,13.682413101196289
9.009218215942383,10.379576683044434
7.171022891998291,13.040876388549805
12.907302379608154,13.228762149810791
2.707815170288086,8.596980571746826
-3.0991315841674805,9.904658794403076
1.0225892066955566,6.032466888427734
3.9493203163146973,4.16949987411499
-0.22009609267115593,-1.2507319450378418
-4.5009613037109375,-2.195858955383301
-3.5436272621154785,-7.140350341796875
-5.6754231452941895,-8.833420276641846
-13.840675354003906,-9.45051908493042
-6.968379020690918,-10.146939754486084
-0.022208699956536293,-9.820902347564697
-0.7791758328676224,-8.358347415924072
-4.1397809982299805,-11.11907958984375
0.4803657904267311,-6.3559889793396
2.4138569831848145,-3.2849907875061035
-0.9087085723876953,-0.5451083183288574
-0.2987862005829811,1.158595085144043
3.1955480575561523,2.5867104530334473
5.202460289001465,5.143320560455322
-0.37344690412282944,6.473398208618164
-0.24950500577688217,6.718850135803223
5.149900913238525,5.79066276550293
1.3567805290222168,4.201459884643555
-7.317304611206055,6.747162342071533
-2.6541829109191895,3.539001941680908
-0.45813318341970444,-1.0755538940429688
-6.507384777069092,0.03438000101596117
-3.4151554107666016,-3.3751487731933594
4.655218124389648,-4.742777347564697
0.9405971318483353,-0.17763379961252213
-2.8543472290039062,-4.65388298034668
1.379990577697754,-1.871931552886963
1.1440516263246536,-3.478574752807617
3.1180500984191895,-3.3459901809692383
7.50502347946167,0.6776928901672363
7.544100284576416,0.36969181150197983
9.127664566040039,3.448605537414551
6.302070617675781,3.6499738693237305
0.9506940841674805,5.145394802093506
2.689802646636963,7.1233391761779785
-1.660776138305664,8.112192153930664
-3.0538320541381836,7.065701484680176
0.977337434887886,7.471776008605957
-2.780306339263916,6.23859167098999
-5.6511759757995605,7.413244247436523
-0.21475549787282944,6.181466579437256
-2.382779121398926,1.5748977661132812
-6.615233421325684,-0.3722072020173073
1.1033772677183151,-2.837395668029785
6.183719635009766,-3.9722561836242676
1.9724488258361816,-4.585874080657959
3.223133087158203,-5.22916316986084
7.012796401977539,-6.12645149230957
2.048933506011963,-5.677604675292969
-1.4440536499023438,-2.8847217559814453
3.7916183471679688,0.6050825119018555
4.904508590698242,1.8262743949890137
3.661799430847168,4.277849197387695
1.7754793167114258,2.505767345428467
1.9436001777648926,3.8384199142456055
-4.629230499267578,8.458459377288818
-6.87868595123291,8.150041103363037
-4.013681411743164,5.70986270904541
-0.19979480654001236,7.116115093231201
0.34922361373901367,4.43882942199707
3.112936019897461,2.5931596755981445
-0.16324520111083984,4.766738414764404
-4.372167587280273,1.5458106994628906
-2.313506603240967,-1.064133569598198
-4.776918888092041,1.072096824645996
-1.9539952278137207,-4.414129257202148
2.952849864959717,-4.969477653503418
-1.1227011680603027,-2.6625633239746094
-3.755629062652588,-7.366478443145752
-3.8251876831054688,-3.481924533843994
-5.173814296722412,-4.6439528465271
-3.689849376678467,-5.056595802307129
-1.1314631253480911,-0.464022196829319
-2.069735527038574,-4.043102264404297
-4.013192653656006,-5.053699016571045
-5.184388160705566,-1.1231780052185059
-4.027152061462402,-1.3122200965881348
1.001286506652832,-1.222086027264595
2.043640613555908,-0.9461045265197754
3.933858871459961,-1.9206523895263672
7.659494876861572,-4.534947872161865
4.999685287475586,-3.0449986457824707
-0.1044153980910778,-2.48415470123291
0.6474137306213379,-1.5350341796875
-0.22394660860300064,-0.47217611223459244
-1.967465877532959,-2.329432964324951
-2.7363181114196777,-1.5699982643127441
2.598750591278076,1.3604521751403809
4.295194149017334,-0.17501119524240494
0.36067958921194077,2.0133256912231445
1.0489940643310547,0.600588284432888
3.20127010345459,0.2804398909211159
-5.496418476104736,-0.11701580137014389
-6.128847599029541,4.986166954040527
1.7257928848266602,4.274868965148926
4.996764659881592,0.2154112048447132
1.5415668487548828,-1.0476946830749512
5.17575740814209,-4.435634613037109
6.0488104820251465,0.4964948073029518
-0.5027532950043678,1.466977596282959
-3.851497173309326,0.13134480454027653
1.5846967697143555,-0.8261203765869141
1.536870002746582,-3.823423385620117
-1.9886255264282227,-5.205428600311279
-1.9283652305603027,-0.8084297180175781
-2.9770731925964355,1.423490047454834
-6.873953342437744,1.0612130165100098
-10.728299617767334,3.574097156524658
-6.928110122680664,2.1611690521240234
1.7255544662475586,0.6491661071777344
-4.167783260345459,2.2301554679870605
-6.15997314453125,2.7196764945983887
-0.21294359117746353,1.070547103881836
-1.2630581855773926,1.6155123710632324
-8.063316345214844,-0.41887760162353516
1.5871763229370117,-2.979254722595215
12.36482858657837,0.7482647895812988
5.896520614624023,-2.0237088203430176
0.9093642234802246,-5.173182487487793
8.28399658203125,-4.385411739349365
1.4106988906860352,-7.557427883148193
-4.377138614654541,-5.381166934967041
0.49222711473703384,-5.285978317260742
6.989610195159912,-6.408298015594482
-6.961774826049805,-10.048305988311768
-7.410025596618652,-8.142149448394775
2.9136061668395996,-8.762121200561523
-7.391715049743652,-4.208695888519287
-11.681878566741943,-3.771030902862549
-1.9513368606567383,-1.7621159553527832
-5.218744277954102,-0.5965232849121094
-8.526372909545898,5.098021030426025
3.9483070373535156,2.3856401443481445
7.533395290374756,7.57596492767334
5.108952522277832,9.728789329528809
9.216225147247314,5.960953235626221
6.9550275802612305,8.658504486083984
0.6127357110381126,6.334960460662842
0.9226561337709427,4.990863800048828
8.231961727142334,8.302640914916992
7.706260681152344,6.722521781921387
6.5575480461120605,5.773961544036865
5.989170074462891,4.918539524078369
3.0461788177490234,0.5132555961608887
-2.9607653617858887,4.096102714538574
-3.370213508605957,3.7544727325439453
-1.9229769706726074,0.5231022834777832
-3.3887624740600586,-2.0645856857299805
-3.1113147735595703,-2.343308925628662
-4.346656799316406,-5.497848987579346
-7.038366794586182,-3.4215331077575684
-6.16452693939209,-2.9932141304016113
-1.7515301704406738,-6.7415595054626465
-0.4953503981232643,-6.105911731719971
-2.3056864738464355,-7.00373649597168
0.8777379989624023,-6.225872039794922
-4.0587544441223145,-1.0593056678771973
-8.581185340881348,-0.4635452851653099
-2.7825474739074707,3.2871007919311523
4.330587387084961,2.6937127113342285
4.510402679443359,1.2929201126098633
3.9021730422973633,5.415129661560059
0.8684874325990677,7.603013515472412
-2.279019355773926,7.117605209350586
-2.506113052368164,6.99843168258667
2.7149438858032227,7.039463520050049
10.846948623657227,5.598139762878418
14.584290981292725,8.321106433868408
10.563981533050537,5.783116817474365
3.032517433166504,0.4844069108366966
2.63749361038208,-0.7059574127197266
-2.8861284255981445,-1.1335968971252441
1.3650774955749512,-3.6235690116882324
10.426807403564453,-2.9199719429016113
8.859074115753174,-7.501423358917236
-0.24001600220799446,-9.630656242370605
-4.7218918800354,-9.398245811462402
-6.54522180557251,-8.380579948425293
-9.912371635437012,-4.024338722229004
-7.683277130126953,-4.071080684661865
3.471362590789795,-5.518341064453125
3.5858631134033203,-3.795945644378662
-4.261302947998047,-1.3246774673461914
-3.9633750915527344,3.2819628715515137
-5.763375759124756,5.024850368499756
-7.306158542633057,3.0579447746276855
-2.154874801635742,1.0795235633850098
6.600606441497803,-0.6104588881134987
5.752062797546387,2.212679386138916
0.450897216796875,-0.6590843200683594
-3.2053589820861816,-4.58674430847168
-4.1619181632995605,-5.644559860229492
-3.871583938598633,-7.7414870262146
0.4950166121125221,-7.7956318855285645
3.7296175956726074,-3.6781787872314453
6.627178192138672,-2.699458599090576
-1.7731189727783203,-2.5057554244995117
-3.700900077819824,-4.13132905960083
-5.310475826263428,-2.5904297828674316
-1.1930465698242188,0.3187775984406471
-0.7958292961120605,1.939690113067627
5.592536926269531,3.5805344581604004
3.9302825927734375,4.798924922943115
1.2887239456176758,5.396056175231934
-1.2227057665586472,5.1383376121521
0.13720990158617496,7.31128454208374
-1.8438220024108887,8.81718397140503
-1.9860148429870605,5.228590965270996
0.4268527030944824,4.095292091369629
4.212844371795654,1.1104822158813477
-2.3864150047302246,-1.9747495651245117
-3.355121612548828,-3.5907983779907227
-1.3918876647949219,-5.2167534828186035
-7.369625568389893,-11.878228187561035
-14.111244678497314,-11.549651622772217
-8.807682991027832,-6.956958770751953
-7.818126678466797,-6.462502479553223
-4.5334577560424805,-6.015408039093018
-1.2924551963806152,-6.260514259338379
1.5948891639709473,-3.918612003326416
2.188754081726074,-0.2742170915007591
-0.9425163269042969,6.405019760131836
-0.35523179918527603,8.212077617645264
3.1052470207214355,8.929085731506348
4.9393415451049805,11.38451099395752
9.171175956726074,8.831179141998291
15.131473541259766,12.32994794845581
11.139905452728271,12.826824188232422
3.615403175354004,8.857178688049316
4.512083530426025,11.150646209716797
3.1771421432495117,6.133317947387695
4.351675510406494,0.9011030197143555
5.075192451477051,0.002860999957192689
4.318296909332275,-4.005992412567139
-0.44169429689645767,-8.243370056152344
-7.308650016784668,-9.723055362701416
-11.231935024261475,-9.813857078552246
-11.82321310043335,-7.735538482666016
-4.530239105224609,-6.258642673492432
-2.7129650115966797,-10.406291484832764
-3.872978687286377,-10.413956642150879
0.6861329078674316,-10.454082489013672
0.756847932934761,-6.990861892700195
-6.251800060272217,-2.044510841369629
-5.701339244842529,-0.04699230194091797
4.842782020568848,0.6930828094482422
2.5390982627868652,3.816843032836914
1.2797236442565918,4.185366630554199
8.062374591827393,5.397558212280273
6.815838813781738,5.141711235046387
-2.4493813514709473,6.198608875274658
-3.8646936416625977,6.049752235412598
2.267301082611084,7.266116142272949
0.44270750135183334,3.2203316688537598
-1.8842339515686035,-1.0519980639219284
3.0858755111694336,-0.7143020629882812
5.284178256988525,-2.6256322860717773
-9.09804105758667,-3.168153762817383
-6.91758394241333,-2.483344078063965
-0.47167539596557617,-3.0361413955688477
1.542198657989502,-2.192068099975586
2.706921100616455,-2.2833824157714844
10.398876667022705,-4.04738187789917
6.743001937866211,-1.0593534260988235
1.1394739151000977,1.1294127255678177
0.4389166831970215,2.7643442153930664
3.2695770263671875,2.797400951385498
0.5684136971831322,4.146003723144531
5.938982963562012,7.26083517074585
5.410802364349365,2.2643566131591797
1.4124512672424316,5.175185203552246
-2.104020118713379,2.7008891105651855
-3.07919979095459,2.4570107460021973
-5.6832194328308105,5.733442306518555
-1.8049836158752441,4.52197790145874
-0.0999211985617876,2.3866772651672363
3.0364274978637695,-1.8648028373718262
2.5755882263183594,-1.1704205721616745
1.7302989959716797,-2.188730239868164
-0.04727839957922697,-1.0426641255617142
-0.07841589860618114,-2.8432726860046387
-0.5892634019255638,-2.4509429931640625
2.7096152305603027,-0.08211139589548111
5.95322847366333,-0.7066010683774948
5.486500263214111,1.5152335166931152
0.38187500089406967,3.0776143074035645
5.054628849029541,-0.32161470502614975
0.9501218795776367,0.7788897305727005
-5.00340461730957,2.6201963424682617
-2.9270172119140625,4.340660572052002
-1.923537254333496,5.981791019439697
-4.456114768981934,6.150031089782715
1.1298655718564987,-0.7535219192504883
3.068721294403076,2.212190628051758
-1.5133976936340332,0.15263560228049755
-2.5861620903015137,4.566073417663574
-3.2613635063171387,2.4993181228637695
-7.357120513916016,-1.8906235694885254
-1.5201330184936523,-2.699005603790283
3.611588478088379,-2.407205104827881
1.0295510292053223,-1.3006091117858887
2.060055732727051,1.1462212353944778
0.04104380030184984,-2.2104263305664062
-5.898904800415039,-4.4838786125183105
-1.6825199127197266,-3.193783760070801
3.5767555236816406,-1.6152739524841309
2.681851387023926,-0.019919900223612785
-0.8163213729858398,-0.5720018967986107
-0.23943189531564713,-1.2435079365968704
-4.125308990478516,-2.4150490760803223
-8.650648593902588,-2.3836493492126465
-3.8875699043273926,0.4551887884736061
3.6274194717407227,-1.288294792175293
4.139089584350586,-3.2131075859069824
2.009439468383789,-4.608464241027832
1.4167189598083496,-2.108621597290039
1.4820456504821777,-0.2796054072678089
-7.150173187255859,2.3584842681884766
-4.0740132331848145,2.15073823928833
2.8514862060546875,-1.789402961730957
3.5654067993164062,-1.1410117149353027
-0.5552411079406738,1.5242815017700195
4.752850532531738,2.168095111846924
2.1459341049194336,5.971682071685791
-5.498182773590088,2.1555542945861816
-4.424989223480225,1.3537883758544922
2.422821521759033,4.141569137573242
1.84098482131958,-0.5907297134399414
2.925872802734375,-0.39310459047555923
7.802975177764893,1.2218475341796875
2.642667293548584,-2.5017261505126953
-2.940058708190918,-0.31822919845581055
-1.8250226974487305,-1.3924598693847656
-2.831745147705078,-0.0066399999195709825
0.7763147354125977,-2.9349803924560547
4.591155052185059,-2.6458740234375
2.934849262237549,-3.549480438232422
1.8407702445983887,-1.6513705253601074
-2.645576000213623,0.989079475402832
-11.934363842010498,2.420318126678467
-6.330907344818115,1.2887001037597656
-4.25339937210083,2.3976922035217285
-1.550745964050293,-2.498626708984375
-1.3060808181762695,-0.15805959701538086
1.916348934173584,-0.6003857031464577
-1.629483699798584,-2.6441216468811035
-7.571351528167725,0.9451509267091751
-4.924106597900391,-0.7660031318664551
4.159438610076904,-3.9522886276245117
2.6554107666015625,-3.291916847229004
3.0466198921203613,-4.785823822021484
4.761004447937012,-3.5950422286987305
4.51657772064209,-5.078232288360596
-6.987583637237549,-6.535005569458008
-2.429938316345215,-8.37247371673584
3.514587879180908,-10.40644645690918
3.02886962890625,-11.521363258361816
-4.914748668670654,-12.855923175811768
2.4443745613098145,-9.295010566711426
1.5994787216186523,-9.774649143218994
-7.12352991104126,-7.371866703033447
-7.030141353607178,-9.228122234344482
3.060007095336914,-4.460442066192627
-4.1088104248046875,-1.845085620880127
-5.976593494415283,0.7222176343202591
2.238452434539795,1.5004396438598633
5.342161655426025,7.051050662994385
0.5997895821928978,6.6457390785217285
6.2569499015808105,8.703410625457764
7.53093957901001,8.412063121795654
3.202354907989502,5.279171466827393
4.55019474029541,7.290077209472656
6.5178751945495605,9.138596057891846
6.636083126068115,10.2705717086792
5.633437633514404,12.568068504333496
3.422081470489502,4.730463027954102
1.4221549034118652,4.928445816040039
-1.6672015190124512,7.86590576171875
1.347804069519043,5.7373762130737305
0.2731323055922985,2.6377439498901367
-2.999448776245117,2.852296829223633
-0.018978100270032883,-2.3810744285583496
0.14802220277488232,-4.4885993003845215
-3.7956595420837402,-0.9865999221801758
-7.559239864349365,-5.474066734313965
-0.9154915809631348,-4.567837715148926
-2.638256549835205,-4.371237754821777
-5.951929092407227,-9.28257703781128
-0.909113883972168,-4.058575630187988
0.7259845733642578,-2.2307872772216797
-5.046474933624268,-0.610649585723877
-4.259860515594482,4.374194145202637
2.7073264122009277,0.9298204630613327
2.855098247528076,4.088282585144043
1.5761852264404297,5.630135536193848
6.753361225128174,8.064842224121094
0.9586215019226074,8.488833904266357
-4.383480548858643,10.454201698303223
-1.0769963264465332,8.890819549560547
4.667115211486816,9.568333625793457
7.684087753295898,12.131726741790771
12.763726711273193,7.557344436645508
8.506035804748535,7.586479187011719
6.4810991287231445,5.971229076385498
0.6623625755310059,3.35080623626709
1.3713836669921875,1.7374634742736816
0.10229350067675114,-2.790224552154541
5.408132076263428,-5.222654342651367
4.728579521179199,-6.966400146484375
0.5437970161437988,-8.643186092376709
-2.6598215103149414,-11.663484573364258
-4.304802417755127,-8.899354934692383
-8.646905422210693,-10.351347923278809
-4.170620441436768,-6.9858551025390625
0.6478189677000046,-4.618644714355469
2.0739078521728516,-7.654213905334473
-0.887751579284668,-3.5765886306762695
-2.266824245452881,-2.6419639587402344
-7.07470178604126,1.1944770812988281
-8.706104755401611,2.3229122161865234
-5.258738994598389,1.638031005859375
-0.4524112120270729,1.916193962097168
1.087033674120903,-0.019645700231194496
2.86024808883667,-1.347196102142334
0.1692057028412819,0.11185410432517529
-3.8333535194396973,-1.4373064041137695
-4.296743869781494,-2.2292613983154297
-1.8637657165527344,-1.9401788711547852
2.4051785469055176,-4.925262928009033
3.6958813667297363,-2.528965473175049
5.385267734527588,-3.088212013244629
3.1489968299865723,-2.010047435760498
0.6075621023774147,-1.4799237251281738
-2.416825294494629,-0.7674931734800339
-0.9259223937988281,-0.971674919128418
4.315495491027832,0.6465554237365723
5.502712726593018,0.036490000784397125
5.6235432624816895,0.3302096948027611
3.3568382263183594,2.4639248847961426
-1.2930989265441895,-0.10601280257105827
-7.666885852813721,-0.6003737077116966
-6.716585159301758,4.338443279266357
-1.9852757453918457,3.960275650024414
0.6872891634702682,0.9810209274291992
1.926875114440918,-1.3837099075317383
2.174365520477295,-6.0332417488098145
-1.24284029006958,-4.5871734619140625
-4.995107650756836,-5.975055694580078
-7.4661970138549805,-8.702683448791504
-8.004367351531982,-4.423320293426514
-8.526933193206787,0.6847500801086426
-9.125304222106934,1.398146152496338
-2.6829123497009277,2.026498317718506
-0.3052950091660023,-0.37391189485788345
-1.807725429534912,3.977072238922119
2.170133590698242,6.783580780029297
5.211484432220459,8.554697036743164
-3.4444093704223633,5.802154541015625
1.304781436920166,4.131948947906494
6.421875953674316,7.611358165740967
6.43765926361084,7.513821125030518
9.433043003082275,8.166885375976562
8.399391174316406,4.598581790924072
1.1779069900512695,-1.041877269744873
4.223203659057617,-1.508772373199463
-0.20301340147852898,-2.346062660217285
2.307307720184326,-3.019106388092041
4.022574424743652,-3.0323266983032227
0.9017466753721237,-1.8839597702026367
-0.2103566937148571,-7.777988910675049
-4.927361011505127,-7.109558582305908
-9.554600715637207,-8.170974254608154
-8.103394508361816,-3.0756235122680664
-1.8818378448486328,-1.9262433052062988
-0.6142735108733177,-2.7255892753601074
1.6941428184509277,-6.709802150726318
1.2564420700073242,-2.1062731742858887
-3.6460041999816895,0.10907649993896484
-0.07771249860525131,0.3590941056609154
-2.328157424926758,-1.3168692588806152
-3.020334243774414,-3.980588912963867
5.7679057121276855,-0.002467599988449365
3.8694024085998535,2.255868911743164
-3.5625576972961426,2.3139476776123047
-0.6616830825805664,4.091548919677734
-3.79793643951416,0.36652088165283203
-2.9802918434143066,-1.3019442558288574
3.2361745834350586,-1.8469929695129395
9.077084064483643,-2.775585651397705
3.5474419593811035,-0.8648276329040527
-1.863408088684082,-1.052713394165039
-1.8387198448181152,-0.40395259857177734
-5.697929859161377,0.9698153287172318
-3.8696646690368652,3.557884693145752
3.744208812713623,4.292607307434082
4.890024662017822,4.522693157196045
6.2638163566589355,6.339120864868164
4.578423500061035,5.726289749145508
0.3440260887145996,6.401491165161133
0.30823949724435806,10.016000270843506
6.149399280548096,5.291569232940674
3.5764694213867188,5.739235877990723
1.060926914215088,0.9052515029907227
1.6868352890014648,3.427135944366455
-0.8653522282838821,3.256046772003174
-7.326555252075195,2.1170735359191895
-2.845597267150879,1.1165142059326172
3.3263802528381348,-0.3655790910124779
1.6155362129211426,0.351560115814209
4.891657829284668,-0.9121180325746536
8.230400085449219,-0.34499168395996094
3.1770706176757812,-2.2533416748046875
-0.9287357330322266,-2.2305846214294434
4.087436199188232,-2.962195873260498
0.29675960540771484,2.290964126586914
1.4739274978637695,3.117978572845459
6.46207332611084,4.741775989532471
3.690636157989502,4.807424545288086
-2.803683280944824,4.399991035461426
3.127288818359375,4.759633541107178
-0.890648365020752,5.391693115234375
-6.308472156524658,5.6534647941589355
-2.3090481758117676,8.199453353881836
-4.504299163818359,5.637645721435547
-5.071830749511719,0.9689450263977051
-3.325784206390381,2.4533748626708984
-1.396799087524414,3.6543846130371094
-5.5919647216796875,3.8893699645996094
-2.2284507751464844,1.8586516380310059
-2.2362709045410156,-1.5237689018249512
-2.718079090118408,-0.916135311126709
2.9820919036865234,-2.0006775856018066
6.193864345550537,-0.988316535949707
-0.1196146011352539,-2.9708266258239746
0.02650019945576787,-2.7808070182800293
0.8464931696653366,-4.987943172454834
-4.7020673751831055,-3.5321593284606934
0.12866259552538395,-1.5302777290344238
8.478152751922607,-0.6533980369567871
1.844167709350586,-2.0424962043762207
-2.100503444671631,-2.82515287399292
1.269209384918213,-4.809474945068359
-2.7144432067871094,-4.075503349304199
-8.856427669525146,-1.7203688621520996
-0.3143906965851784,-3.5971522331237793
3.688967227935791,-4.014098644256592
-2.484118938446045,-6.907534599304199
-2.6958227157592773,-5.453085899353027
2.9840469360351562,-1.8656134605407715
-3.023052215576172,1.2933611869812012
-7.462453842163086,-3.097367286682129
-1.3779997825622559,-3.355586528778076
1.2064576148986816,-3.4230589866638184
-2.01035737991333,-4.159092903137207
2.378559112548828,1.3720035552978516
4.825544357299805,-0.7301092147827148
1.8711090087890625,-1.5804290771484375
-4.8931121826171875,0.30810829252004623
0.5537151917815208,-2.1212220191955566
1.578354835510254,-1.287996768951416
2.5530457496643066,3.4113287925720215
5.106806755065918,0.7856606692075729
9.667015075683594,2.9205679893493652
6.866180896759033,1.244807168841362
2.829301357269287,-4.8496246337890625
-0.23764370009303093,0.12072320096194744
0.32835010439157486,4.002988338470459
-3.367030620574951,2.8417587280273438
-4.790925979614258,0.05869870074093342
-2.2683143615722656,1.6852378845214844
1.3564109802246094,-0.47539468854665756
-3.6076784133911133,2.5530219078063965
-5.864906311035156,4.4976115226745605
-5.89756965637207,4.4474005699157715
-4.085111618041992,2.749800682067871
-9.965312480926514,1.0818719863891602
-4.713010787963867,-1.699364185333252
2.989530563354492,0.984346866607666
-1.3842344284057617,0.77147476375103
-4.946732521057129,3.632509708404541
2.814185619354248,-3.472769260406494
4.352688789367676,-5.21773099899292
1.706528663635254,-7.228970527648926
4.347527027130127,-4.894697666168213
7.045507431030273,-0.5081892013549805
6.682217121124268,-2.0000100135803223
-1.712632179260254,-8.00243616104126
-1.5662908554077148,-8.401501178741455
3.9590954780578613,-6.928801536560059
-1.4073848724365234,-5.506587028503418
-7.00448751449585,-7.607936859130859
-6.424713134765625,-7.959282398223877
-2.1390557289123535,-8.810579776763916
-8.495211601257324,-6.842803955078125
-10.271751880645752,-1.4139652252197266
-4.329216480255127,-3.2674312591552734
-2.6634573936462402,-0.7952690124511719
-5.059456825256348,-5.386459827423096
-2.912628650665283,0.3465532884001732
1.8666386604309082,3.8660645484924316
3.9363503456115723,9.161508083343506
1.5220403671264648,8.512687683105469
4.549038410186768,7.100486755371094
10.325431823730469,4.388320446014404
5.773746967315674,9.124934673309326
7.439100742340088,11.55766248703003
7.277190685272217,13.682007789611816
6.174647808074951,13.027536869049072
6.4139723777771,5.985093116760254
4.03512716293335,7.16472864151001
3.5570859909057617,6.462728977203369
5.064690113067627,6.7174553871154785
1.597583293914795,6.833493709564209
-2.635657787322998,-2.797544002532959
-0.32335519790649414,-3.3019423484802246
1.7219901084899902,-3.2117605209350586
-5.521583557128906,-6.20042085647583
-2.7761340141296387,-5.899465084075928
-3.2992005348205566,-10.008275508880615
-3.6910653114318848,-13.925063610076904
-5.641782283782959,-10.213649272918701
-3.478384017944336,-7.357776165008545
-1.6876816749572754,-4.660403728485107
-4.1379570960998535,-2.4904489517211914
-9.283721446990967,-1.4690279960632324
-3.055739402770996,-1.7731904983520508
2.1854162216186523,3.7742257118225098
1.7928600311279297,7.898187637329102
-1.916825771331787,8.16051959991455
1.4932990074157715,11.452662944793701
-2.3503541946411133,7.411062717437744
-7.014310359954834,8.353078365325928
3.090083599090576,12.050294876098633
12.198424339294434,11.57158613204956
7.3752641677856445,11.117088794708252
10.62765121459961,11.211609840393066
9.802758693695068,5.509209632873535
5.529940128326416,2.829897403717041
3.832566738128662,1.8331289291381836
7.049655914306641,1.9013047218322754
5.237245559692383,-1.45186185836792
2.5357484817504883,-2.1346092224121094
-2.681732177734375,-6.325054168701172
-5.593371391296387,-7.7089667320251465
-5.267369747161865,-3.8660049438476562
-1.5827059745788574,-8.47635269165039
-2.23238468170166,-6.451177597045898
1.274549961090088,-4.726910591125488
-0.6057858094573021,-8.093500137329102
-3.977382183074951,-6.8639397621154785
-7.586872577667236,-1.4498233795166016
-7.4977874755859375,-1.3126850128173828
-3.7392735481262207,1.0819076746702194
-1.5674948692321777,-3.1569838523864746
0.23578409105539322,-5.065798759460449
-0.21533969789743423,-0.6967425346374512
-0.6645798683166504,-0.9509444236755371
-2.1460652351379395,-2.4108171463012695
-6.238293647766113,1.3754725456237793
1.185762882232666,-4.831743240356445
6.609296798706055,-6.040298938751221
-1.2747883796691895,-0.06479020230472088
-0.3294825926423073,-0.35456418991088867
3.301405906677246,4.152321815490723
-3.316318988800049,3.39583158493042
-3.0622243881225586,-0.058782100677490234
8.261334896087646,2.377951145172119
9.534978866577148,4.426789283752441
-1.5909433364868164,1.2386441230773926
0.471341609954834,6.855034828186035
-0.3642677888274193,2.457714080810547
-7.5560808181762695,-2.843141555786133
-6.688201427459717,1.382601261138916
0.3893613815307617,-3.7729620933532715
4.469335079193115,-2.2829413414001465
-7.38295316696167,-4.2525529861450195
-7.8839898109436035,-8.053982257843018
-4.417049884796143,-6.940948963165283
-12.879586219787598,-5.668354034423828
-7.720911502838135,-4.028582572937012
5.7941436767578125,-6.362569332122803
4.449856281280518,-7.614243030548096
-0.2820014953613281,-7.544445991516113
4.429054260253906,-0.9101033210754395
-0.9996653348207474,3.607010841369629
-1.3424873352050781,-0.6626248359680176
4.873812198638916,0.9372234344482422
3.251183032989502,2.7965664863586426
8.383488655090332,6.068480014801025
7.307171821594238,12.197256088256836
-1.9055366516113281,5.560564994812012
-4.327046871185303,8.682799339294434
-1.924121379852295,5.403041839599609
-3.6379337310791016,4.779064655303955
-5.723440647125244,4.539978504180908
1.9615650177001953,2.987062931060791
-0.05537270102649927,0.7174015045166016
-4.890191555023193,-1.9653677940368652
-1.1765480041503906,-3.484964370727539
1.4532089233398438,-2.921569347381592
-2.202022075653076,-4.119729995727539
0.16289949417114258,-2.6535749435424805
1.5140414237976074,-3.186213970184326
2.198922634124756,-3.0057668685913086
0.8660793304443359,-4.6370625495910645
0.07736680097877979,-0.4812717065215111
4.299414157867432,-0.04956719931215048
2.3829102516174316,1.448500156402588
-1.1573076248168945,-0.49456361681222916
1.2595295906066895,0.860750675201416
3.530240058898926,3.3203959465026855
1.1786460876464844,6.4766764640808105
-0.06653069984167814,1.0034800320863724
-1.046454906463623,2.203857898712158
-2.4246573448181152,2.505207061767578
-6.292462348937988,4.507577419281006
-2.776002883911133,6.553030014038086
-3.4237027168273926,1.7267942428588867
-4.513764381408691,-4.567837715148926
-4.053926467895508,-2.6630520820617676
-1.4151811599731445,-5.168890953063965
-3.736865520477295,-2.741682529449463
-0.49571990966796875,0.18980499356985092
0.2785683050751686,-4.648101329803467
0.15767810866236687,-4.0500640869140625
1.521897315979004,-4.565167427062988
2.453327178955078,-1.071178913116455
0.7104157656431198,2.777528762817383
0.6793736666440964,7.354295253753662
4.203736782073975,5.465435981750488
4.645681381225586,5.94862699508667
4.35110330581665,5.258738994598389
3.9797306060791016,3.947162628173828
6.862485408782959,8.146262168884277
3.870999813079834,7.697081565856934
2.7294278144836426,1.5225410461425781
1.0329127311706543,1.020669937133789
5.722975730895996,-0.27289390563964844
3.7354111671447754,0.8171678334474564
-0.034976000897586346,0.4701972007751465
-2.203965187072754,-2.1464109420776367
-5.376756191253662,-6.481766700744629
-5.264484882354736,-5.490732192993164
-4.509377479553223,-3.4091949462890625
0.586390495300293,-0.7442355155944824
3.528738021850586,2.348804473876953
1.5806078910827637,0.641167163848877
0.3728032112121582,-0.8691669255495071
0.39396289736032486,0.9084582328796387
3.154933452606201,0.5273700132966042
2.604210376739502,6.0115814208984375
4.236698150634766,7.185661792755127
9.044873714447021,8.03755521774292
6.141412258148193,4.143702983856201
0.5943655967712402,3.233516216278076
1.384735107421875,8.208513259887695
0.02399679971858859,4.854762554168701
-2.7607321739196777,2.6830434799194336
-1.989579200744629,-2.2655367851257324
0.2773403935134411,-7.170438766479492
-2.537858486175537,-2.402520179748535
-1.2433289736509323,-4.525315761566162
-2.8147101402282715,-2.7987003326416016
-8.362889289855957,-3.4279346466064453
-6.654345989227295,-5.896937847137451
-1.9176006317138672,-7.230246067047119
-4.070401191711426,-1.1298418045043945
-1.9115328788757324,0.9778738021850586
2.342069149017334,4.206728935241699
-4.665243625640869,3.9309024810791016
-4.772448539733887,3.2752633094787598
1.9511938095092773,0.7086753845214844
2.259349822998047,5.4146647453308105
2.827024459838867,3.056156635284424
5.569124221801758,3.7942886352539062
3.904867172241211,4.121959209442139
-1.7273545265197754,-0.03387930104508996
-4.042983055114746,-0.9785295277833939
-3.126704692840576,0.32558441162109375
-2.193021774291992,-4.812026023864746
-2.060544490814209,-3.138554096221924
-0.40905479341745377,-5.154538154602051
0.595390796661377,-5.453121662139893
-2.8816819190979004,-1.172494888305664
-6.9979071617126465,-2.696537971496582
-5.115985870361328,-1.4112472534179688
-0.39534568786621094,-3.6937475204467773
2.2946596145629883,-3.838491439819336
3.563821315765381,-1.7013072967529297
6.069576740264893,0.47203298658132553
1.287686824798584,5.961334705352783
-6.376314163208008,3.5198330879211426
-4.565727710723877,1.6516804695129395
2.249324321746826,2.753007411956787
3.510737419128418,-0.8079885691404343
6.04400634765625,5.133271217346191
7.204270362854004,4.250502586364746
2.2305846214294434,-0.38712020963430405
-4.819321632385254,-0.4334210976958275
-2.2275924682617188,-0.9910345077514648
4.144251346588135,-2.0442843437194824
4.041695594787598,-3.367328643798828
2.975177764892578,-2.088141441345215
2.1491050720214844,-6.86945915222168
-2.595400810241699,-5.4035186767578125
-12.202560901641846,-3.2406091690063477
-5.459892749786377,-0.530242882668972
1.5522122383117676,2.4767637252807617
1.328110694885254,-1.3124346733093262
-0.6286978721618652,-2.9375553131103516
1.1313199996948242,0.8924365043640137
-4.347944259643555,4.775238037109375
-5.433142185211182,6.661868095397949
0.9968280792236328,3.726494312286377
0.7837296277284622,2.2142648696899414
4.7519683837890625,-4.189634323120117
6.091630458831787,-3.4427762031555176
-1.7381787300109863,-0.005805499968118966
-2.8939247131347656,-0.028073799330741167
-3.223443031311035,-1.1645197868347168
-3.4647226333618164,-8.454298973083496
-1.1423826217651367,-8.321821689605713
4.297888278961182,-8.747196197509766
2.3134469985961914,-3.9426445960998535
-4.8564910888671875,-6.945610046386719
-2.160334587097168,-6.816339492797852
-1.7770051956176758,-13.869571685791016
-4.898619651794434,-12.702155113220215
-7.292842864990234,-8.95620584487915
-1.3078689575195312,-5.227804183959961
-1.4150500297546387,-3.5792946815490723
-8.835577964782715,-2.663695812225342
-3.99092435836792,-5.97764253616333
3.080880641937256,-0.4423021897673607
0.8090972900390625,4.6692728996276855
-2.0226120948791504,8.869612216949463
5.880606174468994,9.2765212059021
7.464194297790527,7.489299774169922
5.25282621383667,6.114292144775391
8.549296855926514,8.804106712341309
11.23199462890625,12.930405139923096
5.547606945037842,11.915993690490723
-3.6150574684143066,9.690499305725098
0.0657200999557972,6.33465051651001
5.3473711013793945,6.302893161773682
3.979194164276123,5.8701395988464355
3.3686399459838867,4.178345203399658
2.659904956817627,2.8703808784484863
-2.7675867080688477,-1.3840794563293457
-9.485185146331787,-1.7829418182373047
-6.736159324645996,-5.114138126373291
-2.881622314453125,-2.866208553314209
2.3109793663024902,-7.451868057250977
1.8689632415771484,-7.767581939697266
0.24312730878591537,-7.373142242431641
-2.8020381927490234,-6.520318984985352
-5.577683448791504,-5.343937873840332
-6.239891052246094,-2.2391676902770996
-1.7383813858032227,-1.4203548431396484
4.2816877365112305,-0.8858323097229004
3.790462017059326,-3.281104564666748
0.2116202935576439,1.4104604721069336
-2.734255790710449,5.923652648925781
-1.304173469543457,9.436047077178955
-1.7981171607971191,8.65861177444458
-0.7433891296386719,5.640566349029541
7.944166660308838,5.597054958343506
5.0150275230407715,5.783677101135254
-3.170943260192871,8.570277690887451
-3.723442554473877,8.481824398040771
2.287280559539795,3.047168254852295
0.2165794000029564,1.5244483947753906
7.043397426605225,1.588273048400879
13.27974796295166,-1.7575263977050781
8.723080158233643,-1.0345696657896042
-4.989051818847656,-2.3639440536499023
-4.751527309417725,-5.002999305725098
-3.141474723815918,-3.981661796569824
1.2607574462890625,-7.267403602600098
4.880392551422119,-4.958796501159668
5.3615570068359375,-3.5744547843933105
5.681610107421875,-6.825315952301025
-4.359674453735352,-6.990909576416016
-11.813867092132568,-8.307921886444092
-6.565499305725098,-1.7478704452514648
-1.3498902320861816,2.80759334564209
2.0583629608154297,1.6605377197265625
5.518710613250732,-0.01062149996869266
1.332712173461914,-2.3020386695861816
-4.213845729827881,-1.2338758260011673
-7.542300224304199,-0.43604370206594467
-6.196391582489014,2.334165573120117
-4.749488830566406,0.8357763290405273
0.4817008972167969,-3.89021635055542
3.038322925567627,-3.792881965637207
-0.4800558090209961,-2.6008009910583496
-2.4966955184936523,1.075148582458496
-4.482066631317139,-0.9216904640197754
-6.90915584564209,-0.14003519900143147
-3.074812889099121,-0.1353501994162798
5.293822288513184,1.3408541679382324
7.546484470367432,1.1522293090820312
4.963243007659912,1.6886234283447266
3.815734386444092,1.829230785369873
3.329586982727051,1.6841769218444824
-4.533803462982178,0.5222082138061523
-2.3008108139038086,4.08405065536499
2.5627851486206055,7.816898822784424
4.046452045440674,7.87653923034668
1.6408085823059082,6.1318278312683105
0.2079964056611061,0.27045009657740593
-2.477240562438965,-0.06071330048143864
-9.896552562713623,1.0283946990966797
-5.529296398162842,-0.9602189064025879
-2.312159538269043,-0.16335250809788704
-0.838160514831543,-6.423938274383545
2.580142021179199,-8.747291564941406
0.543522797524929,-9.788930416107178
-4.057109355926514,-8.119463920593262
-4.943680763244629,-8.170700073242188
-6.984233856201172,-7.428348064422607
-9.962916374206543,-1.206195428967476
0.44685598462820053,-2.854740619659424
12.431180477142334,2.3458361625671387
3.7410974502563477,0.42433738708496094
3.9678215980529785,1.1077045649290085
2.4986624717712402,7.072877883911133
-2.315235137939453,7.426929473876953
-7.104229927062988,6.628084182739258
-0.41900869458913803,9.98140573501587
10.528028011322021,9.50711965560913
9.235131740570068,7.546734809875488
5.370080471038818,3.4525632858276367
4.215884208679199,5.581140518188477
-1.8413543701171875,1.3672113418579102
-3.2870888710021973,2.6286840438842773
-3.7964463233947754,-0.8907198905944824
1.897275447845459,-4.707276821136475
6.840908527374268,-2.247023582458496
1.9357800483703613,-7.2760701179504395
-4.4963836669921875,-8.957171440124512
-0.7604479789733887,-7.9994797706604
-6.417393684387207,-11.511814594268799
-9.04015302658081,-6.488549709320068
-0.7418394088745117,-7.124578952789307
11.440932750701904,-8.083164691925049
3.0652284622192383,-7.81024694442749
0.8512616157531738,-4.082381725311279
1.9408583641052246,-1.080787181854248
-5.117917060852051,1.5488505363464355
-11.932504177093506,5.823612213134766
-3.2009124755859375,5.91435432434082
4.060328006744385,6.6127777099609375
0.9382724761962891,6.537139415740967
-1.887667179107666,3.954470157623291
0.5515336990356445,6.427252292633057
-5.918872356414795,6.292712688446045
-6.3660383224487305,1.8993377685546875
-4.528617858886719,1.8471598625183105
0.9708762168884277,-2.0743250846862793
4.03900146484375,-2.936720848083496
0.6227374076843262,-2.694880962371826
-0.07202629931271076,-3.009641170501709
1.4390945434570312,-1.0338783264160156
-1.3611555099487305,-0.0867127999663353
2.4026989936828613,-1.5539050102233887
10.130560398101807,-2.729368209838867
8.191430568695068,-2.1309852600097656
5.472671985626221,1.7721056938171387
3.364121913909912,5.250060558319092
-0.3139019012451172,5.418992042541504
-0.03366470104083419,3.2524824142456055
1.5432476997375488,0.6942986696958542
0.8773922920227051,5.188918113708496
2.409958839416504,8.852624893188477
-0.3739595040678978,7.84682035446167
-8.951127529144287,7.02972412109375
-6.646108627319336,2.086770534515381
-4.2684197425842285,1.1695265769958496
-0.062048397958278656,0.914609432220459
1.7257928848266602,1.7240047454833984
3.6208391189575195,-1.9626259803771973
2.7332544326782227,-4.691338539123535
0.5913734063506126,-4.300642013549805
-0.1472115982323885,-3.1920552253723145
5.552029609680176,1.5624165534973145
7.6020002365112305,0.25032760575413704
8.904361724853516,-2.3545384407043457
6.958878040313721,0.9142159670591354
3.8994431495666504,-0.9302139282226562
2.5429487228393555,-0.552988089621067
-3.6478638648986816,6.334340572357178
0.46687129884958267,1.8773794174194336
-0.034272701013833284,1.9138097763061523
-0.7898092269897461,-0.9924054145812988
-5.131816864013672,-1.0500668734312057
-1.664590835571289,0.3994346037507057
-5.264782905578613,3.8784265518188477
-5.984139442443848,-4.464983940124512
-3.4641623497009277,0.4800676926970482
1.0776281356811523,0.14547109603881836
-2.389836311340332,-2.2669315338134766
-2.7509093284606934,1.5497565269470215
1.133561134338379,0.7064104080200195
-1.4966964721679688,-1.4079689979553223
-1.2359262257814407,0.588679313659668
2.415776252746582,3.3063530921936035
4.039275646209717,3.6337733268737793
2.2362232208251953,4.807889461517334
1.2854337692260742,2.9373884201049805
2.311396598815918,-3.6427736282348633
0.37119388580322266,-0.17299650236964226
1.4604687690734863,1.6315340995788574
2.1740078926086426,-3.7893056869506836
-1.7009854316711426,0.7065414637327194
-0.19717220216989517,-3.673434257507324
1.2995481491088867,-5.115866661071777
-3.951585292816162,-2.144193649291992
-3.747403621673584,-0.37113431841135025
3.003084659576416,-2.9227495193481445
-0.031363999005407095,-2.7312159538269043
-5.854308605194092,-2.115464210510254
-0.4991770163178444,-3.3168554306030273
3.2071948051452637,0.08997919969260693
-8.82575511932373,1.5630125999450684
-4.228675365447998,-2.4965524673461914
2.5205612182617188,4.370605945587158
-1.7449498176574707,4.083192348480225
-1.8614530563354492,-0.4652976989746094
1.5633940696716309,7.105696201324463
4.037618637084961,3.0674099922180176
4.475522041320801,0.3002762980759144
2.359473705291748,2.9236435890197754
2.3572564125061035,-2.0062685012817383
6.937563419342041,-2.602112293243408
7.128143310546875,1.175522804260254
-1.6719460487365723,-2.89536714553833
5.196213722229004,-0.8087515830993652
4.497110843658447,-2.3563385009765625
-6.4849019050598145,-4.659593105316162
-0.9567738324403763,-3.5127639770507812
3.3824563026428223,3.3606529235839844
-3.1685233116149902,-1.9551277160644531
-7.272613048553467,-1.1263847351074219
-5.713224411010742,0.3097056970000267
-5.012333393096924,-5.977284908294678
-12.939155101776123,0.5313754081726074
-8.714663982391357,3.5572171211242676
-1.2438535690307617,-1.2148618698120117
-3.9553403854370117,1.350259780883789
-2.7399420738220215,-0.8728622645139694
4.363608360290527,-8.277273178100586
4.4197678565979,-0.43257471174001694
-1.412355899810791,-3.2779455184936523
0.12632610276341438,-5.285143852233887
1.8153786659240723,-3.396117687225342
-0.5210160836577415,-8.041584491729736
4.399478435516357,-9.737300872802734
6.407690048217773,-4.923701286315918
0.8397697657346725,-6.318342685699463
0.8605837821960449,-11.421537399291992
-4.276478290557861,-11.267125606536865
-7.005250453948975,-12.460505962371826
-4.028677940368652,-9.892940521240234
1.9397497177124023,-4.249918460845947
-2.2224903106689453,-8.749067783355713
-6.21035099029541,-6.734907627105713
-2.8035759925842285,-6.737613677978516
-5.3519368171691895,-2.523374557495117
-7.371377944946289,4.73865270614624
-1.0947465896606445,9.710216522216797
8.482909202575684,7.0005059242248535
9.255814552307129,9.060108661651611
7.870352268218994,7.438945770263672
10.955536365509033,9.317374229431152
2.3470401763916016,9.808146953582764
-2.593064308166504,11.893224716186523
2.1398305892944336,9.750878810882568
5.0331711769104,12.086272239685059
5.611658096313477,7.1694016456604
8.624982833862305,6.9709062576293945
3.6052942276000977,5.199599266052246
-1.7969608306884766,3.0424118041992188
-6.043696403503418,0.22052530199289322
-1.8862247467041016,-1.3010144233703613
-3.081977367401123,-0.6774306297302246
2.5163769721984863,-3.255784511566162
4.735839366912842,-6.196439266204834
-1.2832880020141602,-8.075809478759766
-2.7922749519348145,-9.295105934143066
-4.058957099914551,-7.197511196136475
-8.209872245788574,-2.259194850921631
2.2255659103393555,-2.511429786682129
2.855980396270752,-1.9519329071044922
0.7269024848937988,-1.880049705505371
2.1062493324279785,-0.8141875267028809
-1.5854716300964355,5.366647243499756
-7.851552963256836,8.37482213973999
-4.449617862701416,5.266225337982178
1.6489624977111816,6.796514987945557
1.9592881202697754,7.414770126342773
4.164481163024902,4.918253421783447
2.9121756553649902,13.170289993286133
2.0845890045166016,8.12443494796753
0.22246839478611946,7.381248474121094
1.1966705322265625,7.58432149887085
12.281882762908936,1.5138983726501465
14.97640609741211,4.5574188232421875
8.233880996704102,3.6769986152648926
5.758988857269287,-0.5291343107819557
1.8688082695007324,-2.1336913108825684
-5.490505695343018,-3.2659173011779785
-0.2595186047255993,-6.223559379577637
5.004739761352539,-1.086127832531929
6.988072395324707,-2.8396129608154297
1.5191197395324707,-6.288790702819824
-4.082489013671875,-6.609523296356201
-3.9280056953430176,-11.617422103881836
-8.43433141708374,-8.902931213378906
-6.888258457183838,-3.672003746032715
-2.799522876739502,0.045061102136969566
2.9381394386291504,0.7941246032714844
-4.17940616607666,2.447807788848877
-4.128658771514893,-2.7485013008117676
-4.90647554397583,1.3593435287475586
-4.588103294372559,3.269839286804199
-1.0407447814941406,0.3157496079802513
1.0202527046203613,3.5954833030700684
1.8858909606933594,-0.9210109710693359
2.562868595123291,-7.102310657501221
-3.824770450592041,1.1054754257202148
-5.266714096069336,-0.7869719713926315
-1.6405224800109863,-1.9083738327026367
2.258884906768799,0.057542300783097744
3.3216476440429688,-7.240104675292969
4.690670967102051,-0.7711052894592285
2.794504165649414,0.5026460066437721
-0.10653729550540447,-1.1566997319459915
-5.340921878814697,-0.2068638987839222
-0.3894925117492676,0.7831096649169922
3.377842903137207,-2.7248263359069824
4.728710651397705,-0.36488771438598633
2.6621222496032715,3.0904650688171387
3.2327771186828613,4.0047407150268555
-0.21136999130249023,4.43187952041626
-7.107102870941162,1.3008713722229004
-4.135394096374512,0.18091199919581413
0.4409075155854225,2.484416961669922
-4.003560543060303,0.8016228675842285
-1.6009092330932617,1.3187170028686523
0.2756357006728649,-5.431115627288818
-8.00408124923706,-8.97129774093628
-9.172916412353516,-4.8928141593933105
0.06865260191261768,-7.458245754241943
-3.988957405090332,-4.48225736618042
-3.508269786834717,-12.055575847625732
3.923499584197998,-8.286011219024658
-3.642284870147705,-5.045604705810547
-6.061720848083496,0.2784848026931286
4.200434684753418,0.5158543959259987
1.2762665748596191,1.8527626991271973
2.931678295135498,3.114616870880127
8.88049602508545,5.559563636779785
4.5851945877075195,7.119452953338623
-4.7339677810668945,6.010150909423828
-0.22438760846853256,8.209776878356934
-2.0530223846435547,11.037719249725342
4.41051721572876,6.566858291625977
11.212074756622314,8.519625663757324
5.751502513885498,6.226134300231934
3.120148181915283,1.6025066375732422
-0.7718204706907272,1.7735958099365234
-9.94194746017456,-4.1318535804748535
-4.38920259475708,-3.6157608032226562
-1.763772964477539,-0.40270090103149414
1.914966106414795,-1.961064338684082
0.35245418548583984,-5.049693584442139
-2.2184252738952637,-8.630788326263428
-4.319238662719727,-14.057040214538574
-2.1977782249450684,-10.634589195251465
-0.29784439131617546,-7.4811577796936035
6.014883518218994,-5.223333835601807
10.473525524139404,-3.9369702339172363
2.9987454414367676,-5.610501766204834
0.8727073669433594,-3.1503677368164062
2.4167895317077637,0.2916098013520241
-0.45180320739746094,3.1131505966186523
-4.811692237854004,2.0258307456970215
2.118992805480957,8.045125007629395
-1.066291332244873,7.392847537994385
-3.6232829093933105,6.702685356140137
-5.525374412536621,6.918299198150635
-5.9800028800964355,7.25322961807251
-6.0276031494140625,5.038547515869141
-1.0324358940124512,4.232501983642578
-2.5794506072998047,1.172482967376709
-1.6399145126342773,2.7269601821899414
4.257869720458984,4.375708103179932
-0.9721875190734863,0.9689092636108398
-5.5393218994140625,-0.8652687072753906
3.6226987838745117,2.06601619720459
5.301070213317871,-1.4583468437194824
6.864762306213379,0.6285429000854492
9.70391035079956,3.4409403800964355
13.267290592193604,-0.5249261856079102
4.209113121032715,0.8597611635923386
-0.03942249808460474,1.2705206871032715
5.467283725738525,1.446068286895752
5.852091312408447,5.257809162139893
1.3877034187316895,0.8374691009521484
2.0006656646728516,1.1862515658140182
-0.5441784858703613,0.8797407150268555
-6.332719326019287,2.885901927947998
-8.270442485809326,2.7559280395507812
-5.131816864013672,6.135571002960205
-3.485894203186035,3.872513771057129
3.385186195373535,0.8753538131713867
2.2912979125976562,-0.7111191749572754
1.8361568450927734,-1.3607025146484375
4.746353626251221,1.307523250579834
1.29777193069458,4.723942279815674
-1.8975138664245605,0.8396267890930176
2.9485344886779785,2.1131515502929688
6.7308783531188965,1.6739726066589355
6.228244304656982,0.8031725883483887
5.207347869873047,2.387094497680664
2.7614593505859375,0.24607179686427116
-2.7622103691101074,-3.203761577606201
-4.248058795928955,-2.878844738006592
-4.743146896362305,-1.408708095550537
-3.6477208137512207,2.123141288757324
1.7742276191711426,1.3896703720092773
1.519012451171875,-3.020358085632324
-5.375361442565918,-3.665947914123535
-4.041194915771484,-5.478560924530029
-3.7642598152160645,-1.5500664710998535
-1.5648722648620605,0.6307364255189896
-3.8176655769348145,2.815389633178711
1.2775421142578125,0.4688144102692604
1.462101936340332,1.2330293655395508
-3.0780553817749023,-2.9541373252868652
-5.1859259605407715,2.3242592811584473
1.7825841903686523,4.375886917114258
-0.6598830223083496,2.3287296295166016
-0.8807302266359329,0.09248260408639908
4.18546199798584,-0.629424974322319
4.508185386657715,-0.3537892922759056
-2.2192955017089844,2.8625845909118652
-4.894649982452393,-0.30341150239109993
-5.1825642585754395,-3.370821475982666
-4.754316806793213,-4.11449670791626
-3.1964898109436035,-7.177603244781494
3.369772434234619,-3.7119507789611816
8.836531639099121,-5.222797393798828
4.735231399536133,-5.034244060516357
-3.522062301635742,-4.613912105560303
-3.292524814605713,-6.0158610343933105
-4.440367221832275,-4.638242721557617
-2.4411559104919434,-3.3603310585021973
2.324366569519043,-0.5548715963959694
3.711545467376709,-1.0904788970947266
2.9553771018981934,0.9345173835754395
-0.2747059054672718,-0.6406903266906738
-5.044460296630859,2.842891216278076
-3.532850742340088,6.3773393630981445
-3.0303597450256348,4.821014404296875
-0.4894256964325905,4.042959213256836
2.4714231491088867,3.3257246017456055
7.427430152893066,1.361691951751709
7.411527633666992,4.772460460662842
4.645895957946777,2.6892900466918945
1.9026994705200195,2.3732900619506836
0.8555532246828079,0.0418900977820158
0.6778717041015625,-3.265857696533203
3.114628791809082,-0.8558034896850586
-0.1224398985505104,0.46213869005441666
3.015768527984619,-1.3933777809143066
0.4092692956328392,0.41527751833200455
-7.328557968139648,0.13349059969186783
-1.0639070719480515,-2.915358543395996
-2.070462703704834,0.8756279945373535
-5.6694865226745605,1.3506770133972168
-4.061698913574219,0.9858369827270508
3.580000111469417e-05,-0.08649829775094986
-6.831216812133789,-0.13846159912645817
-3.0394554138183594,-2.0235061645507812
-1.7148494720458984,4.608583450317383
-4.234516620635986,3.570842742919922
-1.9894719123840332,-1.6800522804260254
0.41251178830862045,-0.1367450039833784
0.47445300966501236,-5.696654319763184
1.16424560546875,-1.331949234008789
2.6535987854003906,1.811385154724121
1.2384772300720215,-1.7548918724060059
-0.35152439028024673,-4.620730876922607
1.278829574584961,-7.322216033935547
2.294158935546875,-11.484360694885254
0.6844162940979004,-8.546221256256104
-5.327916145324707,-8.977067470550537
-8.698475360870361,-6.9838643074035645
-2.8650283813476562,-8.097779750823975
-9.18651819229126,-6.821703910827637
-3.42254638671875,-7.928109169006348
6.818234920501709,-2.331078052520752
-0.8667945861816406,-0.8749126642942429
-1.3947248458862305,1.075601577758789
-0.07874970324337482,1.8005132675170898
0.15401840209960938,3.8751959800720215
6.104719638824463,9.43450927734375
9.256970882415771,10.857605934143066
12.643909454345703,8.277380466461182
8.010685443878174,4.836082458496094
2.4871110916137695,7.840144634246826
-0.8231043815612793,10.004174709320068
1.5735268592834473,11.531603336334229
2.413821220397949,12.154161930084229
4.262197017669678,4.0100932121276855
5.238056182861328,1.194155216217041
3.278493881225586,-0.19364360719919205
-4.9755096435546875,1.940476894378662
-4.763245582580566,3.5125732421875
-7.765233516693115,-1.0526180267333984
-3.3066511154174805,-6.688714027404785
1.3292908668518066,-10.13193130493164
2.403593063354492,-8.337140083312988
3.077363967895508,-6.575965881347656
-2.5995492935180664,-3.7290453910827637
-6.078064441680908,-3.9263367652893066
-3.8701295852661133,-10.345566272735596
-2.021944522857666,-8.083391189575195
4.828464984893799,-4.24952507019043
7.704639434814453,0.20123720169067383
1.774442195892334,2.6189684867858887
-2.2998929023742676,2.829599380493164
-6.857049465179443,0.7660269737243652
-5.481994152069092,9.084022045135498
-2.9059648513793945,9.79604721069336
2.436530590057373,8.125519752502441
-0.11655090376734734,7.901465892791748
0.1456260960549116,5.044651031494141
3.8408875465393066,5.289804935455322
0.9978175163269043,7.242560386657715
0.04888770170509815,9.772050380706787
9.500396251678467,8.020579814910889
7.5691819190979,3.772246837615967
5.59535026550293,0.9749531745910645
6.258666515350342,0.431060791015625
7.71794319152832,-0.345003604888916
-0.6706714630126953,0.28796199709177017
-1.1990070343017578,-2.4099230766296387
3.3524274826049805,-4.216551780700684
2.0889759063720703,-3.7592530250549316
-3.6588430404663086,-5.917477607727051
-0.8170008659362793,-5.235910415649414
1.583409309387207,-4.392838478088379
-3.829360008239746,-7.469010353088379
-5.424070358276367,-3.97641658782959
3.0835509300231934,-0.8109211921691895
-1.234579086303711,2.6375293731689453
-8.340513706207275,1.2026786804199219
-4.373645782470703,-1.0822653770446777
-2.978241443634033,-3.0986905097961426
-5.040526390075684,0.1700281910598278
0.060284100472927094,0.8084415644407272
0.2492070011794567,0.4450201988220215
-2.853858470916748,-0.29201509431004524
-7.389938831329346,-1.4687895774841309
-2.633833885192871,-3.782474994659424
1.4813780784606934,-1.6273260116577148
3.089022636413574,-1.3518810272216797
3.9315342903137207,-2.9760241508483887
2.013278007507324,-2.6940464973449707
-1.8926620483398438,-2.5844812393188477
-2.9229044914245605,1.830756664276123
-2.7349114418029785,3.8771748542785645
4.226195812225342,5.131161212921143
4.958665370941162,2.0266056060791016
3.4642815589904785,1.130366325378418
3.2224416732788086,4.318296909332275
3.6998510360717773,2.6049256324768066
-5.242800712585449,6.431591510772705
-4.612410068511963,3.844881057739258
2.554154396057129,-1.5723228454589844
-0.8674263954162598,-1.7620205879211426
-2.381265163421631,-2.663266658782959
-1.7194390296936035,-6.516134738922119
-0.8982778340578079,-5.4248809814453125
-11.189961433410645,-10.545766353607178
-10.646975040435791,-11.21450662612915
-4.816460609436035,-12.88137435913086
-5.132722854614258,-6.986367702484131
-11.59905195236206,-3.6197423934936523
1.9442319869995117,-0.9232521057128906
2.830362319946289,-0.5931257829070091
-5.124449729919434,-0.09137390181422234
2.2903919219970703,2.235257625579834
13.234400749206543,8.876848220825195
0.2750038914382458,11.032438278198242
-1.5094995498657227,10.398757457733154
9.160542488098145,11.852109432220459
5.218410491943359,11.494731903076172
5.263471603393555,7.973349094390869
13.115596771240234,8.303368091583252
7.1868896484375,6.248950958251953
2.9353857040405273,3.4881591796875
-4.500138759613037,1.672530174255371
-5.465102195739746,-2.43452787399292
1.4664411544799805,-5.262899398803711
-0.5877852067351341,-4.939556121826172
-4.236125946044922,-6.89237117767334
-1.2247086316347122,-6.8767547607421875
-5.280900001525879,-7.676827907562256
-12.506437301635742,-10.070657730102539
-6.254053115844727,-8.739352226257324
-1.237499713897705,-3.857874870300293
0.040090098045766354,-2.7382850646972656
-0.28535129502415657,-2.557539939880371
3.639829158782959,-1.9190430641174316
4.252588748931885,0.22562740370631218
0.8116363734006882,3.4206509590148926
1.7939448356628418,4.12060022354126
3.87115478515625,6.621706485748291
0.08703470230102539,1.1925935745239258
-3.478407859802246,6.642138957977295
-0.15541319735348225,5.93334436416626
0.4979848861694336,2.268493175506592
-6.648516654968262,3.9496898651123047
-3.5547375679016113,-2.673780918121338
3.5932183265686035,-3.5031914710998535
-4.184114933013916,-5.044054985046387
-2.469754219055176,-2.348446846008301
0.9439588338136673,-1.6297459602355957
0.15376809984445572,-4.656434059143066
-4.535162448883057,-4.675817489624023
5.207920074462891,-3.31113338470459
3.76436710357666,-0.6469011306762695
2.2469043731689453,5.054354667663574
2.839350700378418,4.492843151092529
4.0291666984558105,3.639853000640869
2.1158337593078613,1.5397071838378906
5.70453405380249,4.965341091156006
5.0949931144714355,7.077062129974365
3.9888381958007812,11.198484897613525
1.16499662399292,7.942557334899902
-2.7852296829223633,3.2240867614746094
-4.758667945861816,1.5819787979125977
-0.5515933036804199,3.258681297302246
-0.01139639993198216,6.193339824676514
-1.858067512512207,4.30753231048584
1.595628261566162,-1.090240478515625
2.2569775581359863,-5.170011520385742
-1.6601085662841797,-5.8263421058654785
3.3960700035095215,-3.522467613220215
2.860426902770996,1.6143798828125
5.90442419052124,-1.2295126914978027
2.8542518615722656,-2.6933789253234863
3.8059473037719727,-0.6354212760925293
5.527663230895996,-0.42672161012887955
2.4679183959960938,2.011442184448242
0.47729019075632095,6.711483001708984
2.1520614624023438,1.8213868141174316
-1.8704533576965332,2.195727825164795
-5.540037155151367,2.692842483520508
-2.123141288757324,2.720165252685547
-5.010581016540527,6.888723373413086
-6.282472610473633,4.139816761016846
-4.000914096832275,1.8118739128112793
-0.5584121122956276,0.5600928887724876
-1.0864973068237305,2.544856071472168
-0.06693600211292505,5.032587051391602
0.05856750067323446,3.752779960632324
-5.071568489074707,1.6726970672607422
-2.980518341064453,-0.8925796300172806
-2.2251486778259277,-0.6671786308288574
-0.6351709365844727,0.4515647888183594
4.5099616050720215,2.911043167114258
4.564547538757324,1.8585443496704102
-3.878629207611084,-2.4988532066345215
-5.188703536987305,-2.2045254707336426
-1.9690155982971191,-1.9835352897644043
-5.229282379150391,0.3085971064865589
-3.3328652381896973,-1.2612223625183105
5.533599853515625,-4.9173712730407715
2.216672897338867,-5.423557758331299
0.04481079988181591,-3.2953262329101562
-0.6706357002258301,-2.929985523223877
-1.9134759902954102,-1.2355446815490723
-5.614340305328369,-4.9587249755859375
-4.72790002822876,-6.118440628051758
0.6727218627929688,-3.3974170684814453
4.543554782867432,-0.8032321929931641
-0.15367270447313786,1.244807168841362
0.24455789476633072,1.9654631614685059
-1.5187501907348633,-1.4528274536132812
-3.879547119140625,-1.617729663848877
1.1656761169433594,0.3523588180541992
7.572722434997559,0.41496749967336655
3.57435941696167,2.6387453079223633
1.248157024383545,1.9767284393310547
1.18330717086792,2.0717620849609375
-3.5680770874023438,1.1078596115112305
-1.983177661895752,0.7364630699157715
6.931197643280029,-0.9377002716064453
10.139048099517822,-1.9313693046569824
7.855129241943359,-2.8478145599365234
2.8945207595825195,-3.3908843994140625
-0.060367598198354244,-1.3757705688476562
-2.035963535308838,-2.148151397705078
-2.203667163848877,-3.3275842666625977
-1.6278743743896484,-3.2045364379882812
4.150962829589844,-3.231048583984375
-1.6402363777160645,1.7612338066101074
-7.21125602722168,-2.216184139251709
-8.743953704833984,4.3520331382751465
-10.797667503356934,3.940415382385254
-12.28417158126831,4.1312456130981445
-4.583477973937988,4.739248752593994
1.5490531921386719,4.887652397155762
-0.41408538818359375,3.807687759399414
-0.13645890168845654,0.6060123071074486
-0.6788492202758789,0.938570499420166
-2.6514530181884766,-0.24504659697413445
-0.3330707922577858,-2.19651460647583
5.892133712768555,-1.0946393013000488
7.826220989227295,-6.391775608062744
9.850490093231201,-8.209311962127686
2.8017759323120117,-6.173646450042725
3.743910789489746,-8.07342529296875
0.4356979951262474,-6.782793998718262
-3.083920478820801,-8.260786533355713
-3.6282896995544434,-8.262455463409424
2.3619890213012695,-10.313737392425537
-6.554543972015381,-6.762278079986572
-7.0677876472473145,-7.282924652099609
-4.036498069763184,-5.438828468322754
-5.329930782318115,-3.742706775665283
-13.457953929901123,-3.7732362747192383
-5.482923984527588,1.6515135765075684
-3.2091259956359863,5.488348007202148
-8.025801181793213,7.3685407638549805
-0.7643461227416992,7.300472259521484
6.297099590301514,9.921443462371826
9.325850009918213,10.14106273651123
4.4045329093933105,10.525667667388916
9.441912174224854,9.684371948242188
9.189677238464355,7.9976677894592285
6.802976131439209,6.123757362365723
1.7452359199523926,3.9838075637817383
10.93055009841919,6.740021705627441
9.20950174331665,7.215356826782227
3.3279776573181152,2.0577073097229004
0.3010988049209118,0.7441163063049316
5.006933212280273,0.3441334143280983
-3.613126277923584,-1.8232345581054688
-5.5695295333862305,0.34458640962839127
-2.2397279739379883,-1.4754295349121094
0.9804964065551758,-6.128144264221191
-6.5401434898376465,-5.961775779724121
-3.45914363861084,-7.572543621063232
-3.0338168144226074,-4.865241050720215
-4.357743263244629,-2.8449296951293945
-6.3578009605407715,-4.665923118591309
-2.009737491607666,-6.607794761657715
-3.2238006591796875,-4.205787181854248
-2.0128369331359863,0.21361110731959343
-4.394197463989258,-0.9882091730833054
-2.7980446815490723,4.4156670570373535
-0.9359955787658691,3.8013815879821777
2.7415037155151367,1.680159568786621
-1.0405539721250534,6.09663724899292
0.4989146813750267,4.590928554534912
6.035816669464111,1.9321322441101074
2.5654077529907227,5.896639823913574
2.8749823570251465,3.097200393676758
11.29828691482544,1.8136262893676758
9.263980388641357,7.393097877502441
6.511664390563965,1.8399596214294434
3.91618013381958,0.7422804832458496
7.061266899108887,-0.0017285000649280846
6.0813069343566895,1.296699047088623
5.432116985321045,-0.7947564125061035
2.3933887481689453,0.3008127026259899
6.597137451171875,-4.9530744552612305
-3.309333324432373,-6.454098224639893
-7.9653143882751465,-6.9893717765808105
-4.641294479370117,-3.6786317825317383
-4.422783851623535,-3.762185573577881
-9.238207340240479,-2.5312185287475586
-5.217957496643066,-5.740189552307129
-2.9241323471069336,-4.497635364532471
-3.9595603942871094,-3.9603710174560547
-5.843305587768555,1.189720630645752
-3.148961067199707,1.1965035647153854
-3.0044913291931152,-0.17210250720381737
-2.8397321701049805,-3.8739919662475586
0.8958339691162109,-2.7713656425476074
5.487692356109619,-1.104128435254097
6.071567535400391,1.9590258598327637
2.599191665649414,-3.6982059478759766
3.2293319702148438,-3.6828041076660156
-2.402949333190918,-3.923332691192627
-3.6853432655334473,-2.7710318565368652
1.0515809059143066,2.0807504653930664
1.3434767723083496,2.0986199378967285
1.5973806381225586,-1.462256908416748
3.991115093231201,-2.010524272918701
-0.8848667144775391,-1.5763163566589355
-5.425739288330078,6.281697750091553
-4.576730728149414,8.679986000061035
-3.6225438117980957,7.732248306274414
-4.256916046142578,0.12719630263745785
-0.1150249969214201,3.2485127449035645
2.009904384613037,4.079794883728027
1.3660192489624023,8.985579013824463
-3.8178563117980957,8.696770668029785
-3.820168972015381,2.6102066040039062
-6.367194652557373,-1.4199495315551758
-2.2585391998291016,-0.27894970029592514
1.0234594345092773,-3.521418571472168
0.3398894891142845,-4.496300220489502
2.5048017501831055,-7.713913917541504
-1.588118076324463,-11.372697353363037
-5.222940444946289,-15.674173831939697
-7.5095534324646,-14.167428016662598
-4.202854633331299,-8.285486698150635
-3.4760594367980957,-7.3459625244140625
4.413235187530518,-4.98812198638916
1.3192415237426758,-5.600166320800781
4.29607629776001,-3.1834006309509277
2.8251051902770996,5.407953262329102
3.179931640625,12.159872055053711
0.47528740018606186,11.429715156555176
2.190244197845459,12.089920043945312
1.8893718719482422,9.626424312591553
6.631910800933838,11.697542667388916
8.794474601745605,12.690162658691406
5.932009220123291,13.142538070678711
-1.237189769744873,7.7161431312561035
2.157735824584961,8.507823944091797
-5.3954243659973145,0.6953597068786621
-0.05407330114394426,-1.84326171875
1.4729499816894531,-3.3600330352783203
-0.9857773780822754,-6.244516372680664
-3.9247512817382812,-7.979190349578857
-0.4181027039885521,-9.806680679321289
-6.8111419677734375,-13.729918003082275
-6.930828094482422,-15.07173776626587
-0.576639212667942,-10.225903987884521
2.4984359741210938,-7.342946529388428
1.7560005187988281,-8.354556560516357
0.25409460067749023,-6.697368621826172
1.1158347129821777,-4.648745059967041
-0.46840909868478775,2.6980161666870117
-2.3476123809814453,6.628048419952393
1.7673373222351074,5.7649970054626465
2.807319164276123,7.3300957679748535
1.6474485397338867,4.325199127197266
3.230404853820801,7.157564163208008
-1.8166780471801758,9.783804416656494
-9.667611122131348,9.448468685150146
-5.952048301696777,7.370102405548096
-1.436936855316162,1.6055107116699219
-5.871677398681641,-3.5264134407043457
4.638266563415527,-2.564716339111328
3.538668155670166,0.06306170020252466
-6.772458553314209,-1.9969940185546875
-6.225275993347168,-3.370523452758789
0.18044710159301758,-5.833601951599121
4.924654960632324,-8.491086959838867
6.720125675201416,-4.919147491455078
11.845612525939941,-1.8636345863342285
12.425494194030762,-0.06818769965320826
2.127528190612793,0.5568981170654297
-1.0654448717832565,0.15122889541089535
5.461907386779785,1.8769621849060059
6.245279312133789,7.911586761474609
2.885591983795166,7.9001545906066895
5.622231960296631,8.474838733673096
0.8267641067504883,7.232820987701416
-5.473577976226807,5.957400798797607
-5.5602312088012695,5.5507659912109375
-5.227982997894287,6.048989295959473
-4.877710342407227,3.9338111877441406
1.526331901550293,0.433194600045681
0.27364490553736687,-4.2708635330200195
-1.1038898676633835,-3.548729419708252
2.015209197998047,-4.224824905395508
-1.0628222674131393,-3.5422921180725098
-0.7512093335390091,-3.6980152130126953
1.9839048385620117,-6.223940849304199
3.4131407737731934,-4.333209991455078
2.9361486434936523,-1.2163519859313965
3.594541549682617,3.3324241638183594
3.9503097534179688,2.733457088470459
2.5002479553222656,4.243814945220947
5.371999740600586,5.3536295890808105
3.7635326385498047,2.678203582763672
-1.2027263641357422,6.044864654541016
-2.950119972229004,7.687115669250488
-3.86732816696167,3.9548635482788086
-6.775796413421631,5.199277400970459
-0.9703397750854492,1.176297664642334
3.0622243881225586,2.9267191886901855
-2.71456241607666,3.1638026237487793
-1.7270445823669434,2.076578140258789
-3.7599563598632812,-3.8077592849731445
-7.234776020050049,-3.3440351486206055
-4.908692836761475,-4.832148551940918
0.39093490689992905,-3.728914260864258
0.27489660307765007,1.8749475479125977
-0.4961847886443138,-1.2037038803100586
-0.6722568720579147,-4.86530065536499
-3.8335800170898438,-1.607966423034668
-3.2340288162231445,-4.727423191070557
2.859032154083252,1.4288902282714844
-0.09493829682469368,0.4574894905090332
-0.7894515991210938,-1.9551873207092285
2.516329288482666,-0.6987810134887695
1.2586236000061035,-1.2267231941223145
-0.10406970046460629,-2.5649070739746094
1.1225224286317825,-1.928877830505371
3.200852870941162,-1.411139965057373
1.6454696655273438,-4.496407508850098
0.5005002021789551,-1.4955401420593262
-0.7040739059448242,-0.7124186307191849
-2.2966384887695312,-2.589571475982666
-2.01951265335083,2.230250835418701
-5.067050457000732,-0.8590459823608398
-0.6701111793518066,0.21260980516672134
3.880155086517334,1.559460163116455
-1.8953204154968262,-0.8386374264955521
0.43524499982595444,1.4914393424987793
3.1321167945861816,3.0120491981506348
-5.260097980499268,1.897871494293213
-2.741885185241699,1.5121698379516602
1.9190192222595215,3.637075424194336
3.078591823577881,1.2190818786621094
-0.20552869886159897,1.9385576248168945
5.187880992889404,-0.23682119324803352
2.399718761444092,-1.2681365013122559
1.2314199656248093,-1.7316937446594238
2.35595703125,-0.9775280952453613
1.3936042785644531,-3.399968147277832
1.3399958610534668,0.6688476353883743
1.9230127334594727,-1.259446144104004
-3.019285202026367,-2.607858180999756
-0.8974075317382812,-1.2555599212646484
-1.4531970024108887,0.35827159881591797
-4.178822040557861,1.3323307037353516
-2.801048755645752,3.113389015197754
0.9748935699462891,4.204368591308594
-2.137589454650879,0.5968331918120384
-5.482661724090576,2.9677987098693848
-3.090524673461914,3.1965255737304688
-1.6794919967651367,1.6918540000915527
-3.182506561279297,-1.1543512344360352
-0.1263618003576994,-0.37353038787841797
5.952954292297363,-5.1766157150268555
3.0881643295288086,-3.1708478927612305
-2.5170445442199707,-3.829634189605713
1.472914218902588,-6.341123580932617
0.3865838050842285,-3.775811195373535
-3.624260425567627,-9.015464782714844
-2.981090545654297,-11.16633415222168
-0.01677270047366619,-7.44624137878418
-2.412736415863037,-11.624085903167725
-4.723191261291504,-12.012088298797607
-3.2293081283569336,-8.904850482940674
-3.2051920890808105,-10.866034030914307
-4.095005989074707,-6.3710808753967285
-1.0527967661619186,-3.5593152046203613
-4.111075401306152,-1.2513279914855957
0.679624080657959,1.0332822799682617
-0.7734894752502441,4.33192253112793
4.413020610809326,1.930677890777588
8.926534652709961,7.295048236846924
4.16712760925293,7.73618221282959
6.13020658493042,7.57756233215332
5.048394203186035,8.679163455963135
0.34754280000925064,7.941865921020508
3.3493757247924805,3.4178614616394043
7.347393035888672,8.926689624786377
9.322285652160645,8.235204219818115
6.624364852905273,3.983128070831299
3.5007238388061523,5.263280868530273
-3.8524627685546875,-1.0352134704589844
-6.604480743408203,0.02751349937170744
-3.3275246620178223,3.400599956512451
-1.701509952545166,-2.9668331146240234
-0.5751610174775124,-4.001641273498535
-0.11571650393307209,-4.686391353607178
-1.9580483436584473,-7.338190078735352
-6.1057209968566895,-5.28944730758667
-6.110107898712158,-3.5413503646850586
-0.5867838859558105,-4.746377468109131
2.9753565788269043,-5.043387413024902
-1.0235071182250977,-4.166078567504883
0.9688854217529297,-4.352080821990967
-0.4079461097717285,-1.0517477989196777
-8.014094829559326,4.201960563659668
-4.39378023147583,2.840137481689453
4.398131370544434,7.582378387451172
3.8713693618774414,5.652892589569092
3.3294677734375,7.250618934631348
5.558335781097412,8.903467655181885
1.4147281646728516,9.096646308898926
-0.9393095970153809,7.846248149871826
0.6309627741575241,8.711743354797363
4.249465465545654,8.00619125366211
12.3854398727417,6.521153450012207
11.486542224884033,3.1432747840881348
4.217767715454102,1.766955852508545
5.814540386199951,1.213824674487114
4.186522960662842,0.4625082015991211
-2.915799617767334,-2.96328067779541
0.9302735328674316,-3.0229568481445312
5.962419509887695,-3.871142864227295
2.55889892578125,-7.54239559173584
-4.560589790344238,-10.440123081207275
-3.6504268646240234,-8.979034423828125
-1.4762401580810547,-11.087119579315186
-4.831349849700928,-8.39906930923462
-4.144167900085449,-2.9755592346191406
3.416168689727783,-2.7824759483337402
1.5880703926086426,0.02820489928126335
-4.146397113800049,-0.7757663726806641
-1.6496539115905762,2.1005868911743164
1.4721393585205078,2.2827982902526855
-3.541684150695801,5.001389980316162
-3.70638370513916,2.0820140838623047
0.8867145329713821,1.7140746116638184
-1.1978507041931152,2.1132826805114746
-2.664017677307129,-1.627516746520996
-4.177713394165039,-1.171731874346733
0.17707349732518196,0.8158565312623978
1.6934394836425781,-6.0660481452941895
-5.403614044189453,-4.450869560241699
-2.039015293121338,-5.340456962585449
2.2193193435668945,-7.746338844299316
-2.6328206062316895,-4.759526252746582
-4.189276695251465,-3.3002138137817383
2.6619672775268555,-6.498384475708008
4.671621322631836,-2.7004599571228027
3.9916396141052246,-2.0476460456848145
3.1104445457458496,0.1450539007782936
4.2211174964904785,7.014501094818115
0.22568700835108757,5.981874465942383
0.3089308924973011,3.771817684173584
0.7744073867797852,6.865358352661133
3.4440040588378906,6.541991233825684
6.237435340881348,6.148898601531982
-1.1391282081604004,3.366386890411377
-3.8410186767578125,0.14545920304954052
-3.434908390045166,-2.3638010025024414
-10.940682888031006,-5.005431175231934
-9.201693534851074,-7.75216817855835
-1.8883705139160156,-8.994889259338379
-11.014127731323242,-6.193709373474121
-14.796173572540283,-9.361255168914795
-0.2782583050429821,-8.68377685546875
-8.297836780548096,-8.043873310089111
-6.349074840545654,-6.555056571960449
4.976677894592285,-0.10781290009617805
9.630846977233887,2.530026435852051
-0.021719899959862232,2.408134937286377
4.034912586212158,7.3280930519104
6.415343284606934,9.409058094024658
9.001517295837402,13.01872730255127
10.099852085113525,12.173163890838623
11.655271053314209,10.023319721221924
7.165193557739258,10.281550884246826
5.838572978973389,10.896944999694824
-4.3793559074401855,9.011948108673096
2.770102024078369,5.65037727355957
-1.0992884635925293,3.542625904083252
-1.515042781829834,-1.7703771591186523
-2.78242826461792,-4.8662543296813965
-3.670525550842285,-2.969634532928467
-9.555864334106445,-5.677402019500732
-10.475683212280273,-7.534646987915039
-8.055686950683594,-8.648180961608887
-1.4446139335632324,-11.60506010055542
-3.297436237335205,-12.075722217559814
-1.5417814254760742,-6.727659702301025
5.014216899871826,-8.540177345275879
0.6591916084289551,-3.1894445419311523
-4.278314113616943,-2.7570366859436035
1.773369312286377,-3.3153772354125977
4.3383002281188965,2.711963653564453
0.4774928092956543,3.081190586090088
5.656039714813232,4.921603202819824
11.21358871459961,6.29497766494751
-0.41638609021902084,6.385743618011475
-0.7614254951477051,4.075479507446289
3.435373306274414,4.242682456970215
-1.6552448272705078,6.393575668334961
-1.9574880599975586,2.357923984527588
2.8707265853881836,2.2323012351989746
5.486667156219482,1.577460765838623
-0.8350849151611328,-3.269648551940918
-3.5192489624023438,1.2256742268800735
0.14570949599146843,-0.906670093536377
-0.22617580369114876,-1.674032211303711
-2.7855396270751953,0.09540320374071598
1.7657041549682617,-1.4597177505493164
7.710814476013184,-0.18614530563354492
1.7230987548828125,2.39107608795166
2.600979804992676,-0.9804725646972656
3.3634305000305176,4.244363307952881
-0.191879291087389,0.800025463104248
-3.1175971031188965,2.3763060569763184
0.6460428237915039,4.337072372436523
-3.9442896842956543,6.174612045288086
-1.3802647590637207,4.936575889587402
1.8104314804077148,5.887782573699951
-0.16199350357055664,5.208766460418701
0.5016326904296875,5.601656436920166
2.3000001907348633,3.910660743713379
-1.373136043548584,5.490529537200928
3.5624146461486816,-0.17076730728149414
5.904841423034668,1.7114043235778809
3.437817096710205,-0.5715012922883034
8.04147720336914,-0.9171009063720703
7.243204116821289,-1.3485431671142578
-2.1657347679138184,-1.3895273208618164
-2.4345040321350098,-1.2880921363830566
3.2254815101623535,-1.314711570739746
-0.8656501770019531,-3.336453437805176
-1.6240954399108887,-1.2280821800231934
4.904532432556152,-1.0139942169189453
-1.2547731399536133,0.014197799609974027
-7.206475734710693,-1.675271987915039
-7.342743873596191,0.15205140225589275
-6.274008750915527,-0.5037664994597435
-3.212273120880127,0.4494785889983177
1.7003655433654785,0.25981659069657326
3.182971477508545,2.822387218475342
2.850973606109619,-0.9830355644226074
-2.373814582824707,4.237055778503418
-5.842196941375732,4.014992713928223
-4.158473014831543,3.072941303253174
-2.1003365516662598,1.338350772857666
2.662646770477295,0.22687910124659538
5.480694770812988,1.5217781066894531
4.003119468688965,1.3183951377868652
-2.100658416748047,1.0507822036743164
-5.458652973175049,-0.04011389799416065
-5.711424350738525,-0.10497570037841797
-5.58474063873291,0.23733379319310188
0.6721735000610352,-2.513110637664795
1.6951322555541992,-1.9193172454833984
-0.8417963981628418,-3.184390068054199
-0.5132794007658958,-6.190121173858643
-4.301023483276367,-4.243636131286621
-5.440402030944824,-5.434632301330566
1.624464988708496,-4.211747646331787
7.573521137237549,-5.041635036468506
3.965306282043457,-7.221078872680664
1.4875054359436035,-8.339917659759521
0.19799470901489258,-5.730652809143066
-5.428361892700195,-0.5174518004059792
-5.508553981781006,1.3267755508422852
1.8430352210998535,0.3491044044494629
5.212008953094482,0.07768869865685701
2.998781204223633,-0.2813697047531605
0.4610418900847435,2.949512004852295
-1.3116955757141113,3.288900852203369
-4.631626605987549,5.62901496887207
-4.842483997344971,1.9422411918640137
3.0933022499084473,3.4828782081604004
7.297623157501221,2.5911927223205566
9.183168411254883,0.48029419034719467
7.8144073486328125,1.0596513748168945
2.0134449005126953,-2.571702003479004
-1.3854026794433594,-1.75551176071167
-1.643049716949463,0.4467964172363281
0.12520549818873405,-2.590060234069824
4.398584365844727,-0.01608130056411028
0.82244873046875,-1.0216236114501953
-0.3187299147248268,-2.753424644470215
-2.7869582176208496,-1.9389152526855469
-11.990559101104736,2.625751495361328
-9.01254415512085,2.1527886390686035
-3.655123710632324,1.4253497123718262
-3.780508041381836,-0.11513230390846729
-3.549480438232422,-0.2421618066728115
0.27887819334864616,-0.4384874925017357
-0.4573345184326172,1.6353130340576172
-5.33597469329834,-0.603938102722168
-2.4132847785949707,1.4879345893859863
1.3249754905700684,-1.6094326972961426
2.0500659942626953,-1.1469841003417969
4.80116605758667,-1.7979741096496582
6.2676310539245605,-4.139864444732666
3.7576913833618164,-3.2556653022766113
2.4465322494506836,-4.686462879180908
1.3195395469665527,-5.909419059753418
2.006828784942627,-5.980372428894043
-3.4502744674682617,-9.335541725158691
-2.4195432662963867,-8.7668776512146
-0.9571552276611328,-9.290671348571777
-5.4467082023620605,-8.830583095550537
-6.229984760284424,-5.923283100128174
-1.1632323265075684,-6.683719158172607
-5.716598033905029,-3.598666191101074
-5.303955078125,-0.8512139320373535
-0.13263230212032795,0.5020976066589355
0.6796001642942429,4.083549976348877
4.8610687255859375,4.719209671020508
9.83363389968872,7.135176658630371
8.657073974609375,6.316184997558594
3.9155006408691406,8.019554615020752
3.7155628204345703,10.769319534301758
2.272665500640869,12.16278076171875
1.605522632598877,10.378575325012207
7.300174236297607,9.645354747772217
8.72800350189209,11.874175071716309
2.5036096572875977,9.103405475616455
0.7311224937438965,7.880222797393799
-4.186666011810303,5.086612701416016
-6.9289326667785645,6.103849411010742
-6.647193431854248,2.648627758026123
-0.4896998032927513,1.9762396812438965
3.513479232788086,-3.215193748474121
1.2473344802856445,-5.545628070831299
-2.2734642028808594,-7.247614860534668
-4.511845111846924,-8.127129077911377
-5.653536319732666,-7.136750221252441
-2.5917530059814453,-8.545494079589844
-1.045989990234375,-8.722829818725586
3.366696834564209,-9.04628038406372
3.223872184753418,-7.326328754425049
-1.094663068652153,-5.810070037841797
-5.889260768890381,-0.9592533111572266
-2.54594087600708,1.783907413482666
-1.6295075416564941,2.8980493545532227
1.2246012687683105,2.2461295127868652
3.7695884704589844,5.844628810882568
5.144822597503662,5.952644348144531
-0.5668282881379128,8.166110515594482
-1.8174529075622559,9.909462928771973
-0.27506349608302116,9.571981430053711
3.5849690437316895,13.198530673980713
8.750295639038086,11.323273181915283
12.52983808517456,5.183660984039307
12.08035945892334,3.4070968627929688
5.746293067932129,4.228115081787109
1.8681883811950684,0.07128720171749592
2.2011160850524902,1.7302393913269043
-0.2919315919280052,-2.2002339363098145
2.64052152633667,-8.1712007522583
2.8638720512390137,-8.898556232452393
-1.6976714134216309,-9.76499319076538
-5.570006370544434,-9.418725967407227
-4.535996913909912,-4.641330242156982
-5.308878421783447,-8.507156372070312
-6.255340576171875,-7.311010360717773
-3.703594207763672,-3.6469578742980957
0.25986429303884506,-5.548727512359619
-2.9218673706054688,-1.2459278106689453
-6.440436840057373,2.1427392959594727
0.1302241999655962,-0.8115649223327637
-2.884089946746826,2.549159526824951
-6.955862045288086,0.4650593176484108
2.4318933486938477,0.22412540391087532
2.6049137115478516,3.1468629837036133
-2.455723285675049,-0.8700132369995117
-1.859593391418457,-0.4988431930541992
5.207920074462891,-1.4132380485534668
-2.568519115447998,0.14436240307986736
0.07749800104647875,-1.2623310089111328
5.338680744171143,-1.4726042747497559
0.6725549697875977,0.46803951263427734
-1.6317129135131836,-0.7489442825317383
0.6830692291259766,0.9369254112243652
3.4622669219970703,0.19816160202026367
1.7232179641723633,1.1493921279907227
2.279043197631836,3.33096981048584
4.8390984535217285,1.9135355949401855
-0.37113431841135025,0.38889650255441666
-6.362795829772949,0.043415999971330166
-3.279411792755127,1.2833952903747559
-2.2739052772521973,3.3417224884033203
-5.343949794769287,0.8533477783203125
-1.7277240753173828,-1.163649633526802
1.140594482421875,-2.899336814880371
-4.935026168823242,-3.6108970642089844
-3.347599506378174,-5.351090431213379
-4.052937030792236,-6.274628639221191
-7.8630805015563965,-10.670685768127441
-6.525921821594238,-2.77101993560791
-7.860374450683594,0.8827447891235352
-6.4939141273498535,1.839292049407959
-2.2266626358032227,1.053166389465332
-4.127228260040283,0.7923244684934616
2.112758159637451,3.57435941696167
6.08515739440918,7.248687744140625
2.301025390625,10.12413501739502
2.22017765045166,5.862975120544434
7.855892181396484,9.24903154373169
2.3894906044006348,9.405910968780518
8.102810382843018,5.262637138366699
11.937928199768066,5.713856220245361
4.809260368347168,3.4882664680480957
3.695046901702881,0.07150169927626848
4.089772701263428,-0.3443479910492897
-3.989112377166748,-3.4230470657348633
0.06957049947232008,-5.269932746887207
0.5772829055786133,-2.9354333877563477
-2.2396206855773926,-4.3737053871154785
-1.8160223960876465,-6.925320625305176
-5.370640754699707,-6.223654747009277
-9.14609432220459,-5.272161960601807
-5.552506446838379,-5.335402488708496
-3.9670705795288086,-2.2328734397888184
0.13761520385742188,-3.829026222229004
0.8771181106567383,-5.567610263824463
0.33833980560302734,0.058746300637722015
1.3230562210083008,-0.38900379091501236
-0.14802220277488232,1.9879817962646484
-3.259587287902832,-1.2685298919677734
2.351868152618408,2.943265438079834
3.612053394317627,2.655649185180664
2.760004997253418,-0.47945979982614517
2.7781128883361816,1.3054370880126953
1.8858790397644043,-0.8816360682249069
-2.0266056060791016,2.4286270141601562
-3.095388412475586,-1.3365626335144043
1.251542568206787,-3.355884552001953
3.632795810699463,-7.416188716888428
2.039504051208496,-6.270432472229004
1.7088055610656738,-0.3087759017944336
-0.957333967089653,1.1677026748657227
-6.429088115692139,1.4898419380187988
-4.967188835144043,2.5140762329101562
1.7874479293823242,-1.9986867904663086
4.853010177612305,4.448592662811279
4.238593578338623,7.371354103088379
6.225574016571045,9.244263172149658
-0.6994128227233887,10.613846778869629
-1.4509916305541992,6.759059429168701
0.20312070846557617,5.033755302429199
2.272951602935791,6.209003925323486
2.4794816970825195,5.1763176918029785
2.9600024223327637,6.112861633300781
0.6989002227783203,2.1094322204589844
-3.011763095855713,-0.35701990127563477
-2.5777578353881836,-1.106703281402588
1.9514083862304688,0.19538400694727898
1.024460792541504,-0.2494334988296032
4.543769359588623,-0.7847189903259277
6.665360927581787,-4.986011981964111
3.925168514251709,-5.852293968200684
3.1193017959594727,-0.4889011010527611
4.641544818878174,-1.023423671722412
2.5046825408935547,2.862370014190674
2.267289161682129,1.7514944076538086
3.9616942405700684,0.28203729540109634
2.9290318489074707,2.8130173683166504
1.2931346893310547,8.134317398071289
0.67138671875,4.027724266052246
-4.788172245025635,6.194257736206055
-4.996907711029053,5.744349956512451
-5.370593070983887,3.770625591278076
-6.485927104949951,3.386414051055908
-2.582550048828125,2.135002613067627
-1.5863418579101562,-1.3298749923706055
-5.359292030334473,3.180539608001709
-5.684113502502441,1.83640718460083
-3.205585479736328,0.4019618034362793
-4.887557029724121,2.9206156730651855
-1.6022920608520508,0.4083395004272461
5.547523498535156,1.749742031097412
8.110570907592773,0.19925830885767937
2.375674247741699,-0.7395386695861816
0.6477236747741699,0.2581476978957653
-0.5522489920258522,2.0743370056152344
-3.010988235473633,-0.9676814079284668
-2.5574684143066406,-2.4613499641418457
6.270766258239746,-0.12804269790649414
4.006564617156982,-1.864159107208252
-1.6524791717529297,0.6386876106262207
-4.947960376739502,-0.3296970948576927
-8.907163143157959,-2.2013187408447266
-9.879910945892334,-1.860952377319336
-5.795812606811523,-4.444921016693115
3.1899571418762207,-5.272245407104492
3.9731264114379883,-3.213369846343994
-0.22846460342407227,-4.758322238922119
-4.5624613761901855,-1.3966679573059082
-6.324207782745361,-3.2513022422790527
-5.869007110595703,-3.197646141052246
-0.3250836953520775,-5.60532808303833
6.599891185760498,-2.778315544128418
9.173202514648438,-0.4932403936982155
3.847384452819824,-2.354550361633301
-1.7556309700012207,-0.6178141012787819
-2.6973843574523926,0.2232074923813343
-0.020492100156843662,0.6932138651609421
2.888810634613037,1.6229510307312012
5.72129487991333,2.0068764686584473
8.92876386642456,1.9222140312194824
5.728268623352051,0.3231048956513405
-1.2981772422790527,4.54941987991333
-1.1930345743894577,1.6619324684143066
-1.5200138092041016,2.1911144256591797
1.3683080673217773,4.15114164352417
4.524374008178711,-2.666294574737549
3.28291654586792,0.3511786088347435
-1.1986017227172852,-0.9110808372497559
-6.299722194671631,-3.1054258346557617
-10.254156589508057,4.056346416473389
-8.037233352661133,-0.8203744888305664
-3.639960289001465,1.2655258178710938
-2.227628231048584,-0.43001171201467514
-2.53598690032959,1.2321115285158157
-0.6936193257570267,-0.979316234588623
-4.512321949005127,0.9113430976867676
-8.62642526626587,-0.47609809786081314
-1.573348045349121,0.9085655212402344
3.971254825592041,0.8260130882263184
4.354691505432129,-3.027200698852539
4.653823375701904,-6.138050556182861
4.506313800811768,-5.532991886138916
3.8314461708068848,-5.1772356033325195
-0.13234619982540607,-3.2236695289611816
1.4509320259094238,-4.244720935821533
6.629836559295654,-5.96235990524292
5.015397071838379,-5.44891357421875
-2.6160120964050293,-7.118618488311768
-1.9613385200500488,-5.0594329833984375
-3.3780336380004883,-6.6889166831970215
-11.99122667312622,-9.771454334259033
-12.609624862670898,-7.2553277015686035
-3.551602363586426,-4.600739479064941
-4.829645156860352,-3.9183735847473145
-10.035717487335205,-2.553093433380127
-2.515125274658203,-3.10971736907959
-1.8006205558776855,-1.3424396514892578
-6.543111801147461,2.0676255226135254
-3.3643603324890137,3.9508461952209473
4.96368408203125,10.159516334533691
6.687581539154053,10.865795612335205
6.4043402671813965,7.004642486572266
10.293781757354736,5.598664283752441
9.916913509368896,6.684112548828125
6.1147332191467285,9.226381778717041
7.052922248840332,12.268710136413574
7.598423957824707,13.998520374298096
9.681236743927002,6.755316257476807
4.434823989868164,5.9983015060424805
1.619279384613037,2.823305130004883
2.262997627258301,2.6448845863342285
-4.287254810333252,5.5785417556762695
-5.351698398590088,-0.004971000016666949
-4.344689846038818,0.9284257888793945
-2.508068084716797,-2.4466395378112793
-0.13642310164868832,-7.553303241729736
-2.442026138305664,-7.528531551361084
-1.5912890434265137,-5.598664283752441
-8.136498928070068,-5.609071254730225
-9.82508659362793,-3.6302924156188965
-6.525754928588867,-6.268048286437988
-4.729878902435303,-5.448603630065918
-0.42095180600881577,-3.648245334625244
4.079651832580566,-1.4792084693908691
-1.9645094871520996,1.1667490005493164
-2.9630661010742188,2.6327133178710938
2.7391672134399414,2.7482151985168457
-3.214132785797119,8.28869342803955
-0.39331909269094467,8.512628078460693
9.11322832107544,6.137716770172119
3.4750938415527344,8.220052719116211
-0.21491050720214844,4.395890235900879
9.297609329223633,6.227564811706543
5.108046531677246,8.20685625076294
1.8714070320129395,6.699120998382568
9.816265106201172,7.370054721832275
7.860136032104492,3.4322500228881836
7.534587383270264,-1.160561963915825
4.608607292175293,-3.1907081604003906
2.309250831604004,-3.7595629692077637
-1.8225908279418945,-1.5781402587890625
-2.472662925720215,-3.262484073638916
-6.354403495788574,-6.983137130737305
-3.6104440689086914,-9.865188598632812
-0.34635070711374283,-8.222055435180664
-1.431584358215332,-7.740628719329834
-4.338562488555908,-5.165672302246094
-0.5984187126159668,-3.625023365020752
-3.5524368286132812,-7.026040554046631
-4.574024677276611,-2.7460217475891113
-3.1076788902282715,-0.8500099182128906
0.7747889310121536,1.876068115234375
-0.34008029848337173,0.015020399587228894
0.2888917922973633,-2.6909351348876953
0.3050684928894043,-4.622030258178711
4.617857933044434,-1.589953899383545
0.5603551864624023,-2.109098434448242
0.9380459785461426,-0.7245420664548874
0.8710741996765137,-2.357757091522217
0.707399770617485,-5.785715579986572
-5.616402626037598,-5.733084678649902
-1.666867733001709,-1.0717391967773438
-1.0270476341247559,3.1003832817077637
-1.5729308128356934,3.756535053253174
-0.1902342028915882,2.994072437286377
2.2808074951171875,-0.9868264198303223
-1.197659969329834,1.5224456787109375
-0.9043455123901367,3.698599338531494
-0.9632586687803268,8.77751111984253
-1.4590144157409668,4.64094877243042
1.4083147048950195,2.711927890777588
2.022719383239746,-0.18463129177689552
-0.22879840806126595,3.14711332321167
-3.6496520042419434,2.70158052444458
-4.586577415466309,0.6264925003051758
-8.003497123718262,-4.620301723480225
-9.356331825256348,-6.245636940002441
-1.0887622833251953,-6.000661849975586
4.649651050567627,-7.969510555267334
-2.8456568717956543,-7.2739362716674805
-2.6293039321899414,-8.94404649734497
0.8798956871032715,-10.150408744812012
-8.27033519744873,-9.189999103546143
-5.908071994781494,-7.4077606201171875
-1.3254284858703613,0.1675844006240368
2.0267248153686523,3.1932473182678223
6.491601467132568,1.531541347503662
2.365267276763916,0.7375001907348633
6.616759300231934,1.5329957008361816
4.264283180236816,6.914937496185303
0.45546289533376694,10.393726825714111
-4.0619730949401855,7.2264909744262695
2.0876526832580566,10.430550575256348
1.9020438194274902,7.049775123596191
2.44981050491333,4.46164608001709
9.076309204101562,7.216274738311768
5.21317720413208,6.292402744293213
-1.873791217803955,-2.5576233863830566
-3.9505720138549805,0.7413029670715332
-5.2399516105651855,-6.243717670440674
1.307988166809082,-2.6201844215393066
3.1170010566711426,-4.713320732116699
-0.5192757025361061,-5.075180530548096
1.4366984367370605,-7.573211193084717
-3.629612922668457,-4.730391502380371
-10.026872158050537,-8.394229412078857
-2.612435817718506,-2.193284034729004
3.6835074424743652,0.07070300169289112
10.71993112564087,0.7321953773498535
4.961514472961426,-0.915992334485054
2.581954002380371,-0.40488239377737045
1.6209602355957031,-3.261411190032959
-5.740690231323242,4.577469825744629
-7.015407085418701,6.629455089569092
0.8513926714658737,5.221223831176758
3.1230807304382324,8.262622356414795
-5.476069450378418,1.8808960914611816
-3.9968132972717285,2.7999162673950195
-3.9990782737731934,5.778002738952637
-7.729935646057129,3.208768367767334
-3.5437464714050293,3.2170772552490234
-1.2818455696105957,-0.20761489868164062
1.2688636779785156,-4.6889424324035645
7.411849498748779,-3.2350659370422363
-1.0686516761779785,-1.0070204734802246
0.5842446908354759,-1.9762873649597168
4.344570636749268,-0.47005411237478256
-1.5250086784362793,-2.174091339111328
4.6811699867248535,0.4896401986479759
11.567127704620361,3.3724308013916016
7.607793807983398,6.495928764343262
9.296596050262451,3.8402676582336426
8.671319484710693,2.141547203063965
2.4677157402038574,0.8561611175537109
1.7355799674987793,2.7809619903564453
-0.29399389401078224,4.465293884277344
-4.224538803100586,4.216790199279785
-1.2413979321718216,-0.15021559782326221
-0.9287477284669876,-3.836667537689209
-5.605113506317139,-5.207467079162598
-3.5000205039978027,0.28395650908350945
-0.5835771933197975,0.40602680295705795
-5.850207805633545,0.3060578927397728
-4.4988274574279785,-3.609931468963623
0.8596062660217285,-6.805729866027832
4.505431652069092,-4.757273197174072
2.704894542694092,0.4807591065764427
0.8110880851745605,3.40193510055542
3.0330657958984375,4.711520671844482
2.387845516204834,1.299583911895752
2.160525321960449,-0.24549959227442741
8.517301082611084,6.9443583488464355
9.985220432281494,8.034861087799072
6.0881733894348145,6.441473960876465
-0.27375219389796257,6.634938716888428
-3.2454371452331543,0.5909562110900879
-2.491486072540283,0.25913719087839127
-5.8052659034729,3.90622615814209
-4.171085357666016,2.555382251739502
2.3464560508728027,2.04470157623291
-4.656660556793213,-3.700542449951172
-7.802164554595947,-5.388796329498291
-1.8863201141357422,-5.071806907653809
-4.586458206176758,-0.7416129112243652
-6.976616382598877,-0.03279449883848429
-0.5849361047148705,-2.116870880126953
-0.7189630717039108,0.8324027061462402
0.044894199818372726,-2.398395538330078
0.5853176116943359,2.3951172828674316
1.0326982289552689,1.236128807067871
-3.607964515686035,4.0279388427734375
1.2997746467590332,1.44425630569458
-0.3491998091340065,-0.3301024064421654
3.4107446670532227,-0.6011604890227318
5.863988399505615,-0.07889269851148129
1.4396190643310547,0.0797033030539751
-3.7688136100769043,0.18129350617527962
-4.21755313873291,-2.975594997406006
-3.7993669509887695,-4.39988374710083
-2.104175090789795,-3.7676215171813965
1.004183292388916,-4.040098190307617
6.796121597290039,-4.379308223724365
0.6503701210021973,-2.966952323913574
-4.690217971801758,-3.5579442977905273
-4.423725605010986,-1.1829494684934616
-6.119060516357422,2.7768373489379883
-3.490877151489258,0.6478309631347656
1.8023967742919922,-0.051867999136447906
4.221701622009277,2.835369110107422
4.735231399536133,0.545656718313694
-1.9681096076965332,2.221071720123291
-2.477896213531494,4.711723327636719
-4.0671706199646,3.6252498626708984
-0.2636075019836426,2.92818546295166
1.458299160003662,1.3270020484924316
9.021508693695068,-4.117870330810547
9.062349796295166,-3.105342388153076
2.238905429840088,-2.299165725708008
0.4823923110961914,-4.608285427093506
-1.4888525009155273,-3.2238245010375977
-1.4397144317626953,-6.51935338973999
0.8677362650632858,-10.368943214416504
3.4070491790771484,-3.5779356956481934
1.1472702026367188,-4.810070991516113
-2.9922008514404297,-4.799079895019531
-4.057729244232178,-0.4827260971069336
-5.20097017288208,-0.498044490814209
-0.9571552276611328,-0.4204868897795677
0.11128189973533154,5.50006628036499
-6.53766393661499,0.48079490661621094
-5.205285549163818,1.9770145416259766
-3.9056777954101562,4.215788841247559
-7.992303371429443,2.59019136428833
-5.270791053771973,4.20907735824585
4.705178737640381,3.7387609481811523
2.5566697120666504,-0.8087038993835449
4.749715328216553,-3.760039806365967
4.689943790435791,-2.0935654640197754
1.5756726264953613,-5.204892158508301
-2.0340919494628906,-4.635429382324219
-1.0070443153381348,-2.508413791656494
-1.6599059104919434,-8.687889575958252
0.31296011060476303,-8.385646343231201
2.5543689727783203,-8.095252513885498
-0.13999939896166325,-11.087250709533691
-3.625476360321045,-8.663034439086914
-5.91048002243042,-5.109882354736328
-2.74888277053833,-8.691143989562988
-5.245113372802734,-2.8559088706970215
-3.2602429389953613,0.02721549943089485
-0.30646320432424545,-2.034485340118408
-1.0091661661863327,2.7332663536071777
-6.835627555847168,5.0270795822143555
1.0939717292785645,5.806469917297363
7.658517360687256,8.91423225402832
3.8110852241516113,11.259889602661133
7.845151424407959,9.492039680480957
12.172579765319824,9.439587593078613
0.3678441047668457,7.468569278717041
0.11122230440378189,7.894837856292725
7.28907585144043,10.305261611938477
3.759884834289551,11.556065082550049
0.22145509719848633,8.370411396026611
5.825483798980713,7.6576828956604
0.30183790251612663,2.841615676879883
-5.916249752044678,4.107964038848877
-1.154160499572754,5.252063274383545
0.1425028033554554,0.936734676361084
-6.54376745223999,-2.3008346557617188
-0.11051890440285206,-3.950822353363037
-0.1976609043776989,-8.06642770767212
-5.197668075561523,-2.46657133102417
0.3263353928923607,-4.7635674476623535
-0.21501779556274414,-8.943510055541992
-3.152036666870117,-7.884883880615234
-0.6790996342897415,-7.230973243713379
3.265976905822754,-7.406866550445557
-1.6882896423339844,-2.1694302558898926
-1.5120863914489746,-1.0179758071899414
3.4604549407958984,-2.3914098739624023
3.6674976348876953,0.7573484629392624
-0.5543946847319603,3.886902332305908
2.7570605278015137,5.0080180168151855
3.857135772705078,10.681486129760742
-4.1231513023376465,8.87744426727295
-3.9673686027526855,3.2423973083496094
2.3655295372009277,7.559323310852051
2.521026134490967,6.563842296600342
3.4948229789733887,5.172789096832275
7.278692722320557,9.587562084197998
8.427107334136963,1.9931435585021973
3.1325817108154297,-1.188349723815918
3.065633773803711,-0.9658932685852051
7.4988603591918945,-5.044400691986084
4.950821399688721,-5.14521598815918
-3.061985969543457,-5.87543249130249
-0.47789808362722397,-9.133350849151611
4.17553186416626,-10.372138023376465
-1.5450716018676758,-6.444919109344482
-0.43876171112060547,-10.286211967468262
5.8292388916015625,-7.4140191078186035
-0.17720460891723633,-4.157912731170654
-3.4912705421447754,-6.570339202880859
-1.9502758979797363,-1.9412994384765625
-4.56773042678833,2.3494839668273926
-3.082883358001709,-1.796257495880127
-2.3668289184570312,1.9776344299316406
-5.263876914978027,1.238417625427246
-1.3244032859802246,1.4466047286987305
-1.3519048690795898,3.216111660003662
-6.218171119689941,0.3201961889863014
-3.7253618240356445,-0.8912444114685059
-0.35523179918527603,-2.2107839584350586
-0.09586810134351254,-3.2210350036621094
0.22737979888916016,-5.485665798187256
2.747166156768799,-3.752148151397705
-2.4364352226257324,-1.3510942459106445
-4.442954063415527,-4.724013805389404
-4.194903373718262,0.8295298367738724
2.254784107208252,-1.414322853088379
7.789742946624756,0.973975732922554
9.49089527130127,2.403247356414795
8.007550239562988,-0.3373146057128906
3.629469871520996,1.1347650736570358
-4.037201404571533,3.516077995300293
-3.022003173828125,2.4376869201660156
0.6282926350831985,4.441285133361816
0.34584999084472656,4.711365699768066
1.6329765319824219,1.3383150100708008
2.5617599487304688,5.082905292510986
-11.379396915435791,3.020942211151123
-7.548534870147705,-0.4917740821838379
-3.851485252380371,0.988006591796875
-9.690487384796143,-3.7501931190490723
-2.023780345916748,-4.053628444671631
8.074164390563965,-5.607700347900391
-2.4302244186401367,-6.83441162109375
-4.261469841003418,-8.513212203979492
1.0776638984680176,-5.3084492683410645
-5.2230119705200195,-7.774257659912109
-5.324220657348633,-3.6972761154174805
-0.34856799989938736,5.0719499588012695
2.596747875213623,1.052701473236084
7.032537460327148,6.934499740600586
0.6186008080840111,4.234886169433594
-0.37703510373830795,4.748523235321045
1.8460512161254883,9.138679504394531
1.1482595652341843,9.892070293426514
-7.821285724639893,5.407392978668213
1.5433788299560547,10.247278213500977
4.877078533172607,7.485926151275635
0.9046435356140137,5.74573278427124
5.016696453094482,3.1966686248779297
7.208132743835449,0.8439301699399948
-0.9769558906555176,-3.301668167114258
-0.7818222045898438,1.1813998222351074
-3.050076961517334,-3.1495213508605957
2.7449488639831543,-6.8772196769714355
2.3262739181518555,-8.198356628417969
-0.008773800218477845,-8.370089530944824
0.7264137268066406,-8.356893062591553
4.13365364074707,-4.020142555236816
-5.888223648071289,-7.604944705963135
-1.6964435577392578,-3.593456745147705
5.875396728515625,-3.236830234527588
1.5083074569702148,-5.500888824462891
-5.526304244995117,-4.602932929992676
1.394486427307129,-1.5520215034484863
1.625359058380127,-3.357112407684326
-5.147659778594971,0.3600478172302246
-0.19441839307546616,2.8490066528320312
3.72236967086792,1.9161224365234375
-4.4628143310546875,4.101896286010742
-8.110153675079346,2.0133614540100098
-0.04085300024598837,0.05292890127748251
-1.0694026947021484,0.02876519924029708
-4.159820079803467,3.919053077697754
5.959475040435791,-0.3140449896454811
4.6248555183410645,1.4531373977661133
-4.163610935211182,-1.4362335205078125
-0.00619889993686229,-2.8461694717407227
0.30072929337620735,3.0359745025634766
-2.010023593902588,5.094170570373535
3.2708168029785156,0.11556150391697884
6.3533782958984375,1.8646836280822754
7.432377338409424,0.4411936178803444
8.117938041687012,0.5538225173950195
5.944514274597168,6.017923355102539
1.9349217414855957,1.384127140045166
5.442333221435547,0.268244706094265
1.6325116157531738,-0.8415699005126953
1.8876433372497559,-2.0903468132019043
3.412771224975586,2.3090362548828125
-1.7261385917663574,3.402435779571533
-9.306871891021729,3.706073760986328
-6.984281539916992,1.5619754791259766
-4.873836040496826,1.6523957252502441
-4.34718132019043,2.677631378173828
-0.09651180356740952,4.301059246063232
2.78855562210083,5.393373966217041
-0.9257317334413528,3.9133787155151367
-4.099082946777344,3.699183464050293
1.6896724700927734,3.277099132537842
2.881348133087158,3.4685254096984863
4.909789562225342,5.304408073425293
11.071252822875977,6.234395503997803
10.417842864990234,2.349841594696045
6.2522292137146,-0.24850370362401009
4.258549213409424,2.3040413856506348
1.5287280082702637,3.1412243843078613
1.0969281196594238,2.2711873054504395
1.029050424695015,0.7125735282897949
1.8065333366394043,-2.5821805000305176
3.0803322792053223,-4.3915629386901855
-2.5917530059814453,-2.6841044425964355
-7.694530487060547,-1.2282729148864746
-8.385074138641357,-2.4515509605407715
-10.248196125030518,-0.9734272956848145
-10.292530059814453,-4.730749130249023
-2.003359794616699,-1.379549503326416
1.524055004119873,2.1631717681884766
-2.0344138145446777,-0.8922219276428223
-4.127383232116699,2.732861042022705
-3.4179091453552246,2.2689223289489746
-0.9109377861022949,-0.2783774957060814
-1.8183588981628418,1.91422700881958
3.2375574111938477,1.2319087982177734
8.776688575744629,4.023122787475586
5.3490519523620605,2.3583054542541504
3.0043721199035645,-0.024652499705553055
4.551398754119873,-2.226996421813965
0.7448911666870117,-2.2249579429626465
-1.3453006744384766,-2.704191207885742
-3.9304375648498535,-2.9361724853515625
0.0016809000226203352,-5.013251304626465
-2.595210075378418,-4.816114902496338
-3.6201953887939453,-5.074918270111084
-1.024174690246582,-2.364528179168701
-0.864112377166748,-4.0673136711120605
-5.0431132316589355,-3.2420754432678223
-7.146167755126953,-5.207920074462891
-2.4411797523498535,-4.9460768699646
-1.120591163635254,-2.8568148612976074
-2.6923656463623047,-3.648257255554199
1.1378049850463867,-2.1702051162719727
0.7225751876831055,1.7377853393554688
-1.8867254257202148,-0.4273414984345436
-1.6877174377441406,1.0969281196594238
1.7277002334594727,0.8533239364624023
2.7460575103759766,1.0908722877502441
5.597066879272461,2.9849886894226074
8.629059791564941,0.20066499710083008
7.013571262359619,2.807021141052246
9.43613052368164,1.9025921821594238
3.6858558654785156,2.355968952178955
-2.6512622833251953,2.2129058837890625
3.216695785522461,-1.0573506355285645
2.444183826446533,-1.3977408409118652
-0.5407094955444336,-1.551830768585205
0.23875240236520767,1.0553718358278275
1.6847729682922363,3.937673568725586
-3.6420226097106934,3.637683391571045
-7.945740222930908,4.551267623901367
-3.0212044715881348,2.0388364791870117
-0.056838998571038246,0.7267951965332031
-5.622851848602295,2.081179618835449
-4.614830017089844,1.9447684288024902
-2.1048903465270996,3.476893901824951
-3.828859329223633,1.780235767364502
-8.752906322479248,3.7372708320617676
-0.015687899431213737,3.4170150756835938
5.240845680236816,2.35137939453125
-1.0898590087890625,-1.2850642204284668
-0.37244558334350586,-3.312408924102783
5.89139461517334,-1.8253564834594727
-4.521501064300537,-1.4740586280822754
-6.581103801727295,-5.101132392883301
0.7015346735715866,-2.5975584983825684
3.4801363945007324,-8.199191093444824
-2.54518985748291,-9.324872493743896
3.1564712524414062,-12.047433853149414
3.502833843231201,-10.873937606811523
-9.230256080627441,-11.107158660888672
-10.958755016326904,-10.707640647888184
-0.5969643965363503,-11.150932312011719
-2.478468418121338,-8.829474449157715
-0.874018669128418,-6.188499927520752
7.471907138824463,-5.61748743057251
4.234445095062256,-1.334214210510254
-6.838250160217285,3.196549415588379
-0.6335855275392532,2.722179889678955
4.450929164886475,6.133532524108887
6.521153450012207,8.706140518188477
8.860087394714355,11.785662174224854
14.971864223480225,11.431550979614258
5.053114891052246,9.336292743682861
-3.6722183227539062,10.350263118743896
0.4217981919646263,9.67954397201538
3.7886738777160645,11.913645267486572
0.776982307434082,8.30538272857666
4.718923568725586,6.7760467529296875
2.5089025497436523,4.399120807647705
0.3604292869567871,0.8439421653747559
-8.979415893554688,-0.30781030654907227
-6.316030025482178,-1.0962247848510742
-0.7393599301576614,-3.819108009338379
0.5969882011413574,-7.17008113861084
-0.13626810163259506,-9.017646312713623
2.537357807159424,-10.278308391571045
-1.6116976737976074,-8.445239067077637
-4.494452476501465,-9.63296890258789
-4.031801223754883,-8.617258071899414
-0.35756830126047134,-4.333674907684326
0.46442750841379166,-3.46829891204834
1.2144804000854492,-3.6121249198913574
0.04121069796383381,1.487278938293457
1.137542724609375,4.158926010131836
0.8237122744321823,2.504456043243408
-3.8521409034729004,6.896078586578369
0.21712779998779297,5.11547327041626
0.905299186706543,8.964252471923828
-4.167020320892334,9.985029697418213
-1.046907901763916,6.790423393249512
7.1976423263549805,6.78941011428833
5.324339866638184,8.408069610595703
4.474472999572754,7.4303507804870605
9.903419017791748,9.201395511627197
6.597900390625,6.137716770172119
-1.1168479919433594,1.746046543121338
5.620884895324707,1.2463927268981934
6.110620498657227,1.020669937133789
2.5547146797180176,-0.6113886833190918
3.4743428230285645,0.952458381652832
2.169787883758545,-3.0611038208007812
-2.234494686126709,-5.844020843505859
-2.1408915519714355,-5.246853828430176
-2.3708701133728027,-7.642531394958496
-0.23304220288991928,-5.8357834815979
-1.6590237617492676,-3.920626640319824
-0.3520011901855469,-4.984176158905029
-3.2308101654052734,-2.147078514099121
-5.710053443908691,0.16859769821166992
-5.264270305633545,0.1578688994050026
-3.5051345825195312,-0.5279302969574928
-3.5435914993286133,-0.39515499025583267
-2.4259209632873535,-2.0715713500976562
-1.699972152709961,3.1711220741271973
-2.8871536254882812,2.1299242973327637
-2.276778221130371,1.0695099830627441
-3.19901704788208,-1.1581659317016602
-0.09415149688720703,-1.5348553657531738
0.17542840912938118,-1.2920856475830078
0.7540345191955566,-0.24381879717111588
0.8569478988647461,-1.5841960906982422
3.6287784576416016,-0.060296100564301014
3.5132884979248047,-4.060542583465576
2.0794153213500977,-3.225088119506836
4.483377933502197,-1.2675166130065918
4.527640342712402,-0.46705011278390884
4.495811462402344,-2.91975736618042
2.7052998542785645,-0.5556344985961914
1.8264293670654297,-1.6929149627685547
1.4109492301940918,2.5389790534973145
-1.497483253479004,1.148819923400879
-4.01461124420166,-3.083479404449463
-2.7138233184814453,-2.205038070678711
-1.9234299659729004,-2.8069376945495605
-10.060620307922363,-4.491925239562988
-2.2487640380859375,-2.160775661468506
-1.262223720550537,-5.213963985443115
-8.112430572509766,-4.206550121307373
-6.290090084075928,-2.2873282432556152
-3.7950873374938965,-2.8225064277648926
-9.613215923309326,-7.79186487197876
-7.214534282684326,-1.2950897216796875
-3.144693374633789,0.5406856909394264
-1.7929673194885254,4.163992404937744
4.612946510314941,5.273115634918213
4.774951934814453,4.417228698730469
4.894757270812988,2.453029155731201
8.722996711730957,3.328573703765869
4.48148250579834,4.1779279708862305
0.363767109811306,6.403684616088867
4.570138454437256,7.357692718505859
4.3099045753479,4.759740829467773
2.3450136184692383,5.321097373962402
6.036138534545898,-0.14169219881296158
2.4033069610595703,1.7203450202941895
-2.578592300415039,1.5470504760742188
0.48303600400686264,0.25748010724782944
-4.639112949371338,-2.4017930030822754
-1.4417648315429688,-3.521239757537842
0.6414890289306641,-2.658867835998535
-1.2160181999206543,-0.974583625793457
-7.251036167144775,-2.935612201690674
-2.3989439010620117,-4.8745036125183105
-5.918097496032715,-5.255448818206787
-3.2402753829956055,-3.4429430961608887
-1.2974858283996582,0.5686521902680397
6.017577648162842,1.2826800346374512
3.00675630569458,0.15747550874948502
3.2661795616149902,-1.34354829788208
10.18294095993042,-0.6383299827575684
0.01039510010741651,3.0087709426879883
-5.047595500946045,5.76857328414917
5.504286289215088,7.0349931716918945
-3.325355052947998,2.5598883628845215
-8.938419818878174,0.10596510022878647
4.010260105133057,0.8290647715330124
6.288599967956543,0.09299520403146744
-10.146450996398926,-0.5935310944914818
-6.378960609436035,-3.970515727996826
2.1237850189208984,-3.350973129272461
-5.450892448425293,-5.330026149749756
-10.06401777267456,-4.433560371398926
4.810178279876709,-2.642393112182617
6.178939342498779,0.4915713891386986
-8.959400653839111,-2.6441574096679688
-1.6270041465759277,-1.2945890426635742
9.932351112365723,-0.5528926849365234
0.7386208325624466,2.4199485778808594
-0.46973228454589844,8.221185207366943
11.621832847595215,7.837080955505371
10.142409801483154,6.150150299072266
-1.9654273986816406,5.766820907592773
0.8516550064086914,4.89351749420166
6.982529163360596,5.708587169647217
-0.2279162034392357,4.30142879486084
-7.051956653594971,3.822493553161621
4.049718379974365,3.580000111469417e-05
1.1744976043701172,1.6249537467956543
-5.768322944641113,-0.4973173141479492
1.8682003021240234,-1.9553422927856445
3.3294320106506348,0.48885349184274673
-1.058638095855713,-1.3877391815185547
2.7448654174804688,-3.2267212867736816
7.005274295806885,-0.7088541984558105
5.712389945983887,-1.1288762092590332
4.947102069854736,-0.49124959856271744
4.8972249031066895,1.9227862358093262
6.849157810211182,1.7843842506408691
0.29004810377955437,1.0353683680295944
1.7226338386535645,3.851914405822754
3.7368059158325195,5.015170574188232
0.27530189603567123,4.426133632659912
-6.500101089477539,3.256082534790039
-4.546332359313965,4.236090183258057
-6.78943395614624,0.5527019873261452
-10.372793674468994,2.984166145324707
-7.522881031036377,-0.5312800034880638
-2.8249025344848633,-0.33568140119314194
-2.6541948318481445,2.2667765617370605
-4.1199564933776855,-0.12203450314700603
0.3216267004609108,-1.753830909729004
0.1798390969634056,0.2404928021132946
-3.4812569618225098,-0.5249381065368652
-0.4546165093779564,2.2975802421569824
3.984189033508301,4.213809967041016
4.472911357879639,2.8739213943481445
0.8669137954711914,2.6225805282592773
4.973900318145752,3.458893299102783
4.5745849609375,4.728066921234131
-0.979006290435791,4.148674011230469
-0.9229063987731934,5.10716438293457
3.472614288330078,2.131164073944092
-0.17789600417017937,-2.0635128021240234
-3.4881591796875,-1.3200640678405762
-2.889251708984375,-1.1510015279054642
-0.7277966290712357,-0.642859935760498
-4.689180850982666,-2.136409282684326
-4.129505157470703,-7.277488708496094
-0.5792498961091042,-7.899665832519531
0.24514200165867805,-7.411301136016846
-5.804741382598877,-4.9376606941223145
-0.8648396283388138,-4.8744916915893555
-2.6281237602233887,-2.892184257507324
-3.1999707221984863,-6.302380561828613
0.7667422294616699,-2.9166579246520996
5.476856231689453,-3.1399011611938477
-1.7381787300109863,1.5490055084228516
0.4967689886689186,2.08204984664917
2.6399612426757812,4.475212097167969
-4.0224432945251465,6.169164180755615
0.7482767105102539,2.202737331390381
7.048630714416504,3.374171257019043
3.24476957321167,3.1907200813293457
2.399754524230957,4.014444351196289
7.980847358703613,3.411269187927246
1.4600396156311035,2.3345947265625
-0.23624900728464127,0.1156568992882967
7.668793201446533,-2.1443605422973633
7.04953670501709,-3.2066702842712402
-0.8450747281312943,-2.1216869354248047
-4.171359539031982,-2.6208996772766113
-4.511725902557373,-1.1688709259033203
-7.915031909942627,0.572657585144043
-8.599722385406494,-3.100574016571045
-4.106402397155762,-3.8188576698303223
-4.494762420654297,0.4268645867705345
-8.938813209533691,-0.3061890974640846
-6.462252140045166,0.0116586999502033
-5.495500564575195,2.0096302032470703
-4.193973541259766,-1.1118649691343307
-3.2840490341186523,-2.319347858428955
5.405330657958984,0.4742145910859108
4.269146919250488,-2.147555351257324
2.8623104095458984,-2.535736560821533
5.4237961769104,-3.814232349395752
2.998983860015869,-9.42445993423462
-0.32799240201711655,-5.469870567321777
6.684911251068115,-5.969583988189697
6.484699249267578,-6.886816024780273
0.9482861310243607,-6.446099281311035
0.2032637968659401,-9.066736698150635
0.6058334931731224,-11.584782600402832
-6.335330009460449,-9.973537921905518
-9.662961959838867,-9.59242582321167
-5.360579490661621,-8.548343181610107
-9.062027931213379,-6.434333324432373
-11.407935619354248,-4.519999027252197
-8.104312419891357,-2.09500789642334
-3.967130184173584,-1.5551567077636719
-7.291972637176514,2.7857542037963867
-2.4970173835754395,6.751859188079834
2.611410617828369,8.811640739440918
3.926682472229004,12.160027027130127
4.0544867515563965,12.28104829788208
8.99498462677002,9.515345096588135
10.869383811950684,11.991608142852783
11.229658126831055,10.259568691253662
7.881724834442139,11.688554286956787
9.398055076599121,11.66774034500122
8.077001571655273,10.275423526763916
6.181776523590088,8.913671970367432
5.083596706390381,4.874122142791748
3.970968723297119,3.10208797454834
1.1683940887451172,1.9520998001098633
-2.6349544525146484,1.2124180793762207
-3.527975082397461,-2.2922515869140625
-4.7631025314331055,-3.655064105987549
-5.366241931915283,-4.606914520263672
-2.4930953979492188,-6.031215190887451
-5.918228626251221,-5.6540846824646
0.577700100839138,-6.20877742767334
1.025402471423149,-7.591068744659424
-8.043050765991211,-3.3286333084106445
-2.6723384857177734,-1.714777946472168
0.23001430556178093,1.0100364685058594
-4.535543918609619,0.38350820541381836
-2.4558544158935547,1.158440113067627
2.0944595336914062,6.2416911125183105
-3.087592124938965,6.01804256439209
-5.371403694152832,8.038783073425293
-0.87981216609478,8.185434341430664
0.8629322052001953,9.122860431671143
2.2011637687683105,7.38675594329834
2.7661800384521484,10.920274257659912
3.1778335571289062,9.55193042755127
7.238399982452393,5.137240886688232
2.6013612747192383,3.027796745300293
4.421365261077881,1.0541558265686035
11.647379398345947,1.4403343200683594
8.981215953826904,-0.38596391677856445
1.9393444061279297,-2.3823022842407227
1.2848377227783203,-3.2613158226013184
3.3737659454345703,-4.750525951385498
-3.7963390350341797,-5.0930023193359375
-1.6545295715332031,-5.552279949188232
4.551422595977783,-4.067885875701904
1.9010305404663086,-7.414591312408447
-4.123890399932861,-8.683955669403076
-4.077005386352539,-7.961881160736084
-4.023528099060059,-7.124829292297363
-5.712103843688965,-2.611052989959717
-5.740857124328613,-2.6706337928771973
-0.28769969940185547,-3.6721229553222656
3.8382530212402344,-4.773414134979248
-2.403700351715088,-5.2585601806640625
-3.8791775703430176,-2.5585532188415527
-2.1172523498535156,0.7575035095214844
-4.15419340133667,-2.7801871299743652
-2.481508255004883,-7.523500919342041
-0.4309893026947975,-7.621049880981445
3.7423014640808105,-5.388402938842773
3.705263137817383,-1.9593358039855957
0.27793649584054947,-2.0411252975463867
-6.053590774536133,-2.6228785514831543
-2.8494954109191895,-3.810751438140869
-1.642775535583496,-0.038480800576508045
-2.6789069175720215,3.260064125061035
1.0819315910339355,6.908714771270752
4.545426368713379,8.88432264328003
-1.3302206993103027,-1.0040760040283203
-1.4349699020385742,2.353024482727051
-2.9450178146362305,2.363407611846924
0.6227732077240944,6.569039821624756
-1.1298537254333496,8.401191234588623
-0.11938810348510742,3.622281551361084
0.7019280642271042,1.140749529004097
-3.5554885864257812,1.7078518867492676
-5.874037742614746,-4.306399822235107
-1.4041423797607422,-2.2060036659240723
-5.33677339553833,-3.650069236755371
-3.7139415740966797,-7.649731636047363
0.9080886840820312,-7.2450995445251465
-0.8757472038269043,-9.966814517974854
-3.597390651702881,-8.468592166900635
1.3565778732299805,-8.793532848358154
-0.6718754768371582,-5.412626266479492
-0.3792285919189453,-8.573353290557861
5.846190452575684,-4.078567028045654
-0.9430527687072754,3.0875682830810547
-2.2638797760009766,2.660214900970459
8.815193176269531,9.695780277252197
1.5208840370178223,6.800532341003418
0.6593822687864304,6.528782844543457
5.0437331199646,11.618804931640625
2.916693687438965,8.328831195831299
-9.008455276489258,9.422016143798828
-2.700948715209961,12.26818561553955
1.7099976539611816,6.2427520751953125
2.906942367553711,8.802175521850586
6.487691402435303,2.9955148696899414
5.742835998535156,0.09671449661254883
-4.36244010925293,-2.6072025299072266
-5.388212203979492,-0.7064700126647949
-6.722056865692139,-1.5940546989440918
-2.0624279975891113,-3.395199775695801
2.327752113342285,-4.6466827392578125
5.743646621704102,-7.220947742462158
-0.7837414741516113,-9.851455688476562
-2.063632011413574,-3.909420967102051
-1.7515778541564941,-5.253469944000244
1.6001582145690918,-3.452897071838379
2.251601219177246,-0.4939436912536621
9.693706035614014,-2.7052998542785645
9.407055377960205,-0.2611399069428444
-1.4202475547790527,1.073896884918213
-3.3393383026123047,2.939152717590332
1.1567115783691406,5.228400230407715
-3.820514678955078,6.313180923461914
-3.735935688018799,4.901111125946045
1.9852995872497559,6.943786144256592
-4.1445136070251465,2.1942138671875
-10.135459899902344,3.7289977073669434
-7.0043206214904785,-1.4952421188354492
-4.834568500518799,1.8426179885864258
-7.084441184997559,-2.9163241386413574
-2.0519256591796875,-5.536091327667236
2.119314670562744,-3.3425450325012207
-1.319897174835205,-8.123934268951416
-4.1777849197387695,-1.6878724098205566
0.9705662727355957,-1.9295096397399902
1.8144011497497559,-2.6706337928771973
3.736448287963867,-0.8243560791015625
11.012256145477295,-0.6595849990844727
11.406385898590088,0.9153246879577637
6.870067119598389,6.879591941833496
5.403947830200195,6.838715076446533
6.082808971405029,7.908809185028076
5.901360511779785,4.510140419006348
7.622134685516357,3.7173986434936523
5.161178112030029,5.694389343261719
1.9373297691345215,7.786202430725098
-3.2638192176818848,6.8761467933654785
-7.425546646118164,-2.0942211151123047
-9.475183486938477,-1.2183070182800293
-7.985544204711914,-1.7667889595031738
-1.9527912139892578,-0.832521915435791
-1.7370820045471191,-0.07213349919766188
-0.9386658668518066,-6.244921684265137
-1.2953758239746094,-8.741867542266846
-1.1654376983642578,-4.506826400756836
1.9443511962890625,-1.8065214157104492
0.96678726375103,3.7104249000549316
5.965709686279297,-1.6062498092651367
8.949136734008789,-3.068113327026367
4.196953773498535,-3.1319499015808105
8.632516860961914,3.495669364929199
5.7885050773620605,6.535041332244873
1.7507433891296387,4.852867126464844
3.257429599761963,3.4374117851257324
3.713703155517578,-0.9768723696470261
-1.664876937866211,1.704859733581543
-2.9845595359802246,4.223966598510742
-5.252945423126221,5.622565746307373
-6.3745856285095215,1.8718838691711426
-5.8534979820251465,-0.7038593292236328
-4.265689849853516,-3.192746639251709
-4.645776748657227,0.20627979189157486
-1.6276836395263672,3.3359527587890625
-5.385959148406982,3.1201720237731934
-5.272698402404785,-2.608358860015869
-2.7155041694641113,-0.6214261054992676
0.9531497955322266,-1.122450828552246
2.138662338256836,3.2449841499328613
4.979419708251953,4.360353946685791
1.777052879333496,3.7213921546936035
0.38526058197021484,-3.661227226257324
-1.7637133598327637,0.4032731056213379
2.659320831298828,-2.483057975769043
6.756603717803955,-0.6151318922638893
2.0819783210754395,0.8617640286684036
0.34106969833374023,-8.055102825164795
-3.0832886695861816,-2.8668642044067383
-3.6852598190307617,-2.7242302894592285
-4.904699325561523,-5.796754360198975
0.19108060747385025,-2.6236891746520996
2.37884521484375,-1.169896125793457
2.4550437927246094,-5.903661251068115
-3.4633755683898926,-0.02576109953224659
-6.676721572875977,0.7855653762817383
-6.044960021972656,1.5522003173828125
-5.702626705169678,4.5876145362854
-3.866124153137207,3.2258033752441406
3.393423557281494,-2.4691224098205566
2.940666675567627,2.825295925140381
2.002441883087158,5.904281139373779
0.14431480318307877,2.324533462524414
-1.4054059982299805,6.792449951171875
-4.782307147979736,1.4451026916503906
4.206395149230957,0.5117416009306908
8.56010913848877,4.277408123016357
6.4702630043029785,-0.3491044044494629
6.2569260597229,-1.5282273292541504
3.402566909790039,0.5879044905304909
-6.345319747924805,-3.82918119430542
-3.277158737182617,-3.850090503692627
-0.7088541984558105,-2.8297781944274902
1.2416601181030273,-5.607104301452637
2.9156088829040527,-4.027056694030762
0.6752490997314453,-2.5571227073669434
-4.68064546585083,-3.0637502670288086
-2.546226978302002,-3.9951205253601074
-9.40852165222168,0.42922500520944595
-5.254125595092773,0.15183690004050732
0.4386186972260475,0.17000440508127213
-5.5463433265686035,2.3096323013305664
-3.7160158157348633,-1.9280314445495605
2.8249621391296387,2.8154850006103516
-4.6785712242126465,2.617788314819336
-2.5318264961242676,-1.6853094100952148
5.856716632843018,-1.950371265411377
3.5305261611938477,-2.0134329795837402
1.304471492767334,-2.715480327606201
5.270564556121826,-1.5581488609313965
1.3422250747680664,-1.4447927474975586
-3.71706485748291,-7.717609405517578
1.857924461364746,-6.825590133666992
2.144801616668701,-7.119357585906982
1.0987401008605957,-10.337996482849121
0.5611538887023926,-9.259355068206787
-3.188621997833252,-8.242738246917725
-9.433567523956299,-10.304951667785645
-4.9076080322265625,-7.011115550994873
-5.5442094802856445,-6.708884239196777
-4.2301177978515625,-0.8161067962646484
-2.675473690032959,1.0038136690855026
-1.4335393905639648,3.5625338554382324
-2.513253688812256,2.5237321853637695
0.7245541363954544,6.380414962768555
5.98597526550293,9.320473670959473
12.838160991668701,9.907770156860352
7.711553573608398,10.78420877456665
5.481553077697754,6.847202777862549
4.680764675140381,5.89519739151001
1.7406940460205078,8.425641059875488
3.4400343894958496,5.373704433441162
9.847092628479004,4.711019992828369
9.263253211975098,3.3918142318725586
1.4635443687438965,0.16489030793309212
-0.29413700103759766,0.03205539891496301
-3.928053379058838,0.254511795938015
-10.693442821502686,-2.093517780303955
-3.61098051071167,-0.3618001937866211
2.4672865867614746,-3.097081184387207
-2.4556875228881836,-6.053817272186279
-2.1964192390441895,-7.244062423706055
-4.203891754150391,-4.282629489898682
-8.53266716003418,-1.7532110214233398
-6.931638717651367,-0.3577589988708496
0.7827162742614746,-1.606154441833496
3.3556699752807617,-3.963446617126465
5.8364152908325195,0.5302667990326881
4.800069332122803,4.016757011413574
0.6313443183898926,2.0151376724243164
-5.189967155456543,6.288456916809082
-3.956735134124756,3.8704872131347656
2.0700931549072266,4.159832000732422
2.2613525390625,7.283151149749756
2.170240879058838,5.998504161834717
4.213118553161621,4.062068462371826
-2.483046054840088,4.227924346923828
-6.548035144805908,1.9966959953308105
4.1084885597229,0.5254269018769264
3.605818748474121,1.6182780265808105
6.2908172607421875,-0.013160699745640159
9.671521186828613,0.3643155097961426
7.673430442810059,-4.106318950653076
-3.369784355163574,-3.521871566772461
-1.0693669319152832,-5.511009693145752
-0.22903680801391602,-0.37419799715280533
0.27167800813913345,-2.518904209136963
0.5116701126098633,-5.817520618438721
8.292615413665771,-4.729044437408447
5.5600762367248535,-7.169592380523682
3.5348892211914062,-5.453240871429443
-5.57553768157959,0.32439228147268295
-7.763683795928955,-2.6234030723571777
-2.377605438232422,-0.7344841957092285
-2.311718463897705,-0.8850812911987305
-2.855968475341797,-0.29097799211740494
6.506633758544922,3.2412171363830566
4.159855842590332,4.287958145141602
-8.060979843139648,1.0150671005249023
-7.755088806152344,-0.4585384950041771
-1.8411755561828613,0.6245135888457298
-4.3747663497924805,-0.230634193867445
-1.40610933303833,-1.5146136283874512
5.61366081237793,-0.9351850301027298
0.4621148109436035,-4.0190935134887695
-6.728029251098633,-7.239985466003418
-2.5571584701538086,-2.745223045349121
-2.1475791931152344,-1.9387245178222656
-1.2620091438293457,-3.806579113006592
4.641926288604736,-2.379631996154785
5.089986324310303,-7.02972412109375
1.883864402770996,0.30956270173192024
1.6629576683044434,2.34222412109375
-2.2212743759155273,6.4354658126831055
-3.0711889266967773,3.3956408500671387
2.921140193939209,3.9435386657714844
5.599820613861084,3.391706943511963
4.111588001251221,4.135596752166748
4.347634315490723,11.141383647918701
3.0361294746398926,6.214463710784912
-3.9908885955810547,2.5880932807922363
-2.628028392791748,4.067540168762207
-1.790165901184082,1.4967799186706543
1.3346195220947266,0.4128574952483177
-2.0575523376464844,-1.3068318367004395
-6.916511058807373,-9.519696235656738
-7.430696487426758,-11.481785774230957
-5.9484124183654785,-15.558302402496338
-14.304769039154053,-4.851651191711426
-12.71812915802002,-5.4164886474609375
3.321659564971924,-3.088498115539551
-1.9745230674743652,-6.91598653793335
-1.2577295303344727,-6.574010848999023
5.728268623352051,-1.5528559684753418
7.937407493591309,8.187699317932129
-3.768908977508545,8.897268772125244
-2.965092658996582,10.564541816711426
4.835104942321777,8.823323249816895
7.621109485626221,7.8856706619262695
10.902702808380127,8.488166332244873
13.239109516143799,10.014736652374268
11.482536792755127,9.723293781280518
4.401826858520508,7.490670680999756
-5.762088298797607,3.8512587547302246
0.055396598763763905,-1.0492324829101562
2.7294158935546875,-0.623023509979248
-3.9679646492004395,-4.471838474273682
-3.2613396644592285,-4.6898722648620605
-1.8078804016113281,-8.258438110351562
-11.222982406616211,-11.54029369354248
-14.86198902130127,-13.135182857513428
-5.265450477600098,-11.120045185089111
-1.0762333869934082,-11.693906784057617
-1.5378832817077637,-9.693419933319092
2.792036533355713,-9.843754768371582
9.098029136657715,-10.188722610473633
4.041886329650879,-5.247819423675537
-0.8687257766723633,-1.394343376159668
-0.8834599703550339,1.1061429977416992
4.555845260620117,3.911471366882324
-2.521240711212158,6.457328796386719
-0.12570619583129883,5.140841007232666
9.723341464996338,9.28030014038086
4.403936862945557,13.446521759033203
-5.973470211029053,5.8672308921813965
-1.6227006912231445,8.48325490951538
-0.8058071136474609,3.5957694053649902
-9.754693508148193,-1.9696831703186035
-4.40291166305542,1.802229881286621
3.166532516479492,-0.05152230150997639
2.1783828735351562,-6.036770343780518
0.03832580056041479,-4.309630393981934
3.24019193649292,-8.029866218566895
5.095148086547852,-7.454156875610352
1.3907790184020996,-3.5618185997009277
1.4261841773986816,-2.439427375793457
7.993423938751221,-4.416394233703613
5.958545207977295,-1.128840371966362
4.228675365447998,-2.67716646194458
7.019615173339844,1.7441391944885254
1.3509750366210938,9.212315082550049
-4.162287712097168,5.769252777099609
-0.16483070328831673,3.885352611541748
-4.168307781219482,8.144128322601318
-2.5888919830322266,5.687403678894043
0.45522451400756836,9.81597900390625
-2.2298455238342285,8.93542766571045
-5.120968818664551,3.8553476333618164
-2.8085708618164062,4.200124740600586
-5.103802680969238,-0.657808780670166
1.5334844589233398,2.7626872062683105
4.089152812957764,0.596928596496582
1.6542315483093262,2.048349380493164
5.705833435058594,-0.4138946905732155
6.116843223571777,-2.8401732444763184
3.626418113708496,-4.82478141784668
3.0057191848754883,-0.8945822715759277
8.71652364730835,1.4881610870361328
6.900179386138916,5.110609531402588
1.8502473831176758,0.4947543144226074
1.988053321838379,0.28766389936208725
-0.821995735168457,-1.8827080726623535
-7.472646236419678,2.5156617164611816
-7.227003574371338,4.140937328338623
-0.2611994929611683,3.7534356117248535
-0.980985164642334,2.945864200592041
-4.292917251586914,-0.36127571016550064
1.1291027069091797,3.4754395484924316
-2.5685787200927734,2.1506309509277344
-6.525063514709473,-0.43487548828125
-6.250643730163574,0.4834771156311035
0.3658295050263405,0.21049980074167252
0.7358192652463913,1.0189533233642578
0.2260446920990944,2.2099852561950684
-0.17832519486546516,2.292943000793457
2.3146510124206543,0.3139019012451172
0.33080581575632095,1.8634319305419922
0.8063316345214844,-1.37251615524292
1.1256933212280273,-0.6183267012238503
4.5716166496276855,3.5616397857666016
0.16590360552072525,-0.07259849924594164
-3.3296823501586914,0.3703713044524193
-1.5645742416381836,-0.594794787466526
0.31588081270456314,-1.8665432929992676
-2.2720813751220703,-3.101944923400879
-0.25042299181222916,-3.0925631523132324
4.057717323303223,-3.331923484802246
2.3002982139587402,-6.728029251098633
-2.3270249366760254,-3.2102108001708984
-2.2617459297180176,-4.443657398223877
-3.198683261871338,-2.436387538909912
-5.2483439445495605,-1.2350677698850632
-4.902076721191406,-4.698646068572998
-0.04552599973976612,-4.220485687255859
2.208125591278076,-0.012016299879178405
1.542365550994873,0.07624629884958267
-0.7825850695371628,2.5490641593933105
1.3707637786865234,2.8560757637023926
-1.973569393157959,3.2857298851013184
0.42920108884572983,1.120293065905571
6.839597225189209,2.9811859130859375
10.05641222000122,-0.26537179946899414
4.2073845863342285,-0.2518415078520775
6.909835338592529,1.095139980316162
2.3949265480041504,1.5411019325256348
0.4453421011567116,-1.3604998588562012
-0.22683139890432358,0.7121921330690384
4.397225379943848,-3.462064266204834
4.0779829025268555,-3.1056761741638184
-0.8460879325866699,-1.5250921249389648
-3.076326847076416,-2.324235439300537
-3.956151008605957,-1.5658140182495117
-11.121094226837158,3.3985376358032227
-10.483360290527344,1.5523791313171387
-5.780124664306641,1.7883658409118652
-3.0994415283203125,-0.8217812329530716
-9.261870384216309,-0.3930807113647461
-2.915787696838379,0.1252293959259987
-2.8871655464172363,3.5733819007873535
-6.763327121734619,-0.5849837884306908
-4.69052791595459,-0.1924872025847435
3.5202860832214355,-1.4337897300720215
5.168807506561279,-2.9783129692077637
5.613124370574951,-4.600346088409424
5.31851053237915,-4.03745174407959
5.187737941741943,-6.6780686378479
2.8422951698303223,-3.9315223693847656
-0.9239553660154343,-7.989633083343506
5.895340442657471,-8.880376815795898
3.545665740966797,-7.633757591247559
-3.2781600952148438,-13.435912132263184
-4.198908805847168,-9.43136215209961
0.11265279725193977,-8.592760562896729
-8.890557289123535,-10.885024070739746
-8.712601661682129,-4.387497901916504
-1.6560673713684082,-4.987335205078125
-3.2088756561279297,-0.8939623832702637
-3.5311102867126465,2.1198630332946777
-1.6864776611328125,1.6892194747924805
0.341033898293972,4.253673553466797
5.205380916595459,9.04548168182373
5.835521221160889,10.762906074523926
8.00025463104248,8.522498607635498
6.006824970245361,9.160876274108887
5.31163215637207,9.058725833892822
6.745469570159912,6.971275806427002
2.094602584838867,12.546133995056152
2.339649200439453,10.300028324127197
8.185017108917236,10.603141784667969
-0.6936907768249512,5.658149719238281
-2.8780579566955566,4.345083236694336
0.5282402038574219,4.057300090789795
1.192152500152588,1.3201236724853516
-5.978047847747803,-1.292431354522705
1.2287616729736328,-5.037569999694824
1.8752694129943848,-7.501065731048584
-6.612348556518555,-5.639052391052246
-6.349468231201172,-6.491494178771973
0.3879427909851074,-7.562124729156494
-1.0974407196044922,-4.418599605560303
1.1728168278932571,-9.111452102661133
0.42014118283987045,-7.553279399871826
0.7734417915344238,-0.43675899505615234
-1.872396469116211,-0.33730268478393555
-3.6581039428710938,2.586054801940918
-1.6104578971862793,5.395388603210449
5.118048191070557,-0.327455997467041
2.791893482208252,7.9470038414001465
-1.5668988227844238,9.426593780517578
0.8674026280641556,6.573426723480225
0.9168028831481934,9.629666805267334
-3.8161873817443848,5.631542205810547
2.557861804962158,8.95017385482788
9.49397087097168,11.686038970947266
8.931052684783936,7.069146633148193
5.5024027824401855,3.4646034240722656
5.69455623626709,1.8971920013427734
5.286359786987305,1.531660556793213
4.005444049835205,-0.788116529583931
2.526235580444336,0.7856010645627975
7.897055149078369,-2.240157127380371
4.903852939605713,-4.406130313873291
-3.0690431594848633,-3.580796718597412
-4.034006595611572,-5.251705646514893
-2.5154829025268555,-5.938208103179932
-6.0205817222595215,-3.85134220123291
-1.760256290435791,-5.228471755981445
3.1958580017089844,-4.2052507400512695
-2.8919100761413574,-4.038846492767334
-4.439747333526611,-1.2585997581481934
-5.659806728363037,2.29719877243042
-7.72780179977417,4.394233226776123
-6.524288654327393,3.0297279357910156
-2.2714734077453613,0.49223899841308594
-3.080606460571289,1.169455125927925
-0.9132146835327148,-0.5455613136291504
-0.6308317184448242,-2.1446943283081055
-4.892337322235107,-5.284595489501953
-5.52140474319458,-3.8452625274658203
-0.5514264106750488,-6.412065029144287
1.0114789009094238,-6.435739994049072
2.4236083030700684,-9.341728687286377
6.486868858337402,-8.052670955657959
5.96923828125,-5.201435089111328
2.4024009704589844,-2.2992372512817383
2.648937702178955,0.5282282829284668
2.225947380065918,0.4598259925842285
2.243340015411377,0.8569121360778809
3.493797779083252,1.8520474433898926
5.696761608123779,7.102012634277344
2.5002121925354004,5.304920673370361
1.1643052101135254,5.498826503753662
-5.2406907081604,1.8253564834594727
-6.621861457824707,2.0555734634399414
-2.226579189300537,4.037725925445557
-6.972622871398926,1.130819320678711
-4.266464710235596,-2.9046058654785156
-1.4882922172546387,-5.8066606521606445
-2.3764967918395996,-11.770045757293701
-9.264874458312988,-10.877883434295654
-7.211363315582275,-11.141574382781982
-7.39516019821167,-12.832117080688477
-6.438124179840088,-7.005977630615234
-9.512126445770264,-7.104790210723877
-1.2137650698423386,-4.8198699951171875
1.2065768241882324,-1.0518909245729446
2.9896020889282227,2.466762065887451
3.7370800971984863,4.942429065704346
7.370448112487793,10.013628005981445
4.1870832443237305,7.1115851402282715
2.4108409881591797,8.729124069213867
6.410467624664307,13.713407516479492
7.955038547515869,14.360272884368896
9.097433090209961,11.327207088470459
7.4556708335876465,9.599614143371582
2.4440884590148926,3.818178176879883
-0.9482979774475098,5.552458763122559
-1.4597296714782715,5.558288097381592
0.35080909729003906,-0.6234287843108177
0.15209910459816456,-2.9541015625
-0.4069805145263672,-5.611932277679443
0.11335610412061214,-7.45549201965332
-4.275393486022949,-4.476511478424072
-7.036864757537842,-9.09656286239624
-3.738677501678467,-10.993552207946777
-3.521847724914551,-7.920324802398682
-5.575919151306152,-3.938281536102295
2.532052993774414,-3.3370494842529297
1.0893940925598145,-2.7469754219055176
-3.1787753105163574,-0.575101412832737
4.4194817543029785,1.1738896369934082
7.448303699493408,2.881038188934326
1.0814548283815384,3.9792418479919434
5.109047889709473,2.8845667839050293
5.3619384765625,4.172003269195557
-1.7705798149108887,5.54729700088501
-1.836550235748291,6.546783447265625
-2.3969054222106934,6.999719142913818
-4.741799831390381,1.373279094696045
-0.9106873720884323,4.730820655822754
0.7417439669370651,-0.7163763046264648
-2.0105719566345215,-3.251183032989502
-5.622339248657227,-0.827491283416748
-6.854259967803955,-1.8309235572814941
-6.279480457305908,-1.3890624046325684
-6.127655506134033,-0.42657848447561264
-0.7641434669494629,-3.2990217208862305
6.379032135009766,-0.895083025097847
6.47662878036499,2.1279096603393555
5.280256271362305,1.3299942016601562
4.92633581161499,1.7467975616455078
2.6302218437194824,2.3689985275268555
0.7074475288391113,4.168510437011719
7.975339889526367,3.6971569061279297
9.062564373016357,6.35223388671875
8.179938793182373,1.6598939895629883
4.067683219909668,2.3868560791015625
-0.9098290652036667,2.8501391410827637
-1.4420866966247559,3.8423776626586914
-0.3448963165283203,3.080594539642334
-1.0054469108581543,-0.06000999826937914
3.3388137817382812,-0.5418539047241211
4.1324615478515625,-0.32356981188058853
2.590668201446533,0.2774835005402565
-1.596081256866455,-2.0881295204162598
-3.6092281341552734,-2.2547125816345215
-0.5653500929474831,-1.4861226081848145
3.1250953674316406,-0.5734682083129883
-0.48215389251708984,0.38390159606933594
0.7677555084228516,-0.40198560804128647
1.7184853553771973,0.2773403935134411
-1.3750553131103516,0.3132938966155052
-5.005156993865967,0.7511377334594727
0.5141019821166992,3.5512447357177734
0.13390780426561832,4.349207878112793
-2.9726505279541016,1.900160312652588
-4.4181227684021,2.887427806854248
-3.6432504653930664,2.4706244468688965
-4.4036030769348145,3.9172768592834473
-3.1772494316101074,4.921674728393555
3.1383872032165527,3.6768555641174316
3.5508155822753906,2.9678821563720703
4.158270359039307,0.6561875343322754
1.6856908798217773,-0.35839080810546875
0.4297136887907982,0.5108832940459251
1.347208023071289,1.7999649047851562
-1.8773078918457031,1.6530871391296387
-1.3701200485229492,-0.16492610797286034
1.9182562828063965,2.5639772415161133
1.699817180633545,-1.7330169677734375
-0.2163529023528099,-1.1933565139770508
-3.6823153495788574,-1.3348817825317383
-3.5470008850097656,-1.7918944358825684
-4.838800430297852,-2.168726921081543
-6.088781356811523,-1.5643596649169922
-2.1765708923339844,-1.3148069381713867
1.3109564781188965,-1.1343122273683548
2.7359962463378906,-2.8499960899353027
0.19575359299778938,-5.0438761711120605
-1.7367959022521973,-5.912566184997559
-3.1458139419555664,-1.6698122024536133
-0.8579015731811523,-2.1136879920959473
-5.9473395347595215,-1.5227198600769043
-3.7809014320373535,-0.5538463965058327
1.24144546687603,0.11752840131521225
0.24783609434962273,-2.400839328765869
-0.4910469055175781,-1.3091564178466797
6.9550275802612305,-2.1338343620300293
5.783891677856445,0.9245157241821289
-2.957749366760254,-0.31461719423532486
-0.9235978126525879,-1.0887742042541504
0.20791290327906609,1.2206196784973145
-2.7452826499938965,0.3205418959259987
2.69697904586792,4.468870162963867
8.208870887756348,3.8349390029907227
6.861531734466553,0.022959699854254723
6.5793633460998535,-0.9365081787109375
-0.9402036666870117,-4.617869853973389
-1.6110897064208984,2.066528797149658
-0.8276224136352539,3.5250306129455566
-3.5274863243103027,0.9972810745239258
-2.155637741088867,1.0386109352111816
3.7447214126586914,-4.409492015838623
1.6271471977233887,-3.1224489212036133
-4.305779933929443,-0.20453929901123047
-6.121194362640381,2.7601122856140137
-9.007561206817627,2.1347641944885254
-8.345437049865723,1.1461616307497025
-5.600380897521973,-2.8094053268432617
-0.12482400052249432,-1.8743634223937988
0.842583179473877,1.1566401273012161
-3.3840537071228027,3.771066665649414
-2.5591135025024414,-0.15692710876464844
-0.6923676282167435,-2.5211095809936523
-2.56803035736084,-4.4603705406188965
5.231916904449463,-2.692079544067383
14.110267162322998,-0.20699499174952507
6.339597702026367,-2.4921178817749023
2.3824691772460938,-5.942106246948242
3.544926643371582,-8.015000820159912
-1.7514944076538086,-6.593048572540283
-4.194021224975586,-4.002237319946289
0.44171810150146484,-4.013168811798096
1.465153694152832,-8.063983917236328
-8.435428142547607,-14.253628253936768
-9.176170825958252,-10.1485013961792
-8.771336078643799,-4.472649097442627
-12.543118000030518,-1.7101645469665527
-9.782397747039795,0.4276394844055176
-3.810405731201172,-2.8320789337158203
-1.728224754333496,-2.4031639099121094
-1.3205409049987793,1.120615005493164
-0.8998990058898926,5.368447303771973
0.7808446884155273,10.122466087341309
4.9172163009643555,10.678637027740479
3.7296056747436523,10.640144348144531
12.84627914428711,8.374226093292236
17.773211002349854,11.884057521820068
14.243388175964355,10.009753704071045
8.729302883148193,9.88321304321289
11.18243932723999,10.868418216705322
4.9416184425354,6.275391578674316
1.7445802688598633,7.6406121253967285
3.0960798263549805,5.949902534484863
4.858160018920898,5.76171875
0.6072163954377174,5.022931098937988
-1.639258861541748,-3.6429643630981445
-4.3426513671875,-3.983128070831299
-6.280839443206787,-4.6126484870910645
-7.579255104064941,-4.169118404388428
-7.087099552154541,-6.4846038818359375
-3.79180908203125,-10.068655014038086
-4.1451215744018555,-11.278200149536133
-3.3979296684265137,-6.937754154205322
-3.852212429046631,-7.85977840423584
-7.410144805908203,-5.972599983215332
-6.1463236808776855,-5.5017828941345215
-5.443871021270752,-0.49113038927316666
-4.144322872161865,1.202225685119629
4.725170135498047,4.225361347198486
3.127002716064453,7.30823278427124
0.0705480994656682,8.343243598937988
-1.0769844055175781,8.32277536392212
1.1007428169250488,6.879985332489014
-2.541673183441162,11.95615530014038
4.872310161590576,12.61831521987915
12.153208255767822,9.974384307861328
11.584210395812988,8.399176597595215
9.532952308654785,5.516374111175537
9.927070140838623,0.9558200836181641
2.302670478820801,6.253087520599365
4.389703273773193,2.4606704711914062
4.0541768074035645,-1.0980963706970215
3.149425983428955,-3.915262222290039
0.9707331657409668,-8.676397800445557
-0.686347484588623,-9.860575199127197
-2.9193997383117676,-8.309149742126465
-4.406189918518066,-8.243560791015625
-9.192776679992676,-6.873178482055664
-4.886925220489502,-9.198260307312012
-4.886293411254883,-6.643581390380859
-3.193819522857666,-6.62837028503418
-1.6524434089660645,-3.079843521118164
-0.614631213247776,-1.5530705451965332
-1.2069941312074661,1.1170148849487305
-4.503607749938965,-0.2793549932539463
-3.268885612487793,-2.7806878089904785
-0.7123351097106934,0.6452202796936035
2.446770668029785,-0.8401632308959961
6.288158893585205,-0.5458236113190651
3.43778133392334,-0.08853670209646225
3.0411839485168457,-2.670931816101074
-2.259373664855957,-2.333557605743408
-5.222880840301514,-5.108153820037842
-2.0234107971191406,-1.1351823806762695
-1.4291167259216309,-1.708829402923584
-2.6205062866210938,-0.3840922936797142
0.6236552819609642,-0.06226299796253443
0.6318330764770508,1.5572786331176758
-3.7467360496520996,3.3870697021484375
-4.363512992858887,9.095370769500732
0.8170843124389648,5.984032154083252
-0.921785831451416,6.6666364669799805
-1.5351176261901855,6.2319159507751465
1.1155247688293457,7.311809062957764
3.5951614379882812,7.351696491241455
-2.572143077850342,8.68673324584961
-2.36281156539917,-1.4045238494873047
1.0995625704526901,-3.1992435455322266
-2.0314812660217285,-4.504787921905518
-5.760061740875244,-3.8724780082702637
-1.3685107231140137,-4.885435104370117
-3.947770595550537,-7.261908054351807
-5.233907699584961,-19.0474271774292
-5.237555503845215,-12.119972705841064
-10.038602352142334,-8.091890811920166
-4.373800754547119,-6.618034839630127
-2.5069594383239746,-1.5348076820373535
-3.7015318870544434,-3.064894676208496
4.262280464172363,-3.292250633239746
9.847533702850342,4.489946365356445
2.514362335205078,3.7161827087402344
2.116107940673828,9.656429290771484
11.7889404296875,15.802133083343506
6.683528423309326,7.586348056793213
7.181024551391602,6.828832626342773
14.700233936309814,10.226309299468994
7.9564690589904785,8.404028415679932
-1.9354581832885742,8.475041389465332
-1.155078411102295,7.813501358032227
-1.729130744934082,-1.642918586730957
0.2709149941802025,-1.9058704376220703
-4.275679588317871,-1.0713815689086914
-3.701162338256836,-3.239130973815918
-3.4716367721557617,-1.987147331237793
-10.26538610458374,-5.318653583526611
-15.812242031097412,-9.737908840179443
-3.962886333465576,-6.750667095184326
-1.9808769226074219,-6.98922872543335
-4.613780975341797,-10.64310073852539
-0.49816370010375977,-4.752480983734131
4.55862283706665,-4.022049903869629
2.8513193130493164,-6.352674961090088
-0.08751150220632553,-1.500558853149414
1.6152143478393555,-0.6334304809570312
6.999266147613525,1.8725275993347168
5.26503324508667,7.379698753356934
-0.4308342933654785,2.5192618370056152
4.19386625289917,-0.3249764069914818
5.852222442626953,4.78665828704834
-5.719590187072754,4.578495025634766
-2.919650077819824,2.402353286743164
0.5138636007905006,4.137945175170898
-2.891397476196289,-4.892551898956299
-3.1137466430664062,-4.771912097930908
-3.04795503616333,-3.3857107162475586
-0.6315827369689941,-1.3672709465026855
-0.5836367979645729,-2.2676706314086914
-5.492687225341797,-1.3106584548950195
2.172565460205078,-5.827975273132324
8.061408996582031,-3.1609535217285156
4.058802127838135,-0.5812406912446022
0.8435844630002975,-0.8820056915283203
8.379924297332764,3.5539984703063965
5.632317066192627,5.950593948364258
-1.6799569129943848,3.128373622894287
3.101992607116699,7.883131504058838
4.45561408996582,8.470761775970459
-0.4158138856291771,8.300089836120605
-3.676724433898926,11.137855052947998
-1.8556594848632812,8.141982555389404
1.2632966041564941,6.537878513336182
-1.130509376525879,4.296994209289551
-4.133617877960205,0.7682442665100098
2.373683452606201,-0.9503483772277832
1.258707046508789,-1.0575293749570847
1.9742012023925781,-3.9102673530578613
5.954217910766602,-5.885863304138184
2.9001951217651367,-5.779969692230225
3.4830451011657715,-4.495978355407715
2.703535556793213,-5.597507953643799
-1.7050504684448242,-1.6651511192321777
1.9572138786315918,-0.6229877099394798
6.269204616546631,-1.3584375381469727
4.330170154571533,1.4145255088806152
0.2579808048903942,3.287029266357422
1.8374204635620117,3.9497017860412598
-3.1009674072265625,9.53829288482666
-10.370612144470215,8.465540409088135
-4.451346397399902,5.631148815155029
-3.16619873046875,7.574641704559326
-3.527534008026123,5.901241302490234
0.5264639854431152,5.54811954498291
0.8671165257692337,7.474792003631592
0.42247768491506577,5.811679363250732
-1.8457651138305664,0.7970929145812988
-1.065969467163086,-0.8024930953979492
0.1799464039504528,-2.7237296104431152
2.2483229637145996,-4.787576198577881
0.08330349810421467,-2.61077880859375
-1.3616085052490234,-2.815842628479004
0.5756736174225807,-4.27699089050293
-1.9341588020324707,-2.2744059562683105
-5.278503894805908,-4.861032962799072
-4.311966896057129,-1.5093326568603516
-3.741896152496338,-3.126227855682373
-6.97782039642334,-3.1852126121520996
-7.371675968170166,-4.225313663482666
-3.8537979125976562,-2.32161283493042
0.9510636329650879,-2.523934841156006
-0.17766950652003288,-0.5640149116516113
0.37920478731393814,0.766599178314209
4.022622108459473,-2.014946937561035
4.003238677978516,-4.889345169067383
-0.34087900072336197,-5.122339725494385
0.5866289138793945,-3.2611608505249023
2.920544147491455,0.9564995765686035
-1.2172936648130417,0.3930211067199707
-3.2001137733459473,-0.5354404076933861
0.37822719663381577,-0.4234791174530983
4.457855224609375,-0.6662368774414062
3.566312789916992,1.695108413696289
4.069757461547852,3.2733559608459473
3.6704063415527344,1.4435172080993652
-2.086949348449707,2.8540492057800293
-5.087769031524658,1.6831040382385254
0.3813624009490013,3.1122684478759766
0.3117680922150612,1.5535831451416016
3.303074836730957,-0.7462859153747559
6.334292888641357,-4.444003105163574
1.2984275817871094,-0.5880117043852806
-1.6567349433898926,-4.430687427520752
-1.9533276557922363,-2.772068977355957
-4.104161262512207,-1.8534541130065918
1.9545316696166992,-5.164730548858643
1.9777655601501465,-3.8262009620666504
-3.634154796600342,-2.886843681335449
-4.861319065093994,-1.82112455368042
-5.235385894775391,1.6562342643737793
-8.021831512451172,4.48765754699707
-6.315028667449951,2.5661826133728027
-0.1978754997253418,1.1281728744506836
-2.010822296142578,3.6575675010681152
-4.381096363067627,3.691983222961426
-4.70346212387085,6.297183036804199
-3.2942771911621094,5.214786529541016
-0.0315308989956975,-2.2919058799743652
3.1665444374084473,-1.4963626861572266
11.263930797576904,-2.4539828300476074
13.135063648223877,-1.7204999923706055
1.9376635551452637,-3.4729599952697754
-0.4027843102812767,-6.712484359741211
0.22723669186234474,-8.338367938995361
-0.6876230239868164,-9.401428699493408
2.212214469909668,-7.928574085235596
4.760169982910156,-9.027493000030518
-2.483236789703369,-9.654247760772705
-10.229992866516113,-11.32504940032959
-5.1354169845581055,-10.287129878997803
-8.281922340393066,-7.499206066131592
-7.539987564086914,-3.844761848449707
-0.2963065914809704,-1.7679095268249512
-2.7076125144958496,-0.38236379623413086
-9.490108489990234,2.4559736251831055
-4.9503326416015625,4.637348651885986
0.8842825889587402,6.060540676116943
3.9915084838867188,11.016762256622314
10.743343830108643,9.702718257904053
15.314900875091553,8.773744106292725
6.998193264007568,6.6701531410217285
1.143658235669136,7.112669944763184
4.128265380859375,8.496975898742676
7.459628582000732,9.953773021697998
6.439995765686035,7.387900352478027
11.230611801147461,4.829001426696777
8.382105827331543,2.9438018798828125
-0.12543199583888054,1.7261028289794922
-6.171655654907227,4.245185852050781
-3.498053550720215,-0.5229473114013672
-6.491577625274658,-2.973484992980957
-4.672670364379883,-3.3295750617980957
-0.0809669028967619,-5.460011959075928
-1.9561529159545898,-5.156922340393066
-8.149421215057373,-6.127917766571045
-8.998405933380127,-9.109354019165039
-5.978035926818848,-7.7602386474609375
-5.553483963012695,-6.745147705078125
-1.1034368723630905,-4.1831254959106445
0.6727098673582077,-1.602315902709961
-2.1446585655212402,1.8684864044189453
-3.3190488815307617,4.47235107421875
-0.7480145245790482,5.345582962036133
2.717471122741699,5.883073806762695
5.772602558135986,8.315813541412354
3.7730813026428223,8.347523212432861
5.7880401611328125,12.013280391693115
0.5322813987731934,9.268724918365479
-2.168118953704834,8.248651027679443
5.8609843254089355,8.646225929260254
13.435184955596924,6.710529327392578
9.155285358428955,7.025671005249023
7.771670818328857,2.1244406700134277
9.57789421081543,-0.054609798826277256
-1.22054822742939,-1.6143202781677246
-3.752005100250244,-2.2647500038146973
5.7274580001831055,-2.6505470275878906
5.822014808654785,-6.6414475440979
0.6233572959899902,-9.33077335357666
-1.9137144088745117,-9.723281860351562
-2.2905468940734863,-8.263826370239258
-8.993148803710938,-7.919466495513916
-8.502435684204102,-7.249569892883301
-0.9355425834655762,-6.419670581817627
0.6418108940124512,-4.678785800933838
-0.7585048675537109,-5.06056547164917
-0.49021240323781967,0.08203979581594467
-6.143641471862793,3.1334877014160156
-7.931089401245117,5.100440979003906
-4.385817050933838,3.0085206031799316
1.075756475329399,-2.3830175399780273
3.2136917114257812,-1.112985610961914
5.516648292541504,0.4058957099914551
5.308592319488525,1.6249895095825195
0.09648799896240234,-1.6207695007324219
-7.853901386260986,-3.241455554962158
2.438688278198242,-7.904601097106934
4.911088943481445,-6.594526767730713
1.8870353698730469,-3.9681077003479004
7.341766357421875,-6.51853084564209
5.5808305740356445,-6.549358367919922
-7.695245742797852,-6.275033950805664
-8.452892303466797,-1.8365025520324707
-0.08239749819040298,0.2606392093002796
-5.275392532348633,2.0147085189819336
-0.41135549545288086,0.2286076918244362
6.106197834014893,-0.17704959958791733
1.1025547981262207,2.897167205810547
-3.325796127319336,5.473208427429199
-3.8413405418395996,9.126079082489014
-5.9868693351745605,11.906111240386963
-6.25845193862915,5.525875091552734
-0.32857660204172134,2.510702610015869
5.889701843261719,-2.2293925285339355
2.3317575454711914,-2.051854133605957
1.8048524856567383,-4.471147060394287
-0.6638169288635254,-5.570876598358154
-7.926595211029053,-14.19135332107544
-9.959197044372559,-10.529601573944092
-9.295499324798584,-7.680726051330566
-3.7291646003723145,-5.3078413009643555
3.312397003173828,-5.38477897644043
-4.265224933624268,-5.459582805633545
-0.7041692733764648,-5.066704750061035
-1.4728426933288574,2.9209136962890625
-1.7153382301330566,7.722461223602295
-2.804243564605713,7.696568965911865
5.969572067260742,11.705875396728516
7.3372483253479,10.093772411346436
12.224900722503662,9.936118125915527
11.460745334625244,12.786579132080078
6.459331512451172,13.36207389831543
4.050004482269287,11.795592308044434
0.5702495947480202,11.533164978027344
-0.2512216940522194,3.1993508338928223
7.232105731964111,0.024104099720716476
4.613983631134033,-0.5642414093017578
-0.1523375976830721,-3.369617462158203
-2.3432493209838867,-2.6049375534057617
-5.635941028594971,-3.4137487411499023
-17.020833492279053,-9.21947956085205
-8.130955696105957,-8.835339546203613
-2.5537848472595215,-8.616948127746582
-0.36870241165161133,-8.519268035888672
-2.5483012199401855,-7.654356956481934
1.4464378356933594,-6.041014194488525
-0.3527402877807617,-8.480656147003174
-5.744802951812744,-3.810429573059082
-2.4855494499206543,-3.48207950592041
8.264386653900146,1.9388198852539062
5.616021156311035,2.745521068572998
2.5118589401245117,-0.0418424978852272
4.760468006134033,3.9110898971557617
2.901303768157959,4.427647590637207
-8.109831809997559,6.519436836242676
-3.607630729675293,8.44566822052002
3.646242618560791,5.490446090698242
1.4798998832702637,-0.3620744124054909
-0.8525372296571732,1.5439510345458984
4.801499843597412,1.0422825813293457
-2.9511451721191406,1.822829246520996
-9.701752662658691,-0.5969763174653053
-4.393410682678223,-2.799808979034424
2.294135093688965,-2.873873710632324
3.959989547729492,-1.126396730542183
5.828189849853516,-0.9013175964355469
6.39951229095459,2.183055877685547
3.0488014221191406,1.3605475425720215
3.2265782356262207,-0.9314537048339844
5.2582621574401855,-1.1001945286989212
4.710817337036133,0.45855049043893814
10.811996459960938,3.1215906143188477
5.48015832901001,2.4827122688293457
-2.629399299621582,-0.3832339867949486
-1.5172004699707031,0.8279561996459961
-5.779600143432617,1.0735273361206055
-5.6508660316467285,4.638457298278809
-5.00417947769165,5.588996410369873
3.1666040420532227,0.02454519970342517
0.5140066146850586,-1.2684941291809082
0.4033803939819336,-0.8949398994445801
2.2728919982910156,0.6857872009277344
-1.3854265213012695,0.6844401359558105
-3.133249282836914,-0.2805948071181774
1.3057351112365723,-2.63824462890625
4.690408706665039,-1.3743996620178223
7.222986221313477,0.9195566177368164
5.250871181488037,0.3556489944458008
2.0038604736328125,4.853487014770508
-2.2913575172424316,4.62491512298584
1.1837124824523926,1.4895319938659668
-1.1487483978271484,1.759934425354004
0.44906139373779297,1.1858463287353516
1.648855209350586,5.14141321182251
0.286257304251194,5.842161178588867
-4.1440606117248535,2.132284641265869
-1.034390926361084,0.8471369743347168
-4.677081108093262,1.1102796345949173
-1.0636448860168457,2.492690086364746
1.1682391166687012,0.9749650955200195
0.06277559790760279,-0.32002929598093033
-1.5073895454406738,-2.4058103561401367
2.947068214416504,-3.0372977256774902
0.32852891832590103,0.6581664085388184
-1.0139226913452148,-0.2798914909362793
-0.512850284576416,-0.8571981638669968
-1.2092351913452148,-4.12973165512085
-2.7417898178100586,-3.5633087158203125
0.4965782165527344,-1.4401435852050781
0.8433104306459427,-0.6611108779907227
-4.2362213134765625,0.4409432038664818
-5.9177398681640625,-2.1828770637512207
-3.395974636077881,-1.1012793332338333
-3.092837333679199,-2.977430820465088
-2.785170078277588,-1.4238834381103516
0.5846380814909935,-0.7507442682981491
3.3759355545043945,-1.9795894622802734
0.22983549162745476,-3.891611099243164
-5.327177047729492,-2.5255203247070312
2.15909481048584,-3.374159336090088
0.9966372698545456,0.9937644004821777
0.17887350171804428,-0.7351160049438477
1.2976527214050293,0.5257368087768555
6.480252742767334,-2.878999710083008
-0.4685163125395775,0.8410810679197311
0.1955866999924183,0.0006913999823154882
2.2775769233703613,3.8526296615600586
3.2677173614501953,3.2701611518859863
-1.3984918594360352,0.5941509827971458
2.244091033935547,2.2919297218322754
1.8313884735107422,1.0292291641235352
1.7431855201721191,-0.2982974052429199
-2.5113582611083984,1.4580726623535156
2.1578311920166016,-0.32962560653686523
0.06891489960253239,-1.2826204299926758
2.053987979888916,-2.179872989654541
0.5107403174042702,-2.434110641479492
2.527928352355957,-3.293740749359131
-0.697636604309082,-1.85469388961792
-1.6313552856445312,-2.0067453384399414
-3.3056259155273438,-5.404949188232422
-3.332078456878662,-0.21972659975290298
-2.5003552436828613,-2.1301746368408203
-2.4834036827087402,-0.011563299922272563
-3.995966911315918,5.255436897277832
-2.298414707183838,-0.7802724838256836
-5.1641106605529785,-1.412653923034668
-2.7414798736572266,1.8784642219543457
0.6786108016967773,-1.8490076065063477
-1.1980652809143066,3.4062981605529785
-0.40243860334157944,2.0443081855773926
2.1257996559143066,-2.4912476539611816
0.5429625883698463,-0.8674383163452148
0.46737190335989,-1.1868833750486374
-0.8971214294433594,-4.767310619354248
2.8311729431152344,0.28328899294137955
1.5631437301635742,-5.022072792053223
-0.9600639343261719,-5.885565280914307
4.361069202423096,-9.250175952911377
2.440917491912842,-9.554457664489746
-3.5427093505859375,-13.153445720672607
-6.993675231933594,-11.876881122589111
-4.013252258300781,-8.375406265258789
-5.362868309020996,-10.18974781036377
-4.00538444519043,-5.073559284210205
-1.0634779930114746,-5.893254280090332
3.132152557373047,-3.011631965637207
-0.8541464805603027,0.5463718995451927
-0.9837031364440918,1.8706321716308594
0.24679899215698242,6.6596269607543945
3.984367847442627,9.630703926086426
4.143214225769043,10.194718837738037
8.79589319229126,7.614612579345703
6.227588653564453,6.359565258026123
4.405403137207031,7.151699066162109
0.6974220275878906,9.708714485168457
0.9581089019775391,14.224541187286377
4.400467872619629,9.548282623291016
7.170498371124268,7.45311975479126
3.19211483001709,3.5174131393432617
5.070805549621582,5.005085468292236
0.7883906364440918,6.5459489822387695
-4.700684547424316,5.000817775726318
-6.247520446777344,-0.49669738858938217
-3.1651735305786133,-0.4675387963652611
-1.269078254699707,-2.924787998199463
3.9473891258239746,-4.128265380859375
-0.5693436041474342,-1.6217947006225586
-5.572843551635742,-4.661440849304199
-3.9453864097595215,-3.312981128692627
-4.374361038208008,-6.010901927947998
-3.30960750579834,-6.760597229003906
3.2549142837524414,-3.286421298980713
3.1202077865600586,-2.099335193634033
1.4517784118652344,-1.5234112739562988
-4.15036678314209,-1.023852825164795
-0.7897853851318359,2.768397331237793
1.838088035583496,3.54386568069458
-0.01239779987372458,6.344425678253174
2.0064234733581543,8.427858352661133
5.449187755584717,4.8958539962768555
2.957618236541748,7.2055816650390625
-0.17962459474802017,6.564736366271973
4.977965354919434,9.836506843566895
8.715105056762695,12.157011032104492
2.7732014656066895,6.637609004974365
1.5603065490722656,6.2206268310546875
8.184397220611572,4.256868362426758
9.617531299591064,-1.0264158248901367
2.0128488540649414,-0.3693341836333275
6.208896636962891,-4.136812686920166
9.228694438934326,-3.5499930381774902
-3.963959217071533,-6.931591033935547
-7.143568992614746,-10.843825340270996
-2.5919675827026367,-8.502960205078125
-3.510284423828125,-8.277571201324463
-6.604659557342529,-7.103967666625977
-0.9877920150756836,-3.7229418754577637
2.7060627937316895,-6.182503700256348
-3.7039995193481445,-4.191267490386963
-7.382214069366455,-1.1584281921386719
-3.3248066902160645,0.5953073874115944
-4.172563552856445,3.4258365631103516
-4.793107509613037,-0.9059668332338333
-5.210554599761963,-0.024056399706751108
0.6740211695432663,0.11554960161447525
1.1052966117858887,-1.5808343887329102
-4.950356483459473,-0.7349730283021927
-3.3537745475769043,-0.021898699924349785
1.6457676887512207,-3.179013729095459
-0.6991267204284668,-6.663119792938232
-3.6164402961730957,-3.510928153991699
3.778207302093506,-2.864384651184082
8.372056484222412,-3.9525985717773438
-2.093231678009033,-2.8821945190429688
1.5239238739013672,-1.9708037376403809
6.891953945159912,-0.892949104309082
-2.976679801940918,1.1722087860107422
-1.7128348350524902,-2.3172736167907715
7.909345626831055,0.4811286926269531
3.147125244140625,2.1243929862976074
-0.8024215698242188,-0.01702310051769018
-0.49560070037841797,2.062523365020752
-2.930891513824463,1.1048079282045364
-3.806912899017334,-0.482940711081028
-4.1138410568237305,1.553034782409668
-2.3906469345092773,-1.2551665306091309
1.6822576522827148,-2.0027995109558105
-3.920865058898926,-3.9640307426452637
-7.487225532531738,-6.687831878662109
-3.230738639831543,-6.957912445068359
-1.551496982574463,-7.375121116638184
-6.656646728515625,-11.019325256347656
-4.726815223693848,-0.2987384982407093
-6.183409690856934,2.066373825073242
-1.872265338897705,-0.30072929337620735
-8.690118789672852,-0.12524129822850227
-1.937401294708252,2.912580966949463
5.285453796386719,6.281876564025879
5.243587493896484,11.508893966674805
-2.757585048675537,7.9863786697387695
3.020763397216797,5.0229668617248535
5.627405643463135,11.99331283569336
1.8786907196044922,8.520996570587158
7.9949259757995605,8.271253108978271
13.678228855133057,8.43815803527832
2.796638011932373,0.4209994897246361
1.7994165420532227,-2.0380735397338867
3.72239351272583,-0.4410744085907936
0.3769516944885254,-3.547227382659912
0.5150436982512474,-2.723991870880127
3.046119213104248,-2.161991596221924
3.901386260986328,-9.523975849151611
-0.3102302923798561,-7.066488265991211
-5.983269214630127,-7.525801658630371
-6.279003620147705,-5.449378490447998
-2.89003849029541,-2.5919437408447266
-2.948439121246338,-4.029500484466553
1.7122507095336914,-8.200430870056152
0.8218169212341309,-3.200352191925049
-0.45772790908813477,1.1747478693723679
-1.437389850616455,3.7017822265625
-2.587592601776123,1.266169548034668
-7.2753190994262695,-0.8563519269227982
-0.8305429667234421,1.2877225875854492
5.4729461669921875,4.475212097167969
-1.822352409362793,7.302439212799072
-2.1773695945739746,5.290329456329346
-1.0079144686460495,3.0561208724975586
-0.8490561693906784,-0.41025880724191666
-1.5422701835632324,0.7089853286743164
4.475736618041992,-0.5777477845549583
6.402385234832764,0.5289793014526367
1.2921810150146484,0.9995937347412109
-1.687467098236084,-2.441847324371338
-1.757657527923584,0.9773849695920944
3.159308433532715,-1.1622189730405807
0.5697249993681908,2.9563069343566895
2.727830410003662,1.6160368919372559
8.028793334960938,5.3971171379089355
-1.5642404556274414,4.941725730895996
-2.8595685958862305,3.7859320640563965
2.0271778106689453,5.661189556121826
6.555891036987305,5.497217178344727
2.047407627105713,6.005239486694336
3.1479358673095703,1.8286466598510742
1.0808348655700684,2.1085143089294434
-1.0202646255493164,1.7018914222717285
-5.325937271118164,4.19389009475708
-0.5158663168549538,2.5304555892944336
3.099799156188965,0.3423333168029785
3.723287582397461,1.831042766571045
3.4052371978759766,2.107882499694824
6.7441582679748535,1.7261624336242676
0.011324899969622493,0.9749650955200195
-1.0519862174987793,0.3248929977416992
2.0557045936584473,-0.577843189239502
2.562713623046875,-0.18457170575857162
2.8867244720458984,-0.6379961967468262
6.191825866699219,2.689528465270996
3.004121780395508,1.596999168395996
0.25129320099949837,2.9227137565612793
0.4193425178527832,-1.0898113250732422
-0.18863679841160774,0.15426870435476303
-3.054213523864746,1.3011574745178223
-1.8599271774291992,3.7525296211242676
-6.21337890625,7.3516011238098145
-5.521297454833984,1.5939950942993164
-4.796934127807617,0.745844766497612
-2.104485034942627,-0.9398818016052246
-1.4949440956115723,4.32509183883667
0.6926774978637695,5.378627777099609
-2.5328993797302246,0.8803843706846237
-5.6166887283325195,-1.1147022247314453
-5.248165130615234,0.6259918212890625
1.430976390838623,2.555859088897705
3.7934184074401855,3.562438488006592
1.163482666015625,0.7543206214904785
3.5097241401672363,-0.6783962249755859
-0.26232000440359116,-4.859399795532227
-5.649268627166748,-1.9576787948608398
0.5711555108428001,-1.9299864768981934
3.937709331512451,1.1953949928283691
1.9541144371032715,-0.005602799938060343
4.687654972076416,-4.404878616333008
4.061722755432129,-7.9628705978393555
-1.9984722137451172,-4.6030402183532715
-4.513037204742432,-3.4664511680603027
-2.2994160652160645,-1.2254595756530762
-1.7699241638183594,-2.5083422660827637
-0.8851408958435059,-5.61981201171875
-2.0455121994018555,-4.382264614105225
0.18875600770115852,-1.9493579864501953
-2.2040367126464844,-1.0970711708068848
-6.708025932312012,-1.8494367599487305
-4.724776744842529,-2.1964192390441895
-2.7623653411865234,-3.879523277282715
-1.6164779663085938,-2.6641488075256348
0.9649991989135742,3.175687789916992
4.502320289611816,0.22145509719848633
-1.2134909629821777,2.040886878967285
-2.7728676795959473,-0.16335250809788704
1.5136122703552246,-1.293635368347168
4.937386512756348,1.0178328305482864
4.163169860839844,2.307581901550293
8.961153030395508,1.6179084777832031
8.179259300231934,2.1197915077209473
2.592802047729492,-3.3515334129333496
-0.6993532180786133,-0.33092498779296875
0.4468083009123802,0.5443096160888672
-0.00792739971075207,4.250824451446533
-1.2981295585632324,2.032291889190674
-0.014162099687382579,-1.848757266998291
0.3508925065398216,-1.399087905883789
-3.373229503631592,-0.48924680799245834
-3.2925963401794434,1.7586588859558105
-4.071307182312012,4.098355770111084
-7.243585586547852,2.3298144340515137
-4.730880260467529,0.7142782211303711
-2.7251720428466797,-2.4956583976745605
-3.560042381286621,-2.7568578720092773
-1.5194296836853027,-0.09843110106885433
-2.212357521057129,1.0617256164550781
-3.7966132164001465,-0.7202625274658203
-1.4482498168945312,-5.465912818908691
4.17252779006958,-6.831920146942139
6.591403484344482,-5.41226863861084
4.248666763305664,-3.0164241790771484
5.5733561515808105,-0.9232878684997559
1.960456371307373,-3.377509117126465
-2.485322952270508,-6.4934611320495605
-3.4116268157958984,-7.256448268890381
1.6387939453125,-4.221451282501221
0.8312106132507324,-3.2191991806030273
-4.049694538116455,-8.247268199920654
-5.942714214324951,-8.467590808868408
-3.7558436393737793,-8.469367027282715
-7.362735271453857,-7.917749881744385
-11.44193410873413,1.857316493988037
-2.0723462104797363,-3.9380669593811035
-1.777195930480957,-1.4420866966247559
-4.603946208953857,-3.7746310234069824
1.9667744636535645,-1.3331413269042969
1.9431710243225098,5.6735992431640625
2.2766470909118652,10.522031784057617
0.5093932151794434,10.34250259399414
7.05493688583374,8.305191993713379
5.8603644371032715,6.150507926940918
9.093225002288818,8.40991735458374
8.82951021194458,11.470115184783936
6.124997138977051,12.602221965789795
5.6026458740234375,9.05146598815918
4.3508172035217285,8.702099323272705
1.1489629745483398,6.249451637268066
6.783270835876465,5.216872692108154
2.97698974609375,5.886077880859375
-0.7666230201721191,1.989603042602539
1.3524889945983887,-3.4635186195373535
-3.9394378662109375,-1.4832496643066406
-3.1263232231140137,-0.6995081901550293
-2.0912885665893555,-1.6865968704223633
-4.833722114562988,-3.085470199584961
-5.319452285766602,-8.938181400299072
0.11881589889526367,-8.958292007446289
-2.226877212524414,-6.606900691986084
-5.805015563964844,-5.787074565887451
-2.5484561920166016,-0.4475117102265358
-5.477690696716309,-2.2311925888061523
-8.388662338256836,-0.3893018141388893
-3.204989433288574,-0.6398916244506836
2.94952392578125,2.2883057594299316
3.4835100173950195,6.441497802734375
-0.9485483169555664,5.718016624450684
-1.5362143516540527,6.516635417938232
-4.034543037414551,7.355844974517822
-2.8885364532470703,6.939685344696045
2.6526451110839844,10.01676321029663
10.792815685272217,8.60888957977295
11.22967004776001,6.883788108825684
10.57732105255127,6.024158000946045
7.297706604003906,3.082406520843506
5.118167400360107,2.6575803756713867
2.420520782470703,5.252087116241455
4.624772071838379,2.199864387512207
2.2319674491882324,-1.6453146934509277
3.3136367797851562,-2.201998233795166
-0.6048082932829857,-7.3554158210754395
-3.3651232719421387,-6.059539318084717
-3.585970401763916,-0.33434629440307617
-4.199528694152832,-4.0094733238220215
-1.3980388641357422,-4.2229533195495605
-0.6367207318544388,-6.701159477233887
-1.7472267150878906,-8.247065544128418
-1.0870934277772903,-4.637050628662109
-3.8318872451782227,3.1875967979431152
-8.592891693115234,-1.2825250625610352
-2.085602283477783,-0.005281000048853457
1.2356758117675781,-7.112181186676025
0.9171605110168457,-6.8079352378845215
1.381838321685791,-4.040944576263428
2.232027053833008,-3.45308780670166
-4.429996013641357,-4.35253381729126
-6.076228618621826,-3.4656405448913574
1.8680930137634277,-9.750080108642578
4.142320156097412,-4.425394535064697
-1.3890862464904785,-1.3477206230163574
1.3852596282958984,2.4805665016174316
-0.9942293167114258,3.7012338638305664
-6.006109714508057,0.39241310209035873
-5.049312114715576,0.9076356887817383
6.448376178741455,4.594945907592773
5.522370338439941,5.544710159301758
0.773918628692627,6.906008720397949
1.8735170364379883,4.630482196807861
-3.1621932983398438,-2.374279499053955
-8.44883918762207,0.8610249310731888
-5.450201034545898,1.9013047218322754
-2.083611488342285,4.452395439147949
1.6852974891662598,1.862168312072754
-4.861807823181152,-7.328629493713379
-6.949830055236816,-8.982253074645996
-5.102753639221191,-5.547463893890381
-3.204512596130371,-4.751753807067871
-4.691791534423828,-3.4359097480773926
3.1812429428100586,-5.301415920257568
5.434536933898926,-11.816895008087158
2.9609203338623047,-9.609699249267578
1.1283159255981445,-3.1422972679138184
2.2837162017822266,-0.8955478668212891
4.313862323760986,-1.6770005226135254
2.6341676712036133,1.7225265502929688
-1.0014653205871582,-0.5702019110321999
8.432471752166748,6.966161727905273
2.593696117401123,7.232332229614258
-6.484425067901611,6.892287731170654
-2.0189881324768066,10.344719886779785
1.393425464630127,6.616020202636719
-6.72454833984375,4.473769664764404
-7.1425676345825195,2.8717041015625
1.2118101119995117,4.865562915802002
-2.0153045654296875,5.372059345245361
-2.320539951324463,-1.8003106117248535
2.5506019592285156,-3.610074520111084
2.2374987602233887,-4.646182060241699
1.2668132781982422,-2.329397201538086
-1.765000820159912,0.8960247039794922
-1.3692140579223633,-4.268920421600342
2.5094032287597656,-3.0980944633483887
1.6896843910217285,-4.687166213989258
5.863380432128906,-2.7092337608337402
6.970834732055664,-0.4952787980437279
4.087388515472412,-0.15587810426950455
-1.2643933296203613,2.316606044769287
-1.021432876586914,3.2099127769470215
4.8179030418396,2.5843024253845215
3.220343589782715,3.3072471618652344
-1.321244239807129,-0.6694673746824265
0.4839301109313965,5.270123481750488
-3.058004379272461,3.6763906478881836
-9.180998802185059,6.1362385749816895
-8.906054496765137,5.907201766967773
-6.430482864379883,0.3795028105378151
-5.859017372131348,-0.19758939743041992
-2.190887928009033,-0.2355933003127575
-4.202485084533691,-3.4567952156066895
-1.2222647666931152,-2.993631362915039
2.192568778991699,-1.9292473793029785
-4.306173324584961,-1.0997890681028366
-1.912689208984375,-3.67279052734375
5.493044853210449,-1.3047337532043457
-0.4117608070373535,-0.5157113075256348
2.633333206176758,3.386986255645752
10.028886795043945,7.146191596984863
6.724715232849121,3.1566381454467773
3.3745527267456055,7.426416873931885
4.950463771820068,7.664155960083008
8.89509916305542,6.9333672523498535
3.2953739166259766,7.925939559936523
4.008233547210693,4.960966110229492
7.164978981018066,3.174412250518799
2.6616573333740234,1.9955992698669434
-0.9185671806335449,0.7375360280275345
-0.15723710879683495,1.996779441833496
-1.9069790840148926,-0.6439924240112305
-7.571196556091309,-1.476430892944336
-8.360815048217773,-4.935407638549805
-1.3630270957946777,-4.703891277313232
-6.1347246170043945,-3.104555606842041
-4.986310005187988,-3.02886962890625
-0.1650094985961914,0.07339720148593187
1.4796018600463867,-1.3822436332702637
-1.1113286018371582,-0.328064002096653
1.698005199432373,0.5040287971496582
10.240769386291504,0.6376147270202637
7.656228542327881,3.9203286170959473
3.4577488899230957,4.312443733215332
7.636094093322754,4.644191265106201
4.7614336013793945,2.6054978370666504
0.14436240307986736,2.898550033569336
2.2189855575561523,4.787909984588623
6.318700313568115,2.8855085372924805
2.0873546600341797,1.1737942695617676
-0.31267400830984116,-3.680884838104248
-0.9965062141418457,-3.3649086952209473
-4.085838794708252,-1.8253207206726074
-6.74203634262085,-4.558408260345459
-6.3095927238464355,-2.153646945953369
-4.026854038238525,-2.998626232147217
-0.9810805320739746,-3.8397908210754395
-4.078662395477295,-4.534673690795898
-3.3936619758605957,-2.5780081748962402
-4.885447025299072,1.1980652809143066
-5.282795429229736,1.2160778045654297
-4.583895206451416,2.828371524810791
-0.24498699232935905,2.5783300399780273
4.26790714263916,2.4445652961730957
3.2156944274902344,4.656410217285156
0.7359982281923294,1.2565016746520996
0.8438944816589355,2.070343494415283
0.7261157035827637,2.4581074714660645
-0.3278851881623268,-2.525937557220459
0.18711090087890625,-2.9352307319641113
2.444612979888916,-3.7241339683532715
0.7990002632141113,-6.412601470947266
-5.417788028717041,-4.612553119659424
-3.060269355773926,-3.546619415283203
-0.7871031761169434,-4.064786434173584
-3.031647205352783,-2.0647287368774414
-3.6505699157714844,-2.042233943939209
0.9023786336183548,-3.111565113067627
0.152742899954319,-3.641068935394287
-0.3821849822998047,-1.7939090728759766
1.8926501274108887,-2.031230926513672
2.8424859046936035,0.2367376908659935
2.6827454566955566,3.4128665924072266
-3.23561429977417,3.9105892181396484
-1.088106632232666,3.289663791656494
2.35673189163208,3.3457040786743164
-1.1623858660459518,-0.5666733160614967
0.7627130299806595,2.620363235473633
4.770684242248535,2.8447985649108887
1.4060378074645996,1.7687201499938965
-1.4065742492675781,1.308000087738037
1.6587257385253906,0.6143331900238991
2.6770710945129395,-4.570579528808594
-0.2154707908630371,-5.8304548263549805
0.14383790083229542,-3.5193800926208496
-2.7842164039611816,-6.99152946472168
-3.5086631774902344,-2.3962974548339844
-5.879557132720947,-1.176738664507866
-2.928948402404785,-3.2773971557617188
1.9949555397033691,0.23914579302072525
1.841890811920166,-2.361118793487549
-4.487037658691406,-0.5097388848662376
-2.193272113800049,2.1857261657714844
-2.758455276489258,3.7851333618164062
-4.913902282714844,2.2550106048583984
2.592170238494873,1.7468690872192383
5.649209022521973,1.2477517127990723
2.894723415374756,0.9797573089599609
3.036820888519287,-0.3564358130097389
-3.2278060913085938,-0.5426526069641113
-6.673777103424072,-3.01055908203125
-1.387488842010498,0.48973560333251953
2.198004722595215,-5.25437593460083
0.6755352020263672,-6.564342975616455
4.409050941467285,-9.323132038116455
2.9175400733947754,-7.585012912750244
-8.444154262542725,-7.7040910720825195
-3.954136371612549,-6.33620023727417
-2.118563652038574,-8.319318294525146
-6.219446659088135,-8.95320177078247
-5.683302879333496,-10.382270812988281
-0.1420855987817049,-2.9441356658935547
-1.7781734466552734,-6.107759475708008
-4.606938362121582,0.7845758646726608
-3.634929656982422,-1.46254301071167
3.501427173614502,3.802776336669922
2.2109389305114746,4.3431878089904785
0.46696659177541733,8.849549293518066
7.656407356262207,7.372868061065674
9.042119979858398,8.70506763458252
3.676307201385498,8.855557441711426
7.6735615730285645,11.952126026153564
9.95858907699585,10.407090187072754
2.6714682579040527,12.498283386230469
0.26586059480905533,7.8418731689453125
4.1172027587890625,6.688082218170166
0.9208322316408157,6.3796281814575195
-0.6384491920471191,2.012014389038086
0.1291393954306841,5.188953876495361
-1.4627695083618164,4.494142532348633
-3.5480737686157227,-0.8791446685791016
-4.2188286781311035,-0.9572744369506836
-5.879771709442139,-3.8216114044189453
-0.6261348724365234,-4.057669639587402
1.549386978149414,-3.2943129539489746
0.014221699675545096,-5.964243412017822
-1.3363122940063477,-6.10736608505249
-3.335082530975342,-5.360805988311768
-3.7088394165039062,-1.9412994384765625
-0.14884470030665398,-4.347705841064453
-0.6957054138183594,-2.6026010513305664
1.3660550117492676,-1.020348072052002
3.486144542694092,-0.9856104850769043
-0.9853720664978027,3.414463996887207
-1.9788742065429688,4.622912406921387
2.704799175262451,4.44025993347168
1.5262484550476074,6.142759323120117
0.8686065673828125,5.617213249206543
2.6305794715881348,3.58126163482666
-0.7178307324647903,6.083118915557861
-4.38539981842041,5.761981010437012
-1.4997482299804688,7.958483695983887
5.013465881347656,4.889547824859619
5.545401573181152,1.090860366821289
4.260921478271484,1.947033405303955
6.966853141784668,-0.8251308649778366
2.6523947715759277,-0.3539919853210449
-4.637312889099121,-1.098322868347168
-0.24229289963841438,-3.914499282836914
3.2941102981567383,-5.604660511016846
2.6398062705993652,-4.157876968383789
4.280948638916016,-6.171154975891113
2.9270291328430176,-5.572962760925293
-2.387988567352295,-6.982553005218506
-4.653561115264893,-6.138443946838379
-2.116835117340088,-7.207298278808594
-1.6320228576660156,-2.2107720375061035
-1.1342287063598633,-0.2089977078139782
3.2767534255981445,-1.0142326354980469
0.45005079358816147,0.30683280900120735
-5.795502662658691,0.3330231085419655
-1.6590595245361328,-2.964508533477783
-4.170072078704834,-2.1961331367492676
-4.7197699546813965,-1.6530275344848633
-3.7645816802978516,-0.09500980377197266
-0.010097000049427152,-5.6620001792907715
-2.4755001068115234,-1.0207056999206543
-2.130258083343506,-6.340789794921875
-0.2520919032394886,-2.2592544555664062
0.49576759338378906,-0.14311079867184162
-5.197763442993164,-1.7983198165893555
-2.3449182510375977,0.899803563952446
-0.3791927918791771,2.596616744995117
6.311023235321045,-1.1630892753601074
3.684508800506592,-0.07418389897793531
4.4469475746154785,1.7989754676818848
7.38682746887207,2.079594135284424
-0.14127490110695362,1.967012882232666
-8.106434345245361,3.2690882682800293
1.746523380279541,0.23293500766158104
5.562007427215576,5.688917636871338
2.6427507400512695,3.850245475769043
3.299415111541748,-0.4519343003630638
3.917860984802246,1.9900798797607422
-9.459865093231201,-2.2125720977783203
-10.359466075897217,-5.117928981781006
-3.912186622619629,0.6846427917480469
-4.517102241516113,-6.418001651763916
0.8878111839294434,-5.4647088050842285
3.759944438934326,-7.1738600730896
0.3351091966032982,-8.458375930786133
-6.466007232666016,-9.15285348892212
-10.261917114257812,-4.865968227386475
-15.574657917022705,-0.05282159894704819
-7.776379585266113,-1.2795805931091309
3.2935261726379395,4.109072685241699
5.60230016708374,-2.270042896270752
8.867990970611572,3.291177749633789
8.168399333953857,8.714234828948975
0.0796556007117033,8.563411235809326
-6.777477264404297,6.2587738037109375
-4.922378063201904,8.35270881652832
5.224859714508057,8.377790451049805
13.004517555236816,9.660530090332031
13.357090950012207,7.064199447631836
10.378313064575195,4.042768478393555
2.7657151222229004,1.7901182174682617
-0.4691123962402344,2.54286527633667
-5.434274673461914,0.1393080037087202
-1.8482685089111328,2.6815414428710938
4.053544998168945,-1.9264459609985352
7.026827335357666,-5.091190338134766
-1.491713523864746,-9.737563133239746
-2.955496311187744,-10.414528846740723
-7.988572120666504,-8.127224445343018
-12.048077583312988,-6.2401652336120605
-8.789205551147461,-4.916524887084961
4.923152923583984,-6.9069743156433105
4.838037490844727,-5.434739589691162
3.6330342292785645,-4.729270935058594
2.8452157974243164,-0.806581974029541
-8.027470111846924,3.8489222526550293
-13.007962703704834,5.719327926635742
-7.266509532928467,4.4377923011779785
2.0156383514404297,6.870830059051514
4.631233215332031,9.357523918151855
4.737842082977295,6.358194351196289
0.9646773338317871,6.125187873840332
-5.012929439544678,3.2021284103393555
-8.353769779205322,1.6770482063293457
-4.341435432434082,2.3790597915649414
3.917360305786133,-0.6804943084716797
9.47633981704712,-3.264033794403076
6.743907928466797,-1.8157482147216797
6.684839725494385,-5.675899982452393
-0.5707263946533203,-5.916702747344971
-1.0543227195739746,-3.119838237762451
2.289760112762451,-1.6599059104919434
5.986201763153076,-1.746368408203125
6.676936149597168,-0.33996108919382095
11.106717586517334,-2.8306007385253906
3.4932613372802734,0.22208690643310547
-3.2292962074279785,5.095982551574707
-1.7069220542907715,3.4334659576416016
-2.223372459411621,2.8286218643188477
-7.478916645050049,4.046773910522461
-0.8422493934631348,2.425861358642578
1.0068892687559128,4.504179954528809
-5.043351650238037,4.7000885009765625
-6.57801628112793,2.4225234985351562
-2.6665449142456055,1.1463165283203125
-6.480574607849121,1.8953800201416016
1.4855504035949707,1.7020702362060547
7.19907283782959,2.555704116821289
6.243419647216797,-0.971221923828125
8.601820468902588,-1.8084406852722168
7.245588302612305,-2.5494813919067383
4.147279262542725,1.2149333953857422
5.592775344848633,1.3109207153320312
5.231869220733643,3.619837760925293
4.857063293457031,3.6495208740234375
5.361378192901611,1.8542289733886719
4.536771774291992,0.9043574333190918
-0.09074210189282894,0.7132411003112793
-0.226438008248806,1.7106056213378906
-1.41066312789917,1.7534852027893066
-6.8149566650390625,-0.2014636993408203
-8.114004135131836,-0.2079606056213379
-4.384791851043701,-3.529226779937744
-5.530273914337158,-0.009930100059136748
-4.631996154785156,-2.8363943099975586
-0.267410296946764,-0.3418565168976784
-4.099011421203613,1.3440966606140137
-6.435024738311768,-3.0789613723754883
-4.085910320281982,3.190481662750244
-0.6163955107331276,0.5617380142211914
3.390645980834961,-0.15376809984445572
6.819820404052734,0.180435199290514
5.7097673416137695,-0.5903125181794167
4.868578910827637,0.8897542953491211
-1.111745834350586,5.383729934692383
-0.6369113922119141,4.204452037811279
0.771176815032959,1.5768170356750488
4.815077781677246,1.069188117980957
4.893326759338379,-1.1239290237426758
6.77027702331543,-4.5441508293151855
-0.016415100544691086,-0.8248568326234818
-7.264971733093262,0.49495700746774673
-5.676662921905518,-2.6477932929992676
-7.270288467407227,0.9809374809265137
-5.243933200836182,-5.063390731811523
4.117977619171143,-6.436944007873535
3.2869458198547363,-5.142629146575928
-5.919468402862549,-3.8472890853881836
-5.433857440948486,-2.8089046478271484
-5.831575393676758,-0.4751443862915039
-9.26363468170166,-2.581191062927246
-3.231358528137207,-4.136085510253906
3.70786190032959,0.31708478927612305
1.1975408345460892,1.306760311126709
2.5487303733825684,-1.12074613571167
-0.43413639068603516,2.005612850189209
-2.014291286468506,1.892852783203125
3.7862420082092285,1.7369985580444336
4.718375205993652,3.5701513290405273
3.8506031036376953,0.9070515632629395
9.5306396484375,-1.518845558166504
6.878066062927246,0.5054593086242676
2.381610870361328,-2.962327003479004
4.206573963165283,-1.0352373123168945
4.2562127113342285,0.9520410746335983
-3.2760977745056152,-4.52653169631958
-0.9059906005859375,-1.7241477966308594
0.5243420973420143,-1.1700630187988281
-2.9619693756103516,-1.352846622467041
-8.493006229400635,1.390397548675537
-4.332256317138672,1.4329910278320312
-6.421482563018799,0.786280632019043
-6.7923784255981445,-0.210726298391819
-7.44096040725708,1.1543512344360352
0.2761244960129261,0.5287050828337669
-4.017603397369385,0.058066798374056816
-2.001965045928955,1.7876625061035156
-5.106985569000244,-3.0113935470581055
1.3603568077087402,-0.5850673094391823
0.7433176040649414,-0.5222916975617409
3.176391124725342,-4.175043106079102
3.159165382385254,-2.118539810180664
8.071839809417725,-6.093394756317139
2.1319985389709473,-8.884882926940918
1.0241389274597168,-4.2075395584106445
-0.5918264016509056,-2.822268009185791
1.9245624542236328,-6.90990686416626
-0.29683109372854233,-10.081863403320312
-3.546154499053955,-12.425506114959717
-1.7374992370605469,-10.185718536376953
1.111125871539116,-3.7479400634765625
-5.715632438659668,-4.642021656036377
-7.503795623779297,-4.233920574188232
-0.7772325724363327,-5.015361309051514
-1.9927978515625,-4.605114459991455
-1.1115313321352005,-0.1976132020354271
2.4689078330993652,8.615374565124512
4.346799850463867,6.29192590713501
3.298366069793701,8.511185646057129
2.559804916381836,7.977581024169922
5.816507339477539,7.909846305847168
8.983123302459717,10.365641117095947
1.8860578536987305,11.88417673110962
1.7727375030517578,10.209989547729492
6.099987030029297,10.93292236328125
2.481544017791748,6.633543968200684
2.7005434036254883,2.5638222694396973
5.53356409072876,8.505654335021973
2.4828433990478516,4.804408550262451
-3.449404239654541,2.8287291526794434
-6.004607677459717,1.2049555778503418
-2.545011043548584,-3.1978845596313477
1.1618971824645996,-3.4180164337158203
3.3989548683166504,-4.586899280548096
0.410616397857666,-7.227528095245361
2.3733019828796387,-6.763970851898193
-2.8988122940063477,-9.27112102508545
-8.652019500732422,-8.366727828979492
-1.1371731758117676,-4.031264781951904
1.819300651550293,-5.055665969848633
-0.04941230174154043,-2.2536158561706543
3.356289863586426,-3.100466728210449
-2.0215272903442383,0.45540329068899155
-6.814682483673096,5.54279088973999
-3.9657950401306152,2.5743603706359863
-3.4021973609924316,9.773170948028564
-0.16975399106740952,10.800981521606445
5.9271931648254395,8.417356014251709
1.5913605690002441,7.259392738342285
-3.858613967895508,7.735991477966309
3.349447250366211,8.168458938598633
3.7952303886413574,8.612334728240967
2.2081613540649414,7.953512668609619
12.01401948928833,4.2575836181640625
13.642144203186035,3.5791397094726562
4.721343517303467,0.9952663630247116
3.8846969604492188,-1.479339599609375
7.751989364624023,-1.0930895805358887
-0.9606360644102097,-6.28201961517334
-1.1018990725278854,-5.313372611999512
4.174017906188965,-4.063928127288818
1.7286181449890137,-8.759856224060059
-3.7115097045898438,-7.004821300506592
-1.5794634819030762,-8.885884284973145
-2.5312423706054688,-10.492193698883057
-7.0220232009887695,-5.604887008666992
-7.444953918457031,-6.589841842651367
-3.1136512756347656,-0.5380154028534889
-2.9449820518493652,3.257930278778076
-4.076492786407471,2.020108699798584
-1.5651822090148926,0.6582974642515182
-2.3321986198425293,-0.19481180235743523
-6.923806667327881,-1.9354462623596191
-3.391897678375244,3.103482723236084
-1.2334703654050827,2.0164132118225098
-1.3571739196777344,0.03541710088029504
0.037252900656312704,-0.6355404853820801
2.9566168785095215,-2.0385265350341797
2.726113796234131,-0.9557127952575684
2.4492263793945312,-2.9862403869628906
0.15581849962472916,-2.4033308029174805
0.25426149368286133,-1.6388297080993652
2.319216728210449,-0.844419002532959
4.0674567222595215,-0.29309989884495735
0.352477990090847,-4.736113548278809
5.35815954208374,-1.1102675646543503
6.298375129699707,-3.0192017555236816
-0.8159399032592773,-4.299819469451904
0.28668640181422234,0.46286579221487045
1.164400577545166,-0.47435760498046875
-0.8880376815795898,0.08497240021824837
-4.921829700469971,1.74332857131958
-2.3751378059387207,-1.8473625183105469
-4.16182279586792,-1.098477765917778
-6.80314302444458,-2.493000030517578
-4.592525959014893,-1.3029217720031738
-0.7852792739868164,-2.9626011848449707
-3.868532180786133,-6.2557220458984375
-5.636787414550781,-4.817748069763184
-1.1212348937988281,-6.884574890136719
-3.3832669258117676,-1.3914942741394043
-3.991234302520752,-7.30050802230835
1.0738254338502884,-6.5862298011779785
-3.7252306938171387,0.8076667785644531
-0.5356669053435326,5.391812324523926
9.06597375869751,4.6561598777771
1.580798625946045,3.323948383331299
0.2266526035964489,3.945302963256836
7.016777992248535,6.466090679168701
1.67616605758667,8.564412593841553
-5.2069902420043945,6.2519073486328125
6.073737144470215,8.57532024383545
4.351997375488281,8.431267738342285
0.31448598951101303,6.553053855895996
5.0920844078063965,4.418003559112549
3.6646127700805664,3.2402992248535156
-3.3406615257263184,1.172482967376709
-3.2268643379211426,-1.252305507659912
-4.036164283752441,0.5250335112214088
0.19458530470728874,-3.211653232574463
-5.862367153167725,-1.27716064453125
-1.8384099006652832,-2.4414658546447754
1.1969208717346191,-6.484031677246094
-4.23281192779541,-5.962395668029785
-7.6012372970581055,-8.538055419921875
1.5158295631408691,-7.85524845123291
0.6764770299196243,-3.4299850463867188
4.612219333648682,-3.4831881523132324
10.462367534637451,-2.459990978240967
4.18626070022583,-2.4553537368774414
1.556229591369629,2.4098753929138184
5.590915679931641,3.4300923347473145
-0.3122090920805931,3.1665682792663574
-3.8914084434509277,2.7691006660461426
3.180372714996338,5.636262893676758
-1.2437819689512253,7.298016548156738
-6.420958042144775,5.636918544769287
-3.381931781768799,5.06054162979126
-1.939082145690918,4.2710185050964355
-5.780947208404541,0.7622122764587402
0.29048919677734375,1.476609706878662
-0.5491971969604492,-1.0896682739257812
-5.579888820648193,-0.7820844650268555
0.8955717086791992,-0.6955146789550781
0.2126454934477806,0.3137468919157982
-4.852187633514404,-3.8719892501831055
2.028656005859375,2.077353000640869
8.13000202178955,-0.5146145820617676
2.743852138519287,-0.28289560228586197
7.573068141937256,2.606058120727539
7.722342014312744,1.850295066833496
4.839920997619629,1.019585132598877
1.104414463043213,6.827831268310547
6.317126750946045,4.885542392730713
4.904723167419434,4.723215103149414
2.223050594329834,5.397701263427734
1.6364336013793945,1.2156487256288528
0.8452177047729492,0.8252500742673874
-7.137787342071533,2.9142022132873535
-6.850850582122803,1.3141751289367676
-3.642725944519043,3.6924004554748535
-1.9374370574951172,1.769578456878662
1.1125683784484863,-2.291858196258545
6.654763221740723,-3.3452272415161133
2.544689178466797,-1.2756943702697754
2.886486053466797,-1.482093334197998
1.2603282928466797,3.263115882873535
-1.597893238067627,-1.354539394378662
1.1034488677978516,-1.8277883529663086
10.25763750076294,-0.4239201918244362
5.02324104309082,-0.5587458983063698
1.3744235038757324,3.4787654876708984
3.5316944122314453,2.1896004676818848
-2.566802501678467,-0.8557319641113281
-7.571220397949219,0.09580849669873714
-3.0838966369628906,1.1867046356201172
1.545882225036621,3.308403491973877
-0.06294250022619963,1.9745945930480957
-1.1657357215881348,-0.9782791137695312
-1.4246940612792969,-1.2638449668884277
-6.298410892486572,-2.530848979949951
-5.15676736831665,0.07818940095603466
-0.9721279144287109,1.8487811088562012
0.9385585784912109,2.5370359420776367
3.500509262084961,1.2704014778137207
0.08835789747536182,-0.7582306861877441
-2.857792377471924,-0.05431179888546467
-0.16531940549612045,1.0992884635925293
-0.10466580279171467,3.6280155181884766
-3.399538993835449,3.3037185668945312
5.8156609535217285,-1.3096213340759277
7.303977012634277,-0.7223845273256302
-1.7374992370605469,-4.466140270233154
-2.3557543754577637,-0.6908059120178223
1.8360018730163574,-0.02101660007610917
-7.51575231552124,-3.1438589096069336
-6.396675109863281,-2.1372079849243164
-4.076480865478516,-2.5380730628967285
4.121911525726318,-6.433427333831787
0.45621398836374283,-3.086566925048828
-0.10256770066916943,-5.715799331665039
-0.574183501303196,-3.326094150543213
-1.6624927520751953,-2.4201035499572754
-6.987249851226807,-4.330003261566162
-2.246689796447754,-5.809521675109863
0.9709954261779785,2.4924516677856445
0.8108615875244141,-1.1351346969604492
1.853477954864502,0.31615499407052994
4.48228120803833,0.8522748947143555
-0.20467039197683334,-1.3553500175476074
-0.39993520826101303,3.358948230743408
-2.719104290008545,4.25410270690918
-0.34612420946359634,1.1988996714353561
-0.7614017277956009,2.271735668182373
3.553628921508789,0.6672977656126022
9.29025411605835,-1.4457345008850098
9.26220417022705,4.294002056121826
5.4534077644348145,1.397860050201416
3.479897975921631,1.6141295433044434
-2.961909770965576,0.7233262062072754
-4.4180989265441895,-2.0436525344848633
-5.424141883850098,0.4826664924621582
0.09163619950413704,1.3073205947875977
3.0437588691711426,1.8767714500427246
-0.33966299146413803,2.0872950553894043
-2.5669336318969727,0.19402500241994858
-6.295108795166016,-0.5015730857849121
-9.779000282287598,3.163027763366699
-7.323718070983887,3.8600564002990723
-2.0105481147766113,1.8033862113952637
-0.548851490020752,1.363694667816162
1.6437649726867676,-4.164361953735352
1.4145255088806152,0.2220631018280983
-3.102874755859375,2.4846315383911133
-3.2165050506591797,-0.9356260299682617
0.44879909604787827,-1.6495466232299805
2.666592597961426,-6.939399242401123
3.692960739135742,-7.588744163513184
7.097899913787842,-4.502987861633301
4.634213447570801,-3.954195976257324
-3.511226177215576,-3.4299850463867188
-2.025628089904785,-6.743788719177246
0.14948840253055096,-9.930801391601562
-0.7764220237731934,-9.414207935333252
-2.080833911895752,-6.663846969604492
-4.829919338226318,-7.962048053741455
-6.672072410583496,-4.929304122924805
-9.841418266296387,-7.042503356933594
-11.165153980255127,-4.93922233581543
-1.9186735153198242,-1.043093204498291
1.482093334197998,2.373933792114258
2.896428108215332,3.128218650817871
3.016066551208496,5.656027793884277
1.4104247093200684,4.340803623199463
5.7379841804504395,8.220016956329346
3.6383748054504395,8.268392086029053
6.065618991851807,9.001851081848145
11.443936824798584,8.767974376678467
10.29287576675415,9.585380554199219
5.821073055267334,8.927452564239502
3.9665818214416504,8.87976884841919
6.430041790008545,7.353019714355469
1.1564850807189941,3.1435608863830566
-2.8524041175842285,4.98356819152832
3.199779987335205,0.7932782173156738
0.9056687355041504,0.4461408033967018
-4.94006872177124,0.46919580549001694
-1.5277862548828125,-3.7572622299194336
-1.5374541282653809,-5.660223960876465
-4.635047912597656,-8.98219347000122
-5.00035285949707,-8.747720718383789
-0.0905751995742321,-4.845035076141357
-1.8653035163879395,-6.698453426361084
-4.120159149169922,-6.828677654266357
-0.8053184300661087,-6.723356246948242
-1.2028813362121582,-6.253814697265625
0.9292364120483398,-1.0028362274169922
1.0170698165893555,-0.5387425050139427
-1.0176777839660645,1.733088493347168
-3.1792163848876953,2.8848886489868164
1.122903823852539,3.114759922027588
-3.010702133178711,8.787298202514648
-4.609787464141846,9.362602233886719
2.684319019317627,10.754704475402832
-1.339256763458252,6.7626953125
-4.009735584259033,5.70906400680542
4.751026630401611,9.597635269165039
7.793617248535156,7.603144645690918
3.0196070671081543,11.989593505859375
7.264828681945801,7.162034511566162
9.47568416595459,4.297459125518799
3.51712703704834,1.9099235534667969
5.327975749969482,0.27920009568333626
7.9506635665893555,-3.0033230781555176
3.5650253295898438,-2.065098285675049
0.1281499955803156,-5.493640899658203
-1.0964155197143555,-7.984650135040283
-3.5465121269226074,-6.805086135864258
-6.258082389831543,-6.490743160247803
-0.17449859529733658,-8.452010154724121
-3.0104517936706543,-3.7331700325012207
-0.031626198906451464,-7.962441444396973
0.5093932151794434,-3.888118267059326
-6.166648864746094,-0.22364849224686623
-7.95828104019165,2.825033664703369
-0.8903861045837402,2.4277687072753906
-3.9455652236938477,1.8869996070861816
-1.2656331062316895,0.7689595222473145
4.154360294342041,0.7776737213134766
2.7699708938598633,1.8228650093078613
-2.909970283508301,-0.17403360456228256
-2.7712106704711914,-0.01907350029796362
-4.369187355041504,0.42465928941965103
-2.4649500846862793,-2.4364233016967773
3.316783905029297,-2.33229398727417
3.9756178855895996,-2.6245594024658203
5.105030536651611,-4.45486307144165
0.019335700199007988,-4.089748859405518
-5.3108930587768555,0.19091369584202766
-2.878081798553467,3.8798093795776367
-2.9380321502685547,4.4144392013549805
-0.8514881134033203,3.4384965896606445
5.414724349975586,-1.0524511337280273
4.9986958503723145,2.840602397918701
1.4751672744750977,3.5477519035339355
-0.17590520903468132,1.2369514256715775
-3.092944622039795,4.964876174926758
-5.617737770080566,-0.45256610959768295
1.1065244674682617,-0.07799860090017319
-1.7267346382141113,-2.5548577308654785
-1.309061050415039,-6.633508205413818
-1.395094394683838,-6.091821193695068
-6.910276412963867,-7.537877559661865
-10.075151920318604,-7.588505744934082
-6.92896842956543,-8.352577686309814
-7.303047180175781,-11.949336528778076
-3.82157564163208,-4.94760274887085
-5.636203289031982,-3.4682154655456543
0.5297302827239037,-0.8917689323425293
-0.044608102180063725,2.2034764289855957
-2.9036760330200195,4.629921913146973
4.504275321960449,4.2711615562438965
11.225926876068115,8.391773700714111
4.109025001525879,7.874619960784912
3.27378511428833,8.63252878189087
6.774377822875977,12.064826488494873
3.6397695541381836,10.262632369995117
3.731083869934082,4.931080341339111
10.970759391784668,4.201626777648926
7.26475715637207,2.1866440773010254
3.37979793548584,3.0457139015197754
-0.9365677833557129,3.338634967803955
-3.7412166595458984,-6.1423659324646
-3.462493419647217,-7.368373870849609
-4.105794429779053,-8.183753490447998
-5.075633525848389,-4.48528528213501
-3.143477439880371,-2.364051342010498
-6.742501258850098,-6.753635406494141
-8.263421058654785,-11.987686157226562
-5.814051628112793,-7.168543338775635
-0.2838611975312233,-4.706156253814697
-0.3129721060395241,0.9696363657712936
-3.1474709510803223,2.9634833335876465
0.6236910820007324,2.646791934967041
3.3664464950561523,1.6240596771240234
2.4758100509643555,4.088437557220459
2.8562426567077637,3.1311869621276855
8.105909824371338,8.400893211364746
-1.4868497848510742,5.985474586486816
-7.928311824798584,3.905463218688965
0.5848526954650879,4.411745071411133
2.3007631301879883,2.252352237701416
-3.882288932800293,-2.9172539710998535
5.425214767456055,-1.0968685150146484
5.3510308265686035,-4.930353164672852
-4.381740093231201,-6.992530822753906
-10.119855403900146,-0.1172780990600586
-3.5523176193237305,-3.8842320442199707
1.3165473937988281,-5.603122711181641
2.8165578842163086,-3.762078285217285
6.204354763031006,-4.9202799797058105
9.187984466552734,-2.194666862487793
-0.45437809079885483,6.107616424560547
-3.578948974609375,5.076634883880615
1.1269807815551758,5.926024913787842
2.694106101989746,5.414009094238281
2.856624126434326,5.935323238372803
11.293637752532959,7.752370834350586
5.772542953491211,9.48110818862915
-1.4588236808776855,8.829259872436523
-6.34458065032959,3.7337422370910645
-6.186676025390625,4.621016979217529
-4.819631576538086,5.504131317138672
-0.30031200498342514,4.49674129486084
3.485095500946045,1.7434954643249512
-0.3033638000488281,-0.4431008920073509
-2.0165085792541504,-2.723395824432373
1.321732997894287,-1.0981916636228561
1.4325499534606934,-0.4019976034760475
1.6292214393615723,-0.9115934371948242
10.217928886413574,-1.847243309020996
10.001027584075928,-3.2181501388549805
5.3574323654174805,-3.2678723335266113
5.8226704597473145,-0.22407770156860352
3.4997105598449707,1.5079617500305176
-1.1679410934448242,2.1578311920166016
-0.9256721287965775,5.374777317047119
1.0016918182373047,0.9364963322877884
-1.081705093383789,4.872453212738037
-4.274153709411621,4.166817665100098
-6.086266040802002,3.393125534057617
-4.745602607727051,2.7816414833068848
-8.470332622528076,1.212000772356987
-8.2916259765625,0.294721107929945
0.010347400093451142,3.243410587310791
1.2771129608154297,1.2112140655517578
-0.6288409233093262,-0.582277812063694
-1.1233329772949219,-0.8816956728696823
-1.4338016510009766,-0.26950839906930923
-2.0653486251831055,-1.3518691062927246
-2.2316575050354004,3.589355945587158
-0.916135311126709,1.9236445426940918
2.8323888778686523,0.8407711982727051
1.9575238227844238,-0.923156663775444
-3.4383416175842285,-1.0827302932739258
4.163622856140137,1.8892884254455566
2.6615262031555176,3.6038756370544434
-5.013692378997803,-3.046298027038574
-1.822495460510254,-1.9946813583374023
-0.49343109130859375,-2.845895290374756
-1.783442497253418,-0.7472038269042969
-1.572883129119873,-2.041316032409668
0.7854700088500977,-4.734337329864502
2.652895450592041,-5.764114856719971
-0.13600589707493782,-8.31540822982788
-4.8293232917785645,-6.298327445983887
-1.5505790710449219,-4.09085750579834
-4.662990570068359,-3.3166885375976562
-7.245612144470215,-0.6005525961518288
-2.8679609298706055,-1.484227180480957
2.8438568115234375,-1.3665080070495605
3.506898880004883,-1.647937297821045
4.232299327850342,-1.0650396347045898
2.7579665184020996,1.0558366775512695
0.0621915003284812,4.928743839263916
-1.5309929847717285,1.604604721069336
-2.493453025817871,5.070042610168457
3.716766834259033,3.1882405281066895
11.966502666473389,-0.19212959334254265
8.019709587097168,-0.5888224020600319
6.064116954803467,-0.2721310034394264
2.594304084777832,-0.8823276311159134
0.44983629137277603,-0.1636981964111328
-1.160120964050293,-1.922774314880371
-0.0037550998968072236,-5.077576637268066
0.8597136288881302,-3.101956844329834
1.5395045280456543,-2.0989537239074707
-5.685210227966309,-2.714693546295166
-8.943545818328857,-1.385354995727539
-7.786297798156738,0.9351254254579544
-8.571958541870117,1.4026284217834473
-12.535536289215088,4.304957389831543
-3.89559268951416,3.8230180740356445
-2.92203426361084,0.23772720247507095
-5.598878860473633,2.7751803398132324
-2.3552536964416504,0.19960399717092514
-0.3917694091796875,-0.7724881172180176
-2.4670004844665527,0.9057878702878952
2.731966972351074,-2.2710204124450684
6.707870960235596,-5.195653438568115
9.108519554138184,-4.791593551635742
7.438290119171143,-8.222568035125732
1.5035152435302734,-7.4295878410339355
4.981255531311035,-7.071828842163086
4.758572578430176,-8.762526512145996
-1.507878303527832,-11.097288131713867
0.6347178667783737,-8.9347243309021
3.046858310699463,-10.494399070739746
-5.424952507019043,-11.082053184509277
-11.03677749633789,-11.336219310760498
-2.891397476196289,-5.782115459442139
-7.130217552185059,-4.253685474395752
-11.558353900909424,-1.6796112060546875
-7.992339134216309,2.2829771041870117
-4.0763020515441895,1.2322664260864258
-7.389724254608154,4.014992713928223
0.8273720741271973,7.00528621673584
9.21027660369873,10.56981086730957
10.38442850112915,14.367330074310303
6.241047382354736,10.030090808868408
9.3039870262146,6.806671619415283
4.648613929748535,7.898235321044922
3.058314323425293,8.253788948059082
6.127631664276123,8.946442604064941
11.081850528717041,10.405516624450684
8.195364475250244,7.675158977508545
5.660402774810791,3.0314207077026367
1.9469022750854492,2.3450255393981934
-1.7076730728149414,0.007796299760229886
-5.937182903289795,2.9206037521362305
-3.8135170936584473,0.3813027963042259
-3.5412192344665527,-5.045342445373535
-2.85722017288208,-7.823085784912109
-0.5819917097687721,-6.871163845062256
-1.0623692721128464,-5.011510848999023
-4.108262062072754,-0.9765028953552246
-5.684077739715576,-4.807686805725098
-1.0483264923095703,-5.407118797302246
-1.437687873840332,-4.319000244140625
-2.781498432159424,-1.3048648834228516
-0.1651168055832386,4.756462574005127
0.85128553211689,2.535724639892578
-5.098485946655273,4.235267639160156
-1.1232733726501465,2.6198506355285645
4.085063934326172,5.645549297332764
0.3541469946503639,9.463191032409668
-2.0615220069885254,7.297646999359131
1.327061653137207,5.9311747550964355
-2.0078063011169434,3.3419370651245117
2.4047255516052246,2.8828859329223633
6.566905975341797,5.621957778930664
10.019230842590332,7.550549507141113
11.489629745483398,3.763854503631592
6.079769134521484,2.4235129356384277
0.6299375742673874,-4.971456527709961
6.081199645996094,0.15560390427708626
1.3359308242797852,0.815129280090332
3.0503273010253906,-0.349271297454834
7.0156097412109375,-3.0001282691955566
2.9520750045776367,-5.265462398529053
-4.879617691040039,-7.240021228790283
-3.270101547241211,-5.4178595542907715
-4.562127590179443,-1.7118453979492188
-6.0311079025268555,-4.628109931945801
-4.142963886260986,-6.0379862785339355
-2.679884433746338,-4.931056499481201
-2.8342723846435547,-6.558966636657715
-2.4848341941833496,1.5034198760986328
-3.504931926727295,0.5392789840698242
-2.083134651184082,-0.8626580238342285
-1.4244556427001953,-2.76719331741333
-2.340054512023926,-5.5222272872924805
-0.8438467979431152,0.022125199902802706
2.4080276489257812,0.832831934094429
-1.811814308166504,-1.9462823867797852
-0.7759332656860352,-3.0003905296325684
3.3065438270568848,-4.465162754058838
0.4362345114350319,-4.4049859046936035
0.23947950452566147,-1.7896771430969238
0.472867488861084,2.4329185485839844
1.023101806640625,-0.40905479341745377
-1.1351227760314941,-2.3546934127807617
1.2180209159851074,-0.6405234336853027
0.9962677955627441,3.50571870803833
0.7623075693845749,6.434977054595947
-2.8086423873901367,6.264925003051758
-0.7085084915161133,-0.23028850555419922
0.3703116998076439,2.1022558212280273
-3.006434440612793,3.829467296600342
0.023651099763810635,5.206620693206787
-0.17596479505300522,5.385756492614746
-4.186856746673584,2.4558305740356445
-7.056975364685059,-1.108848974108696
-1.0421515256166458,-1.5976786613464355
1.5401124954223633,-3.7117600440979004
-5.204510688781738,-8.134162425994873
-3.3878087997436523,-7.499134540557861
-0.08853670209646225,-10.699307918548584
-7.682168483734131,-18.80882978439331
-8.88526439666748,-12.53446340560913
-7.820749282836914,-5.396461486816406
-1.3699531555175781,-5.945193767547607
-4.800677299499512,0.3315329924225807
-3.5496115684509277,-3.832674026489258
7.806944847106934,1.3978242874145508
7.419371604919434,7.839977741241455
1.8053412437438965,11.379456520080566
3.568744659423828,12.180233001708984
8.608198165893555,13.493800163269043
-0.5329132080078125,9.131908416748047
3.5143613815307617,9.664952754974365
13.632416725158691,13.378727436065674
10.86500883102417,8.060884475708008
1.453995704650879,5.555212497711182
1.0910630226135254,6.438970565795898
-1.2207865715026855,-0.051927599124610424
-0.7115721702575684,-1.8673062324523926
-3.4395694732666016,-5.494070053100586
-0.3015756979584694,-7.114994525909424
-0.5936741828918457,-9.844183921813965
-2.8398871421813965,-10.12636423110962
-11.767637729644775,-13.438653945922852
-10.158944129943848,-10.468518733978271
-3.8068175315856934,-7.356894016265869
-4.2955756187438965,-9.250426292419434
-0.7872819900512695,-7.146763801574707
5.411124229431152,-4.369330406188965
7.986092567443848,-5.7694315910339355
0.25435689836740494,4.279375076293945
-2.310609817504883,5.457019805908203
1.9012451171875,7.833254337310791
1.3290166854858398,6.947958469390869
-0.421750508248806,6.831979751586914
6.024718284606934,7.87433385848999
7.687783241271973,8.784282207489014
-3.62626314163208,8.680319786071777
-7.623100280761719,3.5259127616882324
-1.545703411102295,5.373263359069824
-6.57198429107666,1.103842332959175
-5.617165565490723,-4.012608528137207
4.408526420593262,-1.3508915901184082
-0.45167211443185806,-3.3362746238708496
-2.00498104095459,-5.947375297546387
0.22600889205932617,-2.6535511016845703
1.7473816871643066,-6.669914722442627
1.9574761390686035,-4.1953206062316895
6.288051605224609,-0.12431140057742596
7.073819637298584,-1.9501686096191406
8.335363864898682,-0.42766328901052475
6.2007904052734375,1.7035841941833496
6.33929967880249,1.9738197326660156
3.461301326751709,6.887626647949219
2.0988821983337402,9.450554847717285
1.911783218383789,7.608389854431152
0.5640625953674316,6.1695098876953125
-1.842331886291504,6.357407569885254
-0.3025770001113415,4.675185680389404
-1.977396011352539,3.113245964050293
-4.540848731994629,3.065657615661621
-2.563178539276123,0.715172290802002
-0.6990432739257812,-0.9202718734741211
1.6263604164123535,-0.8882641792297363
2.108430862426758,-4.009127616882324
1.0684847831726074,-5.337977409362793
2.818584442138672,-3.5613179206848145
-0.040054298005998135,-1.8262386322021484
-1.3171911239624023,-0.7685065269470215
2.340257167816162,0.7235168665647507
4.3181538581848145,0.29393430799245834
3.6682844161987305,2.2398829460144043
5.721855163574219,1.3474702835083008
6.344330310821533,2.074551582336426
0.7560372352600098,1.948857307434082
-6.629741191864014,7.805633544921875
-7.645928859710693,5.362129211425781
-6.9107770919799805,3.77579927444458
-5.02551794052124,2.9164791107177734
1.4403939247131348,-0.015461399452760816
4.630446434020996,3.5766124725341797
-0.7059693336486816,3.361678123474121
-3.1545281410217285,1.379072666168213
-8.173596858978271,-0.7588624954223633
-6.80084228515625,-3.347635269165039
-0.2948402985930443,-3.6548614501953125
6.107831001281738,-1.2770771980285645
6.440246105194092,-0.8295298367738724
1.9359707832336426,-4.439270496368408
-0.29016729444265366,-2.2017717361450195
-6.4757466316223145,-1.5208721160888672
-5.949163436889648,-1.3696670532226562
1.1521338671445847,2.1675586700439453
2.8237342834472656,-2.4260640144348145
1.8155217170715332,-2.689385414123535
4.066181182861328,-1.5346288681030273
0.33310651779174805,-2.9562830924987793
-7.118380069732666,-2.249479293823242
-5.7241082191467285,3.231632709503174
2.108275890350342,-2.7573585510253906
2.4509668350219727,-4.049360752105713
0.5190372094511986,-3.7017822265625
4.707229137420654,-1.6402721405029297
-0.029134799260646105,-2.6114940643310547
-14.849543571472168,2.8285980224609375
-4.88743782043457,-4.306042194366455
2.9974818229675293,-1.0489224642515182
1.640474796295166,-1.8944501876831055
0.921630933880806,-2.0418882369995117
9.033918380737305,3.6455512046813965
1.1757493019104004,1.3776540756225586
-10.302281379699707,-1.7670869827270508
-2.469050884246826,1.9543170928955078
5.336153507232666,4.248344898223877
3.89021635055542,-1.0776401311159134
5.439901351928711,1.6733646392822266
7.529258728027344,-3.4114480018615723
2.576744556427002,-2.66721248626709
-4.017198085784912,1.5450119972229004
-2.7484536170959473,-0.8921145647764206
1.6874313354492188,-1.633155345916748
4.430258274078369,-0.27538539841771126
3.1438469886779785,-5.585503578186035
0.8628726005554199,-3.85897159576416
-3.434920310974121,-0.07476809900254011
-10.567307472229004,1.2676119804382324
-11.32272481918335,3.114795684814453
-5.19564151763916,3.6288857460021973
1.410830020904541,-0.33315420150756836
1.4573335647583008,-2.5974512100219727
-5.085015296936035,2.5087594985961914
-1.4854192733764648,1.1106610298156738
-3.9239048957824707,1.6149520874023438
-5.891168117523193,-0.14132260344922543
0.047075701877474785,-1.1711955070495605
14.532923698425293,-2.3516297340393066
7.4372053146362305,-2.0950675010681152
1.8507122993469238,-4.613399505615234
3.7502527236938477,-8.165335655212402
-2.307415008544922,-4.14886474609375
-4.879415035247803,-5.062210559844971
-1.1852263659238815,-6.361639499664307
1.3714790344238281,-3.710341453552246
0.21085739135742188,-8.581888675689697
-4.772830009460449,-11.260592937469482
-6.280922889709473,-7.309567928314209
-5.398380756378174,-8.46329927444458
-5.817520618438721,-2.7724504470825195
-5.483710765838623,-1.5401124954223633
-5.835926532745361,-0.35480260848999023
3.848731517791748,-0.7046937942504883
-0.8118271827697754,2.9479503631591797
0.3100872039794922,3.6810994148254395
8.471107482910156,9.2332124710083
6.043827533721924,10.022294521331787
4.995763301849365,7.5814008712768555
6.849205493927002,7.568490505218506
7.023477554321289,9.403002262115479
6.307804584503174,3.3009767532348633
5.493474006652832,9.158563613891602
10.816705226898193,6.917047500610352
7.98109769821167,5.231833457946777
3.5340428352355957,6.213486194610596
2.7410268783569336,1.49613618850708
-3.893280029296875,2.400839328765869
-4.275226593017578,2.8256773948669434
-1.7656683921813965,-3.880143165588379
-4.506230354309082,-2.0329952239990234
-1.2070298194885254,-2.4369359016418457
-3.5254955291748047,-6.748247146606445
-7.328188419342041,-3.9787888526916504
-10.695576667785645,-5.894660949707031
-2.1017074584960938,-6.044185161590576
-1.2287139892578125,-6.923031806945801
-3.432321548461914,-6.007170677185059
2.0390987396240234,-2.2869110107421875
1.6747474670410156,-1.1375188827514648
-9.138453006744385,2.696669101715088
-2.9815673828125,0.8894085884094238
2.6600003242492676,5.4340362548828125
3.2373666763305664,4.171514511108398
4.22670841217041,6.432819366455078
7.528781890869141,7.157266139984131
3.539597988128662,8.300924301147461
1.3347506523132324,10.456907749176025
0.44540170580148697,11.054158210754395
4.211068153381348,7.164180278778076
8.11309814453125,8.611524105072021
11.238205432891846,2.2500157356262207
5.740869045257568,3.7884950637817383
4.742646217346191,2.3803353309631348
2.8662562370300293,1.6592025756835938
-2.4435997009277344,-2.351212501525879
-2.7367115020751953,-4.62498664855957
3.537750244140625,-7.178747653961182
2.7912020683288574,-7.875823974609375
-0.8840084075927734,-11.015617847442627
-3.6279797554016113,-6.715965270996094
-3.9590954780578613,-10.47145128250122
-3.344881534576416,-8.615100383758545
-6.22248649597168,-6.76417350769043
0.2988695912063122,-3.8208961486816406
5.15819787979126,-0.8020163327455521
-3.0246973037719727,1.5447378158569336
-4.017961025238037,-0.31723979860544205
1.2413263320922852,1.4984488487243652
-4.893195629119873,4.01005744934082
-2.8418540954589844,2.112603187561035
3.3258557319641113,2.9810428619384766
1.3141632080078125,1.5038609504699707
-2.6699304580688477,-1.5453696250915527
-1.656806468963623,-1.1339188367128372
-1.998734474182129,-1.48392915725708
-0.5612492933869362,-4.4068098068237305
-1.6573786735534668,-3.3732175827026367
1.7784476280212402,-3.925502300262451
0.20226240158081055,-8.99571180343628
-0.35225149244070053,-3.744077682495117
-1.7714262008666992,-3.3151626586914062
-0.29027460142970085,-3.915131092071533
1.5783309936523438,-0.11076929979026318
4.533874988555908,-5.6603312492370605
3.337717056274414,0.4260063171386719
4.2563557624816895,5.333459377288818
3.9330244064331055,4.176807403564453
0.4797815904021263,4.544973373413086
-3.661012649536133,4.393911361694336
1.653289794921875,3.607773780822754
4.037284851074219,4.430913925170898
-2.980494499206543,1.6187191009521484
-0.7353305816650391,-0.3326892852783203
-1.8824338912963867,-2.520120143890381
-8.598506450653076,-8.280718326568604
-7.363438606262207,-12.106060981750488
-4.716801643371582,-9.705567359924316
-11.063921451568604,-7.91705846786499
-10.66218614578247,-6.263697147369385
-0.04527570214122534,-3.7989377975463867
-8.853495121002197,-6.661355495452881
-2.560746669769287,-4.314112663269043
4.350292682647705,1.3899564743041992
6.168687343597412,2.456545829772949
-2.4455785751342773,7.7065110206604
5.270099639892578,7.798516750335693
5.802857875823975,6.202292442321777
8.577775955200195,11.985361576080322
11.658775806427002,9.572815895080566
12.11179494857788,9.568357467651367
4.427456855773926,8.23352336883545
4.091751575469971,8.948862552642822
-2.9106497764587402,4.487359523773193
3.344845771789551,3.4984350204467773
-1.8372297286987305,0.5342363938689232
-0.9546518325805664,-0.31037330627441406
-3.746199607849121,-1.7620444297790527
-9.699809551239014,-4.157710075378418
-12.610626220703125,-6.980562210083008
-7.498431205749512,-7.55690336227417
-7.1067214012146,-6.954371929168701
-0.3876804932951927,-7.380926609039307
0.9965181350708008,-7.290542125701904
-0.6766796112060547,-6.526362895965576
1.300346851348877,-6.289577484130859
2.804410457611084,0.01684430055320263
-0.15127659775316715,-1.5924811363220215
2.6502490043640137,-1.368248462677002
6.3277482986450195,-0.6798028945922852
0.7865191251039505,-0.4672408103942871
2.3340344429016113,4.336261749267578
8.411896228790283,7.402408123016357
-0.08815529756247997,6.2758684158325195
-1.3140678405761719,3.5320162773132324
2.028632164001465,3.1427741050720215
-0.8407235145568848,0.2999662980437279
-5.654048919677734,-0.7493854314088821
0.516963005065918,3.0699968338012695
3.021097183227539,0.09931329637765884
-5.677509307861328,-0.6067634001374245
-2.351105213165283,3.2323718070983887
2.2962331771850586,-2.777218818664551
-1.8800854682922363,2.362513542175293
-1.3945341110229492,0.7447004318237305
9.71231460571289,-0.07772449869662523
4.469716548919678,1.7557978630065918
0.6920933723449707,3.3170461654663086
4.978621006011963,2.963876724243164
5.504059791564941,5.5397748947143555
-2.45896577835083,3.5657763481140137
4.107213020324707,2.2617459297180176
5.177450180053711,3.316807746887207
-1.2485027313232422,5.225968360900879
-2.8293967247009277,5.372285842895508
-0.48263069242239,6.8770527839660645
-7.337331771850586,6.853067874908447
-3.1066417694091797,1.1580348014831543
5.864357948303223,0.5121349915862083
7.454121112823486,-0.9236931800842285
7.528626918792725,-3.444349765777588
5.796194076538086,-2.2268295288085938
-0.3579258918762207,-3.065311908721924
-0.7500290870666504,-1.0535240173339844
-0.620114803314209,-0.45920610427856445
3.4743547439575195,-0.1446485985070467
7.274067401885986,2.7120590209960938
9.622442722320557,-0.8257150650024414
-2.2281646728515625,-0.7173895835876465
-3.4139037132263184,1.625657081604004
-3.4075498580932617,4.071712493896484
-6.471610069274902,4.831790924072266
-7.015478610992432,3.0336976051330566
0.7402777671813965,3.0826687812805176
1.1519908905029297,1.8628120422363281
-1.8233537673950195,2.026498317718506
-1.1633753776550293,3.0626416206359863
-1.119089126586914,4.65245246887207
-3.278636932373047,3.0681610107421875
-2.7527689933776855,2.3433923721313477
-0.9533166885375977,0.24869440123438835
1.345360279083252,-0.4680037125945091
-0.33985380083322525,-1.588881015777588
-0.7218121737241745,-1.7878413200378418
-2.2100090980529785,-0.37833448499441147
-1.1559606343507767,-0.18378499895334244
-1.4440417289733887,-0.6219983100891113
-0.22211069241166115,-2.809011936187744
-2.6833653450012207,-0.567018985748291
-0.9360671043395996,-3.313577175140381
-1.5260577201843262,-3.9832472801208496
-7.906365394592285,-0.9345530718564987
-3.999936580657959,-1.6832947731018066
2.6463747024536133,-0.48619508743286133
-1.6891956329345703,-2.4799585342407227
1.1066914349794388,-4.86454963684082
5.777788162231445,-1.1721373349428177
3.536498546600342,-2.391219139099121
-3.163278102874756,-1.6631364822387695
0.35606618970632553,-1.9871234893798828
-0.873255729675293,1.0112643241882324
-1.6486763954162598,-1.99354887008667
-2.079641819000244,1.7478227615356445
1.828932762145996,-1.2165666371583939
2.5878310203552246,-0.2543330006301403
-2.3150205612182617,1.337110996246338
-1.0976672172546387,-2.5334835052490234
0.22873880341649055,0.9184002876281738
-2.062225341796875,1.4285087585449219
-0.2834915928542614,-0.29916759580373764
6.661832332611084,1.663970947265625
4.899477958679199,0.8808016777038574
4.8274993896484375,-4.571390151977539
4.223215579986572,-4.863274097442627
2.4330615997314453,-4.422259330749512
0.7703304290771484,-0.9921789169311523
0.29228929430246353,0.06486179772764444
0.9586691856384277,-0.9750604629516602
1.080620288848877,-4.0726542472839355
-4.245364665985107,-0.7999659329652786
-1.9598722457885742,0.4772663116455078
-4.632353782653809,2.785789966583252
-9.032285213470459,5.314934253692627
-7.848489284515381,3.9119482040405273
-3.6426782608032227,0.618898905813694
-5.230355262756348,2.0032882690429688
-4.272019863128662,1.1931418627500534
-1.9493818283081055,3.242778778076172
-1.3721942901611328,1.0430098325014114
-5.209207534790039,-2.199721336364746
0.8336424827575684,-5.038440227508545
6.6452860832214355,-5.760324001312256
3.691422939300537,-2.6320338249206543
5.289793014526367,-6.119060516357422
7.204103469848633,-5.810511112213135
2.293825149536133,-11.450731754302979
-0.004506100085563958,-11.741089820861816
6.5616607666015625,-9.376323223114014
6.561684608459473,-8.112108707427979
-0.8748292922973633,-11.513447761535645
-2.8148412704467773,-10.678613185882568
-1.7322182655334473,-13.588500022888184
-10.778450965881348,-7.256412506103516
-10.6040358543396,-2.8267979621887207
-1.6748785972595215,-0.47709938138723373
-4.747629165649414,-2.0441770553588867
-6.078243255615234,0.9488344192504883
1.0592222213745117,1.5537142753601074
2.317988872528076,7.364082336425781
1.1021733283996582,11.4302396774292
4.265904426574707,10.67659854888916
6.674623489379883,10.577094554901123
6.3027262687683105,9.400951862335205
8.179843425750732,10.137498378753662
4.641163349151611,12.02625036239624
4.399979114532471,11.457085609436035
5.275022983551025,10.243594646453857
2.65733003616333,8.917641639709473
2.0899534225463867,6.301665306091309
6.042873859405518,6.095755100250244
0.09399649687111378,4.736030101776123
-0.4354714974761009,2.226698398590088
1.045858934521675,-2.0596861839294434
-3.5399794578552246,-1.7465710639953613
-0.559389591217041,-4.560184478759766
0.6317377090454102,-2.643918991088867
-2.244257926940918,-4.493772983551025
-3.0350446701049805,-5.8907389640808105
-5.3011298179626465,-6.490302085876465
-6.769728660583496,-5.550277233123779
-3.043496608734131,-4.2626142501831055
-0.9852170944213867,-1.0980606079101562
-0.4684925079345703,-0.07177589926868677
-1.5254020690917969,0.960838794708252
-1.8904805183410645,2.5061845779418945
-3.597855567932129,5.170750617980957
-3.901338577270508,4.681432247161865
-1.0918498039245605,8.113205432891846
-1.213383674621582,7.889068126678467
2.1426796913146973,8.28101634979248
2.2718191146850586,7.2023749351501465
2.3199081420898438,9.362900257110596
3.218555450439453,8.231616020202637
6.836581230163574,11.041426658630371
5.465972423553467,8.819019794464111
8.951807022094727,1.3473749160766602
13.649559020996094,2.467191219329834
8.72265100479126,2.5358200073242188
4.782462120056152,-0.19567010924220085
5.431473255157471,0.7815718650817871
-2.692735195159912,-4.196023941040039
-1.4796853065490723,-11.567151546478271
-0.9568691253662109,-8.548116683959961
-0.940859317779541,-7.6514363288879395
-1.3833403587341309,-8.046817779541016
-4.477965831756592,-6.2085747718811035
-8.417057991027832,-8.239293098449707
-6.165528297424316,-9.061086177825928
-7.347679138183594,-2.239549160003662
-6.872797012329102,1.07804536819458
-1.9115090370178223,2.9318809509277344
-2.3372769355773926,0.1550913043320179
-3.601360321044922,-1.5209317207336426
0.6483315676450729,-3.9923906326293945
-0.22066829726099968,-0.4584312066435814
1.0765671730041504,2.21632719039917
4.737794399261475,0.2095342054963112
3.3167600631713867,-3.230559825897217
-1.5965580940246582,-5.059254169464111
5.6401848793029785,-7.727980613708496
1.7359137535095215,-1.1522532254457474
0.18775459378957748,0.09537939913570881
4.025888442993164,-4.105257987976074
3.6577463150024414,-1.9268512725830078
-3.365194797515869,-1.7111659049987793
-0.22813079878687859,-1.0743855684995651
3.677952289581299,3.700697422027588
-2.937805652618408,2.968132495880127
-0.2715468034148216,0.8011341094970703
2.0456671714782715,2.079474925994873
-2.788996696472168,0.01237389980815351
-4.9715399742126465,1.7125248908996582
-6.66888952255249,7.378661632537842
-3.4382104873657227,3.330087661743164
-4.2154669761657715,-1.5244722366333008
-0.5042314901947975,-4.576325416564941
2.586209774017334,-5.711352825164795
0.9267448633909225,-3.6427736282348633
-4.728496074676514,-3.3034682273864746
-6.0852766036987305,-8.378803730010986
-6.4994096755981445,-11.701011657714844
-5.387568473815918,-8.359074592590332
-8.650374412536621,-3.597390651702881
0.9302020072937012,-1.5271186828613281
2.0115017890930176,1.1638761311769485
-3.2791972160339355,-1.2628555297851562
2.5984764099121094,0.7084131240844727
6.662857532501221,5.472266674041748
4.145157337188721,6.77560567855835
0.5972743034362793,7.672250270843506
8.780503273010254,10.100865364074707
5.478620529174805,10.630977153778076
4.308319091796875,8.848202228546143
7.240486145019531,8.687829971313477
3.3109307289123535,8.373725414276123
0.3047228045761585,5.259191989898682
0.034785300958901644,2.227652072906494
-1.111304834485054,-1.9057393074035645
2.1834731101989746,-1.2086986750364304
0.8151053637266159,-4.07252311706543
-4.65618371963501,-2.194511890411377
-5.685520172119141,-8.224153518676758
-5.967545509338379,-7.08613395690918
-11.716532707214355,-6.738531589508057
-7.693874835968018,-5.440855026245117
1.9727468490600586,-3.6020994186401367
0.861656665802002,-4.992771148681641
-3.2603025436401367,-4.782319068908691
4.23431396484375,-1.6656756401062012
4.065942764282227,-0.8509994298219681
-2.1118640899658203,0.14570949599146843
-0.23989679291844368,-0.1369237992912531
3.832697868347168,3.0307412147521973
1.0557889938354492,0.8888959884643555
-2.184593677520752,1.8159866333007812
3.7701010704040527,3.728950023651123
1.487421989440918,1.0176538676023483
-1.9875049591064453,0.8125901222229004
-2.4121642112731934,-5.689287185668945
2.454233169555664,-4.91868257522583
-0.354313887655735,-2.41929292678833
-6.016218662261963,-2.0618200302124023
-1.347804069519043,2.185177803039551
-3.0600547790527344,-0.202560406178236
-6.895625591278076,-1.0192275047302246
-0.7652521133422852,3.1699776649475098
9.78705883026123,2.9984116554260254
4.595649242401123,7.107901573181152
2.7101516723632812,7.499110698699951
4.050421714782715,5.655252933502197
2.2101759910583496,7.468366622924805
2.34067440032959,6.656086444854736
5.500328540802002,7.402694225311279
8.838629722595215,4.762434959411621
2.8802871704101562,5.904066562652588
-2.613842487335205,1.3988614082336426
-3.427612781524658,1.2294769287109375
-2.172553539276123,3.354179859161377
-1.3756990432739258,1.1789680272340775
3.070521354675293,1.2349724769592285
4.285979270935059,-1.9911408424377441
2.118360996246338,-3.9121031761169434
0.01801250036805868,-3.1352758407592773
-1.7549991607666016,-0.15723710879683495
4.072630405426025,1.1872529983520508
2.5650978088378906,-1.5007257461547852
3.437209129333496,-2.9410362243652344
6.16689920425415,-1.4777541160583496
3.8144469261169434,0.37947889417409897
-2.5125622749328613,6.44223690032959
1.583564281463623,6.1981201171875
1.7464876174926758,3.24399471282959
-3.2562971115112305,3.047323226928711
-1.4750361442565918,4.013383388519287
0.13942720368504524,7.080709934234619
-7.200753688812256,8.975625038146973
-7.286250591278076,4.433596134185791
-5.458688735961914,4.501926898956299
-3.2743215560913086,3.4714341163635254
-1.013350486755371,1.5642523765563965
1.0999798774719238,4.312026500701904
1.9028782844543457,2.105236053466797
1.992034912109375,-3.0627012252807617
0.8037090301513672,-2.1648168563842773
-0.21497009322047234,-1.8291950225830078
3.8808584213256836,-0.3947139158844948
0.8724451065063477,1.2475371360778809
-0.15171770006418228,-0.020182100124657154
0.8401036262512207,-6.7372918128967285
-2.2283196449279785,-3.4984827041625977
-1.7261028289794922,-2.532029151916504
-0.6098508834838867,0.7713674753904343
-2.609527111053467,2.4620532989501953
-5.829715728759766,-2.3173093795776367
-5.087864398956299,-5.528736114501953
-5.343914031982422,-3.3945560455322266
-2.7141809463500977,-4.505884647369385
0.3972649946808815,-0.4942179098725319
-2.3858070373535156,-1.7747998237609863
-2.5835275650024414,-4.829609394073486
-1.6791701316833496,-3.6924123764038086
-1.7809033393859863,-3.2765984535217285
-1.1966227740049362,-1.7154812812805176
1.4770984649658203,0.8098483085632324
4.07404899597168,-1.0094881057739258
0.3832101821899414,-3.6163330078125
-0.24856330826878548,-4.116570949554443
2.0915627479553223,-0.2616286091506481
3.220343589782715,2.850818634033203
1.1986851692199707,2.711367607116699
5.966627597808838,-0.566399097442627
6.358957290649414,-2.169811725616455
1.2814760208129883,-0.9424089640378952
2.0341873168945312,1.188361570239067
2.7813076972961426,2.71151065826416
-0.6871938705444336,-0.8177399635314941
-1.2331247329711914,-4.333257675170898
4.124748706817627,-3.3272504806518555
1.0379552841186523,-2.6122212409973145
-0.6479501724243164,1.2108684331178665
-3.4397363662719727,3.3332467079162598
-6.747794151306152,-0.4436612129211426
-7.711374759674072,-1.867365837097168
-2.013981342315674,-5.622339248657227
-2.9409408569335938,-0.8307456970214844
-3.788590431213379,4.696476459503174
-5.185425281524658,3.503084182739258
-7.450830936431885,3.7804603576660156
-9.937906265258789,-2.9623866081237793
-1.51444673538208,-2.718353271484375
0.4866361990571022,2.222263813018799
2.4782657623291016,6.110143661499023
2.0755767822265625,0.3981113061308861
1.1578559875488281,-0.32570358365774155
-2.129852771759033,-5.510818958282471
4.964303970336914,-4.928767681121826
9.000253677368164,0.6428003311157227
6.024885177612305,-3.883993625640869
7.3639750480651855,-6.629443168640137
6.2965989112854,-7.718420028686523
-7.716703414916992,-11.201786994934082
-3.233158588409424,-6.343698501586914
-3.015291690826416,-4.650390148162842
-5.66709041595459,-9.304356575012207
-5.0567626953125,-9.06367301940918
-0.4834175109863281,-10.75681447982788
-8.230161666870117,-8.298814296722412
-8.577239513397217,-0.17726419493556023
-8.21382999420166,-0.007688999758102
-7.439053058624268,1.1834383010864258
-5.739104747772217,0.25904180482029915
-0.3756523132324219,3.5770177841186523
6.75276517868042,8.553886413574219
6.6045403480529785,14.51486349105835
5.222582817077637,10.73983907699585
8.872532844543457,8.200013637542725
7.836711406707764,6.174921989440918
5.112242698669434,7.9590559005737305
11.310839653015137,11.703777313232422
8.923733234405518,13.451647758483887
4.233157634735107,7.702755928039551
4.305541515350342,6.6559672355651855
4.808664321899414,5.5625200271606445
1.1261820793151855,3.398454189300537
0.06471870001405478,8.999240398406982
0.3069639019668102,2.189195156097412
-6.014299392700195,2.2615909576416016
-6.819021701812744,-2.387368679046631
-2.5413870811462402,-5.567348003387451
-2.845180034637451,-5.7852983474731445
-2.58939266204834,-3.428959846496582
-3.384387493133545,-5.522048473358154
-3.260922431945801,-7.350635528564453
-5.884730815887451,-7.602584362030029
-8.864665031433105,-7.851994037628174
-3.9154767990112305,-3.605163097381592
-1.6513347625732422,-0.8452773094177246
-4.349970817565918,-0.9688258171081543
-0.26819709688425064,0.8627653121948242
6.065082550048828,-0.06419419776648283
-1.0266304016113281,4.672276973724365
0.8221744745969772,6.6672682762146
7.088685035705566,10.391223430633545
-2.3410558700561523,10.015201568603516
-0.35859350115060806,6.792330741882324
11.634933948516846,7.790553569793701
9.472870826721191,9.134984016418457
8.089721202850342,8.473944664001465
10.58262586593628,10.318160057067871
4.679000377655029,3.2877564430236816
0.9587407112121582,0.588524304330349
1.8703937530517578,-2.9181838035583496
3.090202808380127,-2.4620771408081055
3.0562520027160645,-4.443705081939697
-0.004041199863422662,-3.2402634620666504
-3.946566581726074,-9.93720293045044
-5.4109930992126465,-9.921109676361084
-5.485928058624268,-9.084224700927734
-6.129610538482666,-10.153639316558838
-4.508459568023682,-6.5674662590026855
1.445448398590088,-5.312240123748779
-1.1157870292663574,-11.284327507019043
-4.37314510345459,-3.696298599243164
-5.158853530883789,-3.761017322540283
-4.519093036651611,0.996088981628418
-4.449009895324707,-0.025856499560177326
-4.079544544219971,-3.7236452102661133
7.4137091636657715,-5.983519554138184
5.555438995361328,-1.1801719665527344
1.3723373413085938,-4.2797088623046875
2.5482177734375,0.8503556251525879
-1.225292682647705,-1.6301155090332031
-3.9191365242004395,-8.205270767211914
1.7966985702514648,-2.2770285606384277
3.4372329711914062,-3.3935904502868652
0.3608107939362526,2.9399514198303223
1.1525630950927734,3.9215087890625
1.8336892127990723,1.176142692565918
-4.424464702606201,-0.1147628016769886
-4.904425144195557,1.9845366477966309
2.2243261337280273,4.924988746643066
1.4937877655029297,6.255662441253662
-2.635955810546875,7.347476482391357
4.029381275177002,1.3883113861083984
4.248309135437012,0.2483844943344593
-7.473576068878174,1.487123966217041
-6.688797473907471,-0.8138298988342285
-1.7439603805541992,1.7145514488220215
-6.129491329193115,-4.0343523025512695
-8.353984355926514,-5.692481994628906
3.183746337890625,-5.199146270751953
5.084562301635742,-5.219864845275879
-4.302942752838135,-5.457949638366699
-2.6417970657348633,-8.071959018707275
2.447032928466797,-7.077336311340332
-5.2605390548706055,-8.626401424407959
-4.444313049316406,-4.40366268157959
-2.3369431495666504,1.173245906829834
1.8527507781982422,3.4830808639526367
3.242206573486328,5.167222023010254
-0.6085633859038353,3.868579864501953
6.430423259735107,4.422187805175781
4.817056655883789,6.398606300354004
-3.6609649658203125,11.105477809906006
-4.707396030426025,7.586145401000977
3.198075294494629,11.1616849899292
1.108705997467041,8.514118194580078
3.088665008544922,3.6428213119506836
11.711490154266357,4.4194817543029785
3.904998302459717,3.7410974502563477
-3.6127686500549316,-2.8731226921081543
0.11798139661550522,0.45278068631887436
-4.853808879852295,-5.101668834686279
0.9853363037109375,-6.146705150604248
5.054569244384766,-5.870461463928223
-2.2623062133789062,-4.96138334274292
-2.194070816040039,-6.284844875335693
-2.4104833602905273,-5.058121681213379
-9.314239025115967,-7.017934322357178
-1.394331455230713,-5.3336381912231445
8.11547040939331,-2.5673270225524902
5.136299133300781,-3.043997287750244
1.122582033276558,-1.0708928108215332
-0.04439350217580795,3.875410556793213
-3.2001495361328125,-2.50169038772583
-7.328498363494873,2.858293056488037
-0.5443096160888672,4.354274272918701
7.421481609344482,4.37241792678833
2.881753444671631,4.123067855834961
-6.983458995819092,1.1186599731445312
-5.044317245483398,0.3317118063569069
-3.8976550102233887,0.18396379426121712
-12.274789810180664,3.8235068321228027
1.994931697845459,0.4337788000702858
8.86472463607788,-0.9735465049743652
-0.8331894874572754,-0.6983519345521927
1.6216516494750977,-5.2042365074157715
3.4210801124572754,0.5531072989106178
-4.2522430419921875,-0.003814699884969741
-0.45052770525217056,-0.09816880337893963
4.415535926818848,3.111743927001953
6.1551690101623535,2.2324085235595703
7.773613929748535,4.191923141479492
8.51525068283081,6.664276123046875
6.944131851196289,4.8492431640625
5.157673358917236,4.509413242340088
6.035435199737549,4.1002631187438965
2.7269482612609863,3.1742215156555176
2.2489547729492188,1.2623906135559082
0.14387370087206364,4.877257347106934
0.43257471174001694,-0.9248018264770508
-5.5702805519104,-2.8572440147399902
-3.9939045906066895,-1.529240608215332
-4.567360877990723,-1.1241793632507324
-4.2789459228515625,0.44056180864572525
-5.939149856567383,1.9894599914550781
1.9639253616333008,-4.222714900970459
-1.5825152397155762,-2.5601744651794434
0.500643290579319,-2.014601230621338
4.266715049743652,-0.18831489607691765
2.201080322265625,4.027974605560303
-2.335691452026367,5.031251907348633
4.078769683837891,2.9471278190612793
6.319618225097656,6.771671772003174
5.110108852386475,2.1819472312927246
5.900442600250244,7.211506366729736
7.604420185089111,5.340325832366943
-1.2527823448181152,6.9763898849487305
-6.940579414367676,2.6680946350097656
-1.4720439910888672,1.1406897753477097
-1.2188314646482468,1.800096035003662
-1.9255757331848145,0.4232883080840111
-1.0764002799987793,0.33107999712228775
-1.8565773963928223,-1.981210708618164
-5.241692066192627,-2.22318172454834
-8.765876293182373,-3.734862804412842
-4.250895977020264,-3.975343704223633
-0.8555532246828079,-2.5359153747558594
-0.6849288940429688,-3.115689754486084
-2.367269992828369,-0.411832295358181
2.6240110397338867,-1.494753360748291
0.4093528166413307,-1.6297340393066406
-2.7188777923583984,-1.0358452796936035
1.0464668273925781,-1.043236330151558
2.7351737022399902,1.6807794570922852
-1.4940261840820312,0.1163243968039751
2.2655844688415527,-2.9967427253723145
2.5104761123657227,1.7915129661560059
-3.2318115234375,-0.10471340268850327
-3.2904744148254395,0.216519795358181
-2.3879408836364746,-1.8108725547790527
-1.7764568328857422,-3.460085391998291
-1.2691974639892578,-4.655933380126953
0.7432938367128372,-2.951836585998535
2.488863468170166,-4.376113414764404
-0.8689045906066895,-3.4631729125976562
-4.914426803588867,-4.090118408203125
-4.869818687438965,-2.8168320655822754
-0.5421518906950951,1.5255212783813477
2.6395559310913086,-2.796483039855957
-1.2625932693481445,-1.3956069946289062
7.174408435821533,-1.9115209579467773
4.277920722961426,1.1141300201416016
-1.236414909362793,2.547621726989746
-6.591856479644775,4.9160003662109375
3.437519073486328,3.6219120025634766
0.3113985061645508,4.537677764892578
-0.7103323936462402,1.5518784523010254
7.7371954917907715,-0.1309037022292614
10.216975212097168,-0.9807109832763672
-2.8414368629455566,-0.6137609109282494
0.014305099612101912,-0.48754218965768814
-1.3216614723205566,-0.2637029066681862
0.06498099770396948,-5.156576633453369
0.25625230744481087,-6.7771196365356445
3.336358070373535,-2.0986080169677734
2.8415441513061523,-2.14383602142334
-3.5475850105285645,-0.963437631726265
-8.084332942962646,-0.6898642331361771
-3.478097915649414,0.9241104125976562
-2.3305654525756836,0.852501392364502
-2.5789856910705566,5.281209945678711
0.24868249893188477,2.413356304168701
1.641833782196045,-0.10418890044093132
-7.328128814697266,1.9644498825073242
-5.902683734893799,1.8297195434570312
1.3602256774902344,3.6000728607177734
0.563657283782959,2.931821346282959
1.6779780387878418,-0.010824199998751283
5.781352519989014,-1.178133487701416
4.475498199462891,-0.9328007698059082
-0.6518363952636719,-5.428504943847656
-3.744220733642578,-5.74796199798584
-0.5091071128845215,-2.8856873512268066
0.6873846054077148,-6.738865375518799
-0.9315609931945801,-7.828104496002197
-0.6448268890380859,-9.34206247329712
-0.7947444915771484,-10.85275411605835
-4.973268508911133,-10.005748271942139
-9.30088758468628,-4.993093013763428
-4.122114181518555,-8.675670623779297
-2.2249221801757812,-6.28507137298584
-4.5928120613098145,-7.031702995300293
-2.935349941253662,-3.7142515182495117
2.584362030029297,0.02601149957627058
-5.315792560577393,5.624675750732422
-2.8987765312194824,3.5504579544067383
7.991302013397217,6.12558126449585
10.509514808654785,3.8987040519714355
7.827293872833252,7.26391077041626
8.33277702331543,8.004724979400635
3.0925631523132324,7.665205001831055
1.3527870178222656,9.272980690002441
-0.6244302168488503,10.541105270385742
8.477330207824707,6.810438632965088
12.128293514251709,9.223437309265137
10.444355010986328,4.637110233306885
-7.06559419631958,4.463565349578857
-0.3268123045563698,2.9258370399475098
-4.131889343261719,3.286254405975342
-11.606550216674805,-3.7301182746887207
-6.637883186340332,-0.5494236946105957
9.76022481918335,-3.5396337509155273
-0.9563803672790527,-7.082569599151611
-7.71183967590332,-4.66231107711792
-5.17810583114624,-8.917427062988281
-0.8820772171020508,-8.170843124389648
-8.667290210723877,-7.770442962646484
-2.931225299835205,-8.681106567382812
8.444726467132568,-9.270989894866943
1.503288745880127,-4.4579267501831055
-3.0444741249084473,-5.214369297027588
0.9040235728025436,-0.18028020858764648
1.9141316413879395,1.9573688507080078
2.8865933418273926,4.235553741455078
3.9966702461242676,4.4451117515563965
4.983830451965332,11.510241031646729
4.976332187652588,8.10931921005249
-0.9196876734495163,6.976723670959473
-5.533361434936523,9.725868701934814
0.8130311965942383,9.529483318328857
9.838485717773438,9.586846828460693
1.902759075164795,7.211017608642578
4.801571369171143,6.111478805541992
11.359918117523193,2.5401830673217773
3.3078432083129883,1.0163664817810059
-3.1033873558044434,-2.661919593811035
3.474438190460205,-4.456436634063721
2.330160140991211,-3.3602476119995117
-1.5158295631408691,-6.451845169067383
-0.5066632851958275,-8.182108402252197
6.30648136138916,-8.409559726715088
-1.8069744110107422,-9.94420051574707
-3.0017614364624023,-8.783090114593506
-0.9055376052856445,-3.362882137298584
0.1952528953552246,-2.2477269172668457
-3.336477279663086,-0.4549980163574219
-0.3526448830962181,1.3061881065368652
1.7537832260131836,-1.8885135650634766
0.34356120973825455,3.5979151725769043
-4.668569564819336,3.600931167602539
-1.5306830406188965,0.8254408836364746
-7.363986968994141,3.366219997406006
-5.044448375701904,0.0979423988610506
-2.509486675262451,-0.618743896484375
-1.3436198234558105,2.3299336433410645
-2.408277988433838,-0.2999305911362171
1.7872333526611328,-1.976454257965088
-0.9540677070617676,-2.0989179611206055
-3.876054286956787,-4.521632194519043
-2.8553366661071777,-2.247774600982666
-0.41849609464406967,2.367234230041504
1.755225658416748,0.0999211985617876
5.2938103675842285,0.9199023246765137
8.194339275360107,-0.05210639908909798
7.129156589508057,-1.0481595993041992
5.283546447753906,3.154468536376953
-0.9188414365053177,6.632661819458008
-1.0983943939208984,7.667660713195801
2.546095848083496,4.774165153503418
-0.26994939893484116,1.8656730651855469
-2.011263370513916,-1.2619853019714355
3.3954977989196777,5.111634731292725
-6.198692321777344,-0.2631782926619053
-8.513426780700684,2.1669983863830566
-6.916379928588867,-3.874802589416504
-4.223144054412842,-7.9245924949646
0.0992416962981224,-6.4301252365112305
3.9977312088012695,-8.332479000091553
1.6880393028259277,-8.278679847717285
1.2317419052124023,-9.257471561431885
-3.398120403289795,-10.996615886688232
-8.528852462768555,-10.778141021728516
-3.8484930992126465,-4.053544998168945
-2.6813864707946777,4.260241985321045
-1.5926003456115723,2.3145198822021484
4.984128475189209,6.233859062194824
1.0797619819641113,-0.39998289197683334
-0.8937835693359375,1.8048405647277832
-4.2722344398498535,9.728026390075684
-0.34096240997314453,9.715771675109863
-2.549290657043457,10.44456958770752
-0.40006641298532486,8.021879196166992
1.704716682434082,3.1349778175354004
8.980274200439453,1.799452304840088
6.941092014312744,0.2705097012221813
0.9788870811462402,1.7498135566711426
0.41663650423288345,-0.6330966949462891
1.1837959289550781,-1.100599765777588
-6.501483917236328,-4.549777507781982
1.3164877891540527,-3.843080997467041
5.954134464263916,-6.873798370361328
1.2799501419067383,-4.800629615783691
-0.9721518307924271,-10.122096538543701
2.6301026344299316,-6.64067268371582
-3.880023956298828,-7.872819900512695
-3.3253908157348633,-5.565643310546875
0.679326131939888,-4.457366466522217
3.9760231971740723,-4.25567626953125
-2.0171046257019043,-5.150020122528076
1.257789134979248,-4.991769790649414
4.171395301818848,-1.8701910972595215
-2.8984785079956055,1.8060803413391113
-3.8021445274353027,2.297186851501465
-0.40427450090646744,6.194710731506348
-6.755220890045166,1.3615131378173828
-5.107271671295166,2.633178234100342
1.131892204284668,2.8548836708068848
1.1230825632810593,2.6671767234802246
-0.5388021096587181,7.050037384033203
3.708314895629883,1.7839908599853516
1.0321258753538132,-0.7431983947753906
-3.478872776031494,0.3781557083129883
-0.3900766000151634,1.4121174812316895
0.16076559200882912,5.809414386749268
-1.7146110534667969,2.659904956817627
0.8647680282592773,3.02884578704834
6.408953666687012,0.35729408264160156
5.376803874969482,2.2705912590026855
5.002176761627197,3.6516547203063965
9.075462818145752,3.311479091644287
5.1876068115234375,2.59246826171875
2.068662643432617,2.245938777923584
5.740392208099365,0.9045959264039993
4.831182956695557,1.3294696807861328
-1.0804296284914017,2.8074026107788086
0.8304119110107422,2.7850747108459473
-3.5218358039855957,1.6497135162353516
-7.77055025100708,1.242363527417183
-4.895317554473877,1.392662525177002
-3.7438035011291504,2.037167549133301
-5.124092102050781,5.493831634521484
-0.4944920912384987,2.2652268409729004
2.3599982261657715,1.858079433441162
-2.03016996383667,2.6381373405456543
1.506197452545166,2.384328842163086
6.482458114624023,5.702424049377441
0.6989955902099609,5.100643634796143
5.84871768951416,1.7191171646118164
8.839726448059082,5.3932905197143555
7.30050802230835,-0.06998780183494091
6.319880485534668,1.7161011695861816
6.514310836791992,1.7368197441101074
1.8128752708435059,1.7151713371276855
-0.573420487344265,1.186060905456543
1.019120216369629,-0.055491901002824306
0.11721850372850895,-4.607284069061279
-4.105699062347412,-2.2571921348571777
-4.016780853271484,-1.5285253524780273
-5.684506893157959,-1.8766403198242188
-8.178567886352539,-0.6740807741880417
-9.632205963134766,-2.6168465614318848
-3.6428332328796387,-1.9148826599121094
-5.455183982849121,3.643941879272461
-6.13478422164917,2.6063919067382812
-0.6980658322572708,4.426455497741699
-2.4747610092163086,2.8447866439819336
-4.781782627105713,1.8633723258972168
1.2863397598266602,3.4087777137756348
6.318259239196777,6.869101524353027
3.564286231994629,2.342712879180908
4.74170446395874,0.8312106132507324
9.213089942932129,0.21823640912771225
4.886865615844727,-0.4459857940673828
-0.6906270980834961,0.9882926940917969
1.9770503044128418,-2.585911750793457
0.7027149200439453,-3.6656618118286133
-1.048743724822998,-7.983458042144775
-1.9747018814086914,-6.6318511962890625
-1.1316657066345215,-5.060231685638428
-2.570939064025879,-3.279387950897217
-4.434847831726074,-4.9004435539245605
-5.868244171142578,-6.618964672088623
-1.148688793182373,-8.864986896514893
-1.6675710678100586,-4.499197006225586
-2.9546499252319336,-4.438352584838867
-3.584742546081543,-1.9961357116699219
1.0743975639343262,0.11829139664769173
-5.696666240692139,-1.0440587997436523
-2.826571464538574,0.37385229021310806
2.4321675300598145,2.992677688598633
3.6018967628479004,3.144228458404541
1.44270658493042,3.139805793762207
4.038691520690918,4.109287261962891
7.168471813201904,1.9910931587219238
5.084621906280518,4.588007926940918
7.259654998779297,3.573131561279297
8.446121215820312,1.0684490203857422
3.403151035308838,-1.916205883026123
-0.12232069857418537,-2.632737159729004
2.547609806060791,-2.606487274169922
0.43625831604003906,-2.9528141021728516
-1.15509033203125,-2.206742763519287
0.9698749333620071,-3.0673742294311523
0.8432149887084961,-2.2852182388305664
-4.7588348388671875,0.38472410291433334
-4.924273490905762,-3.065502643585205
-3.271937370300293,-2.918219566345215
-9.19123888015747,-1.295459270477295
-5.759918689727783,-1.830589771270752
-3.6687374114990234,1.8764734268188477
-4.460561275482178,3.2292723655700684
-3.7708044052124023,2.0960569381713867
-1.784193515777588,1.669144630432129
-1.6542434692382812,-1.3299107551574707
-0.974571704864502,-1.4827847480773926
1.6309380531311035,0.24126769974827766
2.55814790725708,0.29410120099782944
-1.2349486351013184,1.7426729202270508
-2.2424697875976562,-2.2049784660339355
-0.004720700089819729,-3.5202383995056152
0.517737902700901,-7.952415943145752
2.084517478942871,-7.805418968200684
4.29530143737793,-9.32985544204712
2.4053454399108887,-7.681989669799805
-5.794000625610352,-10.527503490447998
-7.865476608276367,-9.23994779586792
-4.239869117736816,-6.724035739898682
-3.428828716278076,-5.893349647521973
4.078960418701172,-5.710399150848389
4.137241840362549,-3.4755825996398926
-1.652991771697998,1.3117313385009766
-0.8785486221313477,1.5800714492797852
-3.1211256980895996,4.887974262237549
-2.004396915435791,5.939030647277832
7.60188102722168,10.822641849517822
12.012231349945068,12.31907606124878
7.962524890899658,8.70513916015625
3.133666515350342,9.792578220367432
0.9633780270814896,11.34876012802124
-4.514122009277344,10.083544254302979
0.16149280592799187,14.863193035125732
6.075537204742432,13.283121585845947
6.91152811050415,6.712031364440918
3.1172633171081543,3.9977192878723145
-0.4673480987548828,0.24112459272146225
-6.768667697906494,3.835630416870117
-5.86855411529541,2.2117018699645996
-4.989731311798096,-2.6577234268188477
-0.8992909640073776,-6.05698823928833
7.308149337768555,-6.566429138183594
4.104483127593994,-5.9708356857299805
-3.0746817588806152,-7.031047344207764
-3.6509037017822266,-5.926251411437988
-1.612865924835205,-7.523632049560547
-2.215695381164551,-10.211145877838135
2.4085640907287598,-3.2749176025390625
8.7846040725708,-4.220211505889893
5.869686603546143,0.14935730025172234
-2.5339841842651367,1.4173626899719238
-4.0146708488464355,-1.1176705360412598
-0.8173584938049316,2.2002458572387695
-2.116274833679199,4.59136962890625
-2.6757359504699707,6.400048732757568
5.395221710205078,8.461809158325195
-0.7915973663330078,7.903122901916504
-1.5411972999572754,7.212567329406738
-0.9664297103881836,6.01726770401001
1.0851501673460007,8.671283721923828
6.015682220458984,10.85594892501831
6.442928314208984,5.652987957000732
3.274226188659668,2.917301654815674
5.163514614105225,-0.5924820899963379
5.0699591636657715,-1.0206223279237747
1.9889116287231445,3.177499771118164
2.3084640502929688,0.79345703125
4.744303226470947,-2.6504993438720703
-0.4235982894897461,-5.966353416442871
-2.024686336517334,-8.37109088897705
1.7236590385437012,-9.055078029632568
2.8264284133911133,-8.799421787261963
-1.6538381576538086,-4.625129699707031
1.6228437423706055,-5.5709004402160645
-1.2542724609375,-2.3543953895568848
-4.881620407104492,-4.629397392272949
-5.419778823852539,-3.297722339630127
-3.24631929397583,-2.7576208114624023
-2.498137950897217,-4.288351535797119
-3.189826011657715,-2.6523828506469727
0.6862878799438477,-2.1280288696289062
-7.14339017868042,-0.6799221038818359
-8.28239917755127,0.34074779599905014
-6.673872470855713,-0.18033979460597038
-3.276693820953369,-1.790940761566162
-2.3516058921813965,-0.5821824073791504
3.80551815032959,-2.6595115661621094
7.1770548820495605,0.9056448936462402
0.15563960187137127,3.8807272911071777
-0.8479118347167969,-0.2190232090651989
-0.49349069595336914,1.3597846031188965
-0.39129260927438736,3.2039523124694824
4.861724376678467,1.907670497894287
11.02994680404663,1.4728665351867676
4.721617698669434,0.6045103073120117
2.1167516708374023,-0.46657320111989975
1.1656641960144043,3.914511203765869
-1.7762064933776855,1.5058159828186035
-4.293632507324219,-2.44828462600708
-1.2671947479248047,-2.5486230850219727
-3.712940216064453,-2.5253772735595703
-3.860008716583252,-8.093452453613281
-3.5439372062683105,-3.695237636566162
-9.964346885681152,-7.968294620513916
-4.755866527557373,-6.702399253845215
-2.707374095916748,-3.3269882202148438
-7.787740230560303,-4.004645347595215
-3.5059332847595215,-7.179784774780273
-1.4871001243591309,-5.280160903930664
-8.583605289459229,0.08810760453343391
-7.195806503295898,4.365825653076172
5.075812339782715,9.245550632476807
1.1156082153320312,6.201565265655518
4.649960994720459,3.2572031021118164
8.616411685943604,6.776106357574463
6.4432501792907715,9.71144437789917
0.34869909286499023,7.895874977111816
-0.1546263974159956,8.040642738342285
1.9643306732177734,6.986403465270996
8.752620220184326,4.868721961975098
10.107839107513428,0.27440790086984634
3.7814736366271973,1.009666919708252
1.5692710876464844,-1.7006993293762207
0.14485119841992855,-2.903878688812256
-9.354424476623535,-5.312979221343994
-3.122556209564209,-6.930351257324219
4.674839973449707,-4.048502445220947
-0.7406353950500488,-1.8505215644836426
-5.988788604736328,-3.86044979095459
0.042021297849714756,-3.1529784202575684
-7.011139392852783,-5.734777450561523
-10.653436183929443,-2.6539087295532227
-0.28334859758615494,1.8840551376342773
8.957123756408691,4.527294635772705
2.8766870498657227,2.5568246841430664
2.393782138824463,0.71167953312397
4.786837100982666,0.6726027280092239
-2.430999279022217,7.055163383483887
-4.868006706237793,10.167765617370605
2.1156787872314453,6.97178840637207
-0.4614711180329323,1.5915632247924805
-0.37360191345214844,2.691972255706787
2.344489097595215,0.13399120420217514
-2.784609794616699,-1.0273098945617676
-8.346390724182129,-0.7415174692869186
-5.194365978240967,-4.751408100128174
0.09658340364694595,-5.729317665100098
-1.0783672332763672,-6.149029731750488
2.96860933303833,-8.88584852218628
5.717289447784424,-5.210387706756592
0.08078809827566147,-3.932034969329834
-5.1812052726745605,-3.5332083702087402
-4.35565710067749,0.5538344010710716
6.417274475097656,0.7620810717344284
6.789147853851318,4.354619979858398
5.668115615844727,4.430556297302246
6.783509254455566,5.371308326721191
10.51638126373291,7.768440246582031
-2.452564239501953,8.522021770477295
-7.54084587097168,9.521830081939697
5.652022361755371,10.323739051818848
6.253945827484131,8.590924739837646
-7.233583927154541,3.1375765800476074
-0.358581505715847,5.034005641937256
5.505406856536865,3.6298155784606934
-7.505893707275391,-1.0111451148986816
-8.477866649627686,-1.4929771423339844
1.7228960990905762,-2.9805898666381836
6.390869617462158,-4.605996608734131
1.763308048248291,-2.3683547973632812
4.132580757141113,-8.6195707321167
11.76297664642334,-5.093181133270264
4.989814758300781,-5.85474967956543
-0.49059391021728516,-4.890012741088867
6.6031575202941895,-0.2861380949616432
7.950866222381592,1.497328281402588
-1.429128646850586,4.913032054901123
3.122580051422119,5.616128444671631
4.914987087249756,2.2915124893188477
-5.310821533203125,4.09090518951416
-9.006404876708984,8.345842361450195
-1.9866108894348145,5.87923526763916
-5.484020709991455,7.907164096832275
-11.357879638671875,3.824913501739502
-1.727139949798584,1.5812039375305176
0.2840876951813698,5.617630481719971
-5.662226676940918,1.4893174171447754
-2.923107147216797,1.9256234169006348
2.411806583404541,0.9424805641174316
-4.90347146987915,-1.4464735984802246
-3.178119659423828,-0.9598135948181152
7.495450973510742,0.7900238037109375
5.119729042053223,-1.2282848358154297
-2.6895642280578613,0.28433799743652344
2.258753776550293,1.661527156829834
0.9919285774230957,-1.2720942497253418
-2.9517173767089844,2.5674819946289062
1.0474562644958496,2.5333166122436523
6.423795223236084,-0.4129170998930931
3.066396713256836,2.2278666496276855
-2.4366140365600586,-1.0062217712402344
-3.1710028648376465,-0.9864568710327148
-6.238186359405518,3.0272722244262695
-8.529806137084961,0.41365619748830795
1.1306524276733398,-3.0887365341186523
0.859677791595459,-3.8993477821350098
-0.9287238121032715,-1.9499421119689941
0.6445168703794479,-1.7145872116088867
-6.744039058685303,0.028407599311321974
-8.578097820281982,-6.188905239105225
-10.84132194519043,-0.31576160341501236
4.275298118591309,-4.394590854644775
1.4847397804260254,0.24132730439305305
4.755890369415283,-4.768800735473633
0.992584228515625,-1.5974998474121094
7.747507095336914,0.3175139054656029
-5.803549289703369,3.9055943489074707
-0.040495400317013264,-0.5975604057312012
4.774129390716553,1.7187952995300293
8.4089994430542,-0.697314664721489
1.8291950225830078,0.030124199111014605
11.399757862091064,3.9945006370544434
6.355619430541992,1.8124580383300781
-0.13016460463404655,-2.4036765098571777
2.591979503631592,-1.4065027236938477
7.37994909286499,-7.184779644012451
-0.6868600845336914,-1.02919340133667
-3.574347496032715,-1.3401031494140625
-7.007920742034912,-2.409946918487549
-3.5474538803100586,1.8357515335083008
-11.530697345733643,-1.2494683265686035
-6.869471073150635,-4.902493953704834
-6.493270397186279,1.9832849502563477
-8.571398258209229,-0.40225978940725327
-8.091235160827637,2.101624011993408
-3.484070301055908,-0.31924251466989517
-9.153664112091064,-2.322971820831299
-2.1373391151428223,-2.7427315711975098
4.883825778961182,1.8605947494506836
2.5399327278137207,-2.2429823875427246
1.8908023834228516,-5.075263977050781
7.177257537841797,-7.335186004638672
4.468905925750732,-9.80372428894043
1.5691280364990234,-6.680178642272949
11.486172676086426,-3.3467769622802734
6.895244121551514,-7.917523384094238
1.5519976615905762,-6.433093547821045
1.6473889350891113,-9.657204151153564
-1.208484172821045,-8.082687854766846
-7.545924186706543,-7.04721212387085
-4.878664016723633,-6.114530563354492
-7.862842082977295,-3.754758834838867
-4.820609092712402,-1.8544435501098633
-8.720457553863525,-2.3895859718322754
-10.155737400054932,0.7086634635925293
-10.847318172454834,-0.8705974370241165
-5.223226547241211,3.5477161407470703
-2.366006374359131,4.7878265380859375
-1.1968731880187988,5.244851112365723
4.0442705154418945,7.504796981811523
9.262430667877197,10.090243816375732
2.832365036010742,10.577940940856934
7.615232467651367,10.331535339355469
10.506057739257812,6.888759136199951
10.049688816070557,8.36244821548462
9.3575119972229,7.898533344268799
10.766220092773438,11.733925342559814
8.816587924957275,7.930934429168701
5.6044816970825195,4.965448379516602
3.067755699157715,3.3599138259887695
4.2472243309021,2.4261116981506348
-0.8771538734436035,2.701103687286377
-1.6431927680969238,0.12733940035104752
-4.304075241088867,-1.8543720245361328
-7.251489162445068,-3.4633278846740723
-7.083761692047119,-2.1358251571655273
-4.392373561859131,-3.9886951446533203
-1.4500975608825684,-5.14298677444458
-1.8672823905944824,-6.518149375915527
-5.839323997497559,-4.731941223144531
-2.357614040374756,-4.0067315101623535
-9.61679220199585,-0.5451678857207298
-7.590210437774658,-0.8384346961975098
-1.5031099319458008,-0.20736459642648697
2.725851535797119,2.3852109909057617
1.934802532196045,2.9363036155700684
3.8126468658447266,2.0425796508789062
1.809096336364746,4.304397106170654
-0.28105970472097397,4.939138889312744
-2.1384119987487793,3.486800193786621
1.1034250259399414,5.992472171783447
4.104936122894287,3.795003890991211
9.423184394836426,3.134465217590332
5.439519882202148,2.2489309310913086
7.404148578643799,3.6684274673461914
8.27111005783081,4.690670967102051
1.8511295318603516,0.5005120858550072
0.8975505828857422,2.11334228515625
8.503401279449463,-1.9361376762390137
4.611968994140625,-0.652325227856636
1.1436939239501953,-4.6851396560668945
0.14866589568555355,-3.885030746459961
-4.083144664764404,-1.8277525901794434
-8.100283145904541,-7.7170610427856445
-3.6450743675231934,-6.028103828430176
-3.4431934356689453,-6.33244514465332
-3.56522798538208,-3.684568405151367
-3.0456900596618652,-0.11752840131521225
-1.0984302312135696,-3.912508487701416
-6.881570816040039,-4.4391632080078125
-2.49478816986084,-3.6695122718811035
-2.399897575378418,-1.1982440948486328
0.12309550307691097,-1.4217495918273926
-2.3357629776000977,-0.6492853164672852
0.812077522277832,-6.7931413650512695
0.9742497652769089,-7.6009392738342285
4.234468936920166,-4.7734856605529785
1.8210053443908691,-5.69307804107666
4.615974426269531,-1.8614649772644043
-1.031959131360054,-0.23034809157252312
-5.630791187286377,-2.826857566833496
-2.5667786598205566,-2.088487148284912
-1.48240327835083,2.001011371612549
-0.6579160690307617,4.022812843322754
0.05971190053969622,6.991219520568848
2.78775691986084,8.564281463623047
0.2592921070754528,2.417123317718506
-3.739809989929199,3.503239154815674
-3.829479217529297,7.3677778244018555
1.4603257179260254,8.811783790588379
3.795897960662842,7.440745830535889
-1.0802031308412552,3.9402246475219727
0.22879840806126595,-2.7628183364868164
-1.5528082847595215,5.349850654602051
-9.581971168518066,-0.8010745048522949
-7.077455520629883,-1.0738611221313477
-1.600956916809082,-3.9995312690734863
-0.8886933326721191,-9.42230224609375
0.9499310702085495,-7.716858386993408
3.255140781402588,-5.729281902313232
-2.0201802253723145,-6.97939395904541
-2.5226831436157227,-7.816290855407715
-2.3429274559020996,-8.35188627243042
1.3147354125976562,-9.460604190826416
2.2948384284973145,-9.180009365081787
0.6433725357055664,2.5230765342712402
-1.9905328750610352,2.4561047554016113
4.770231246948242,6.111705303192139
0.08559229783713818,3.8210153579711914
2.922391891479492,3.668951988220215
5.313217639923096,8.54499340057373
2.5940656661987305,13.727974891662598
-4.9446821212768555,7.844853401184082
-3.645145893096924,9.48188304901123
-4.601681232452393,4.7392964363098145
0.544738806784153,6.709957122802734
7.291769981384277,6.166470050811768
6.69097900390625,8.572578430175781
-0.6754159927368164,-5.0519585609436035
0.1929640956223011,-1.314687728881836
-4.474425315856934,-3.4250259399414062
-2.366626262664795,-4.405391216278076
-0.8542656898498535,-2.5347113609313965
-0.964820384979248,-3.1752586364746094
3.0087828636169434,-10.065245628356934
4.233896732330322,-7.599115371704102
-2.3705244064331055,-9.537327289581299
0.21320579573512077,-5.209159851074219
5.067241191864014,0.18793340772390366
1.530444622039795,-0.1488327980041504
-0.3251552954316139,-4.178416728973389
2.5325894355773926,-1.085948869585991
0.500786304473877,-1.9942045211791992
-0.1281976979225874,2.311587333679199
-2.593529224395752,8.474516868591309
-4.084169864654541,1.7580986022949219
-3.054630756378174,3.310573101043701
-6.28046989440918,-0.7381082326173782
-7.2873711585998535,1.25960111618042
-0.8307576179504395,1.7836570739746094
-4.873692989349365,0.7727265357971191
-9.209597110748291,-0.1887202076613903
-0.3032206930220127,-3.7174224853515625
1.127004623413086,-3.393220901489258
-3.1572341918945312,-4.418838024139404
1.9638419151306152,-0.8936048299074173
2.7832865715026855,0.3690481185913086
-1.5449166297912598,-2.9846668243408203
3.499460220336914,-1.5710115432739258
10.244762897491455,-0.5380868911743164
10.322558879852295,2.9897093772888184
11.267805099487305,7.776546478271484
9.656572341918945,6.286013126373291
3.914368152618408,5.437076091766357
2.5404810905456543,4.763579368591309
5.502891540527344,2.772367000579834
2.1021485328674316,5.6566596031188965
0.25724170729517937,4.318141937255859
2.1884918212890625,4.402291774749756
-5.986833572387695,-0.403439998626709
-10.036945343017578,-0.32572750002145767
-7.218301296234131,0.9174942970275879
-1.998758316040039,-1.9043445587158203
-3.4560680389404297,-3.10060977935791
-0.6428241729736328,-4.011833667755127
1.785600185394287,-5.808806419372559
-0.6001710891723633,-1.376783847808838
-0.027883099392056465,0.5179286003112793
0.37753578275442123,2.556455135345459
1.9256949424743652,1.7548203468322754
8.756375312805176,-2.323770523071289
7.195448875427246,-1.5814542770385742
5.758094787597656,3.5553336143493652
6.087696552276611,7.032585144042969
2.395021915435791,6.263530254364014
-1.9706487655639648,5.906426906585693
1.5528321266174316,2.4879097938537598
4.394567012786865,2.0546555519104004
-1.7206072807312012,4.597437381744385
-3.6260604858398438,3.5338640213012695
-2.415609359741211,1.146256923675537
-8.152484893798828,0.2986549958586693
-8.675479888916016,-3.2992124557495117
-2.6928305625915527,-1.0254979133605957
-0.38378238677978516,0.016677400562912226
-4.655182361602783,-0.9968041628599167
-4.398524761199951,-1.0207772254943848
-2.154862880706787,-2.0957231521606445
-5.09183406829834,-0.8751749992370605
-1.224827766418457,1.838850975036621
1.967322826385498,2.6331067085266113
0.8663654327392578,0.964963436126709
-0.4874705895781517,-2.533113956451416
3.0419349670410156,-1.9321322441101074
-0.4762411117553711,-1.225602626800537
4.324495792388916,0.5224109068512917
6.086516380310059,2.0853281021118164
-0.12539629824459553,-3.3290743827819824
0.11013749986886978,-5.009496212005615
4.518473148345947,-3.832423686981201
-2.852308750152588,-4.160153865814209
1.3820171356201172,-1.1289119720458984
2.455472946166992,-1.7181992530822754
-1.3347148895263672,-5.4109930992126465
-4.7425150871276855,-2.222883701324463
-0.5725860968232155,-1.315152645111084
-4.272866249084473,-0.7438302040100098
-4.889571666717529,-0.46476129442453384
-2.0067334175109863,-1.5094995498657227
-2.039003372192383,0.9033442288637161
-0.9048581123352051,4.254889488220215
-1.357102394104004,8.408963680267334
-1.2501835823059082,3.5152673721313477
-0.9295105934143066,5.117034912109375
-0.6612181663513184,1.557004451751709
1.7331600189208984,0.7895112037658691
6.3051581382751465,4.007363319396973
5.113840103149414,2.9210329055786133
4.399430751800537,0.3932952880859375
3.376281261444092,1.493990421295166
1.5299558639526367,-4.178988933563232
1.619124412536621,-4.695940017700195
3.5148024559020996,-4.436028003692627
-0.37854909896850586,-3.9528369903564453
0.4023433104157448,-3.553652763366699
-1.3280868530273438,-3.55759859085083
-5.744993686676025,-2.040243148803711
-1.6736745834350586,-0.9483695030212402
-0.7158517837524414,1.2434601783752441
-3.905034065246582,0.7261753082275391
-3.0051589012145996,-1.184225082397461
-4.938971996307373,2.5723814964294434
-7.086074352264404,0.24781230837106705
-6.840479373931885,4.945552349090576
-4.5194268226623535,4.0137529373168945
1.478254795074463,-1.5420079231262207
3.3847570419311523,-2.552509307861328
5.708599090576172,-2.7535200119018555
3.0562639236450195,-3.5912632942199707
1.9739151000976562,-0.3629922866821289
-4.277396202087402,-3.042924404144287
-4.698300361633301,-5.200982093811035
2.87092924118042,-6.90845251083374
1.7002463340759277,-9.822845458984375
0.5242824926972389,-8.767735958099365
1.2276530265808105,-10.116469860076904
-5.815279483795166,-9.500765800476074
-11.435258388519287,-11.232435703277588
-5.732476711273193,-7.632160186767578
-2.1574974060058594,-8.096790313720703
-2.263915538787842,-3.239452838897705
1.7462730407714844,-2.1922826766967773
2.72291898727417,-1.656484603881836
0.20620819181203842,0.4696964845061302
-1.5529990196228027,7.061195373535156
2.660799026489258,4.942488670349121
7.468152046203613,10.2211594581604
4.15569543838501,8.699595928192139
7.460594177246094,6.739211082458496
7.737517356872559,6.984138488769531
2.77327299118042,8.349359035491943
1.4924407005310059,6.963348388671875
3.9927244186401367,8.485245704650879
2.919793128967285,5.962884426116943
1.3668298721313477,2.4818778038024902
3.136909008026123,0.6496310234069824
0.8785129338502884,-0.07519720122218132
-3.700709342956543,-1.8738150596618652
-1.7793655395507812,-1.3429880142211914
-3.3568859100341797,-2.8495073318481445
-3.0445337295532227,-5.548226833343506
2.436387538909912,-6.007027626037598
-1.0871171951293945,-5.771839618682861
-0.12048480100929737,-3.1065821647644043
0.6300569325685501,-3.4764885902404785
-1.6628503799438477,-4.958093166351318
-4.186546802520752,-0.4096388816833496
-0.6619930267333984,-1.7723798751831055
2.571892738342285,4.623043537139893
-2.615630626678467,1.8903493881225586
-1.5438199043273926,1.1658191680908203
1.3770580291748047,5.15897274017334
-0.6064056977629662,4.588425159454346
-2.8302431106567383,8.360004425048828
-2.3346900939941406,12.932813167572021
0.13619660399854183,4.476034641265869
-2.002263069152832,3.5369396209716797
1.1474967002868652,3.2392263412475586
6.6246747970581055,3.658437728881836
4.677212238311768,4.355025291442871
5.76474666595459,3.520190715789795
3.395521640777588,0.026178399566560984
7.188940048217773,-1.2239933013916016
7.180476188659668,0.9015083312988281
4.37697172164917,-0.2579212002456188
2.97316312789917,2.039647102355957
2.316749095916748,-2.083754539489746
-0.7698774337768555,-5.023705959320068
-1.3379335403442383,-4.537820816040039
4.14891242980957,-3.198683261871338
6.509876251220703,-0.703740119934082
-1.8782615661621094,-4.076087474822998
-3.9973974227905273,-6.626617908477783
0.6848335266113281,-4.864490032196045
-4.480087757110596,-2.169013023376465
-4.26105260848999,-0.03716950071975589
2.7634501457214355,6.665027141571045
0.32050609588623047,-1.4469623565673828
-2.483665943145752,-1.0820388793945312
-4.354226589202881,-2.2347211837768555
-5.416834354400635,-1.6524553298950195
-4.02829647064209,4.836523532867432
-4.811310768127441,0.39424899965524673
-3.944075107574463,-4.417920112609863
-0.6319999694824219,-2.725207805633545
1.0906457901000977,-4.073631763458252
-1.9690752029418945,-3.565216064453125
-2.4721145629882812,0.6548882275819778
0.4812002182006836,-1.2018918991088867
1.8158674240112305,-7.65761137008667
-3.769540786743164,-5.5353522300720215
2.2431492805480957,0.2839804068207741
7.478499412536621,1.8354058265686035
1.540815830230713,5.279695987701416
0.7305861264467239,-0.7471919059753418
9.07585620880127,-3.119361400604248
8.009004592895508,1.7637968063354492
1.967155933380127,3.206503391265869
5.403423309326172,7.091331481933594
2.6455283164978027,4.720759391784668
-7.240033149719238,0.6818056106567383
-1.400744915008545,0.7324696332216263
0.13358590193092823,0.6979703903198242
-2.5522470474243164,1.8762588500976562
-1.7512798309326172,-1.6442418098449707
-8.008193969726562,-9.404897689819336
-11.963748931884766,-10.568737983703613
-10.034167766571045,-19.017720222473145
-12.714779376983643,-7.159817218780518
-18.17260980606079,-4.506194591522217
0.47986511141061783,-4.185664653778076
1.1667727679014206,-5.124640464782715
-4.352414608001709,-7.438361644744873
5.842435359954834,-2.5121569633483887
11.114203929901123,6.774640083312988
-3.3417463302612305,8.582377433776855
-3.076910972595215,8.896398544311523
8.239972591400146,10.93437671661377
8.379650115966797,8.192682266235352
11.519157886505127,9.779226779937744
17.640185356140137,13.46820592880249
12.260329723358154,7.996571063995361
2.5621771812438965,6.870126724243164
-6.647920608520508,5.710208415985107
-2.8646469116210938,-0.653076171875
1.25274658203125,1.799154281616211
-3.256392478942871,-0.23560520261526108
-0.7371783256530762,-8.274579048156738
0.21346809342503548,-6.2192559242248535
-9.17367935180664,-12.69596815109253
-15.628349781036377,-13.82293701171875
-12.036120891571045,-6.2772393226623535
-8.618342876434326,-7.955408096313477
-0.9844542294740677,-11.204004287719727
1.2505888938903809,-7.2960734367370605
8.171391487121582,-9.229075908660889
9.093499183654785,-3.635704517364502
-0.7370114326477051,2.5101184844970703
-3.123319149017334,1.7257452011108398
2.6487112045288086,5.922544002532959
2.210986614227295,9.908568859100342
3.7805676460266113,4.504990577697754
10.998857021331787,9.721612930297852
4.337656497955322,12.519371509552002
-2.6620030403137207,6.732845306396484
-2.53446102142334,6.880521774291992
-3.939938545227051,1.9236326217651367
-3.7881016731262207,0.7162213325500488
0.07457729894667864,1.0722160339355469
1.7867803573608398,-1.8976211547851562
2.109670639038086,-5.9734344482421875
0.04042389802634716,-8.883810043334961
-1.1740922927856445,-8.605349063873291
-0.7851362228393555,-4.957735538482666
3.224825859069824,-1.560807228088379
1.672816276550293,-2.267324924468994
8.080446720123291,-3.943753242492676
5.521690845489502,-2.9708385467529297
5.5718302726745605,-1.0693789273500443
5.546128749847412,3.931558132171631
-0.9246944636106491,10.017812252044678
-1.6074180603027344,7.105755805969238
0.6976128369569778,7.134127616882324
-1.1012793332338333,5.9848785400390625
-2.454221248626709,7.365429401397705
-2.218186855316162,10.407042503356934
-1.882338523864746,10.776448249816895
-3.8733720779418945,5.099380016326904
0.421297587454319,1.112675666809082
1.077711582183838,-2.342855930328369
6.700098514556885,0.3842591866850853
7.778751850128174,-0.8466125279664993
1.6337871551513672,-1.5059351921081543
0.7003664970397949,-4.589593410491943
6.597459316253662,-5.044448375701904
0.4629373922944069,-1.8129229545593262
1.9887804985046387,-0.3071903996169567
9.49862003326416,1.219332218170166
4.9068450927734375,1.564645767211914
-3.5405516624450684,-2.1808862686157227
1.1325716972351074,0.4408835992217064
1.0679364204406738,1.8821120262145996
-10.5576753616333,2.7224063873291016
-7.551586627960205,3.7966370582580566
-0.12162920087575912,3.784167766571045
-3.0924201011657715,2.4042248725891113
-4.396545886993408,1.8983960151672363
0.7691264152526855,4.21832799911499
0.28084520250558853,2.885448932647705
-3.1399011611938477,1.2673020362854004
-5.833017826080322,1.1353850364685059
-0.20328760147094727,1.481187343597412
0.8592128753662109,0.4928230866789818
-2.593827247619629,1.9878268241882324
-1.5848398208618164,-0.12116430327296257
0.9507060050964355,0.5567669868469238
-2.937138080596924,1.0538340359926224
-0.7682085037231445,-0.77972412109375
0.9124398231506348,1.5474915504455566
0.9148120880126953,0.6722807884216309
0.09348389692604542,-0.3326774016022682
-0.8420348167419434,-3.6524534225463867
-2.5653839111328125,-1.5627026557922363
0.35592321306467056,-1.5293478965759277
2.2254347801208496,-2.8017520904541016
-0.7390022277832031,-4.3723464012146
2.0821332931518555,-5.1221489906311035
6.055712699890137,-6.9580912590026855
-3.144383430480957,-3.8777828216552734
-1.9338607788085938,-1.8503189086914062
0.7856369018554688,-3.165102005004883
-5.230534076690674,-1.6091465950012207
-6.793081760406494,-3.4528136253356934
-1.0515093803405762,-2.902400493621826
0.8962512016296387,-1.250922679901123
-3.9299368858337402,0.3378630056977272
3.851652145385742,-0.5193709954619408
0.21957160905003548,2.149629592895508
-5.013179779052734,2.3779988288879395
-1.407456398010254,0.8122920989990234
7.393300533294678,0.5484342947602272
4.666328430175781,-0.4784702882170677
5.215942859649658,-0.2573966979980469
12.679541110992432,-2.987945079803467
5.562901496887207,-0.20025970414280891
-2.943539619445801,-4.187750816345215
0.907742977142334,1.178288534283638
3.1340599060058594,-2.2814393043518066
2.394580841064453,-3.668200969696045
0.4233003035187721,-2.218639850616455
2.487015724182129,-1.491546630859375
-1.9816040992736816,0.42017698287963867
-11.490011215209961,6.576228141784668
-14.285004138946533,3.8063645362854004
-8.574354648590088,2.6569604873657227
-5.844581127166748,1.0786175727844238
-7.1845293045043945,-3.403759002685547
-1.2344002723693848,2.257966995239258
-0.7342935353517532,3.208041191101074
-6.8277716636657715,1.2661337852478027
-5.014276504516602,-1.5913724899291992
1.253366470336914,-2.3230791091918945
8.704173564910889,-5.029964447021484
9.369349479675293,-3.1499743461608887
7.122600078582764,-4.915034770965576
5.012989044189453,-6.1899542808532715
3.2961368560791016,-6.73065185546875
-3.6271214485168457,-7.513940334320068
3.1955361366271973,-7.587718963623047
6.124746799468994,-4.330277442932129
2.0186662673950195,-9.679603576660156
-5.965626239776611,-11.075007915496826
-1.3350844383239746,-8.59992504119873
-7.254576683044434,-9.095799922943115
-12.054193019866943,-0.10616780258715153
-4.616284370422363,-1.4324188232421875
-4.548442363739014,-1.4861822128295898
-5.548906326293945,2.6084184646606445
-2.922844886779785,0.3728150948882103
3.439772129058838,6.724357604980469
4.40366268157959,9.64040756225586
5.161929130554199,11.829066276550293
9.447455406188965,10.192084312438965
8.981740474700928,9.716355800628662
3.5110831260681152,12.333083152770996
4.234659671783447,11.310255527496338
4.55014705657959,11.668109893798828
4.5111775398254395,13.658952713012695
5.959081649780273,7.4253082275390625
7.620656490325928,6.702053546905518
5.8362603187561035,2.6123046875
-1.3299942016601562,5.719709396362305
0.06811620201915503,2.468395233154297
-2.5563716888427734,1.0228992253541946
-5.9406280517578125,-5.367422103881836
-2.4199485778808594,-6.537270545959473
-2.045595645904541,-4.67761754989624
-3.2648324966430664,-9.100806713104248
-5.575072765350342,-7.176709175109863
-2.789294719696045,-7.850372791290283
-0.6493092328310013,-11.071443557739258
-3.355681896209717,-6.76569938659668
-1.0334014892578125,-4.372859001159668
1.1164426803588867,-3.128492832183838
-2.230560779571533,2.2954225540161133
-0.7748246192932129,3.0939340591430664
1.9966959953308105,2.015960216522217
2.702450752258301,8.144640922546387
0.23878810927271843,6.914925575256348
-1.3195514678955078,8.343672752380371
-0.5049585923552513,12.888658046722412
1.5737414360046387,9.744226932525635
6.045711040496826,8.770620822906494
6.049978733062744,10.092711448669434
9.944140911102295,8.268702030181885
13.25451135635376,5.518233776092529
1.643359661102295,4.204368591308594
0.8926987648010254,2.951967716217041
6.925857067108154,1.3910531997680664
1.9957780838012695,-1.9875645637512207
1.5141606330871582,-9.053146839141846
4.683101177215576,-9.176194667816162
4.310202598571777,-11.346542835235596
-4.455840587615967,-8.134377002716064
-6.808185577392578,-7.555234432220459
-6.457221508026123,-8.741629123687744
-6.039392948150635,-8.459508419036865
-7.3912739753723145,-8.022010326385498
-3.097522258758545,-6.596839427947998
1.4934659004211426,-2.7958273887634277
-0.8026958256959915,1.1474370956420898
-7.580065727233887,1.071762964129448
-3.134310245513916,2.0221710205078125
-3.648519515991211,0.7520198822021484
-4.836678504943848,2.8034567832946777
0.5828500166535378,2.0827174186706543
6.659853458404541,3.110969066619873
-1.4707326889038086,-0.47441720962524414
-4.325258731842041,0.39538148790597916
-0.38301941007375717,-2.6183605194091797
0.6408333778381348,-2.3983240127563477
-1.5883326530456543,-1.913011074066162
5.765056610107422,-5.552983283996582
6.625759601593018,-6.319093704223633
1.999831199645996,-4.621696472167969
0.6091117858886719,-3.0020594596862793
1.2932419776916504,0.5142689123749733
1.3439655303955078,-1.3188481330871582
-0.25382040068507195,-1.2835383415222168
2.1683216094970703,0.3083824925124645
2.2062301635742188,2.1932363510131836
2.42159366607666,-0.0390172004699707
-2.1139025688171387,1.4213085174560547
-6.626403331756592,1.0944485664367676
-1.017296314239502,0.6559848785400391
-1.2956619262695312,-0.8381128311157227
-7.06559419631958,-1.7400741577148438
2.362954616546631,-0.9169220924377441
0.3751993179321289,-3.495049476623535
-8.727693557739258,-7.263588905334473
-7.246243953704834,-7.620871067047119
-4.399967193603516,-11.135649681091309
-8.689844608306885,-4.470956325531006
-12.132012844085693,-0.791466236114502
0.19036529585719109,1.7556548118591309
2.3585915565490723,1.7840862274169922
-2.2282004356384277,1.6662120819091797
1.5388846397399902,1.508033275604248
9.824550151824951,8.696722984313965
0.27298929169774055,13.681316375732422
-3.540480136871338,8.235490322113037
8.917796611785889,11.062943935394287
9.949314594268799,10.394620895385742
8.92103910446167,5.466723442077637
13.840126991271973,8.89674425125122
9.093308448791504,2.408885955810547
-0.1147628016769886,2.1150708198547363
-2.3007869720458984,0.5047202110290527
-2.0732998847961426,-2.1476387977600098
1.06749527156353,-3.5814881324768066
0.1193047035485506,-2.502560615539551
-3.051638603210449,-6.133604049682617
-3.8346171379089355,-6.629395484924316
-5.992496013641357,-6.043517589569092
-12.061119079589844,-7.436943054199219
-10.376250743865967,-5.642580986022949
-3.3171653747558594,-1.3590455055236816
0.23472309112548828,-4.693138599395752
-1.2291908264160156,-2.517390251159668
3.8787007331848145,-1.058638095855713
3.331291675567627,0.8211612701416016
1.6678571701049805,3.5834431648254395
-1.9649982452392578,3.9160609245300293
3.974282741546631,2.3575663566589355
6.127512454986572,0.965118408203125
1.1708735674619675,2.8134584426879883
4.279220104217529,3.8604021072387695
2.0621180534362793,4.274404048919678
-7.765233516693115,1.4367938041687012
-6.207752227783203,0.7589340209960938
2.318871021270752,-2.4017810821533203
-1.6266703605651855,-4.70128059387207
-2.557086944580078,-3.7828445434570312
1.353311538696289,-2.886629104614258
-4.095900058746338,-3.60262393951416
-8.665883541107178,-1.4570355415344238
-4.678010940551758,-1.6331791877746582
3.4149527549743652,-2.8273701667785645
4.3707966804504395,2.439737319946289
4.5845866203308105,1.6162395477294922
7.842016220092773,5.910229682922363
6.045222282409668,5.254650115966797
2.1559596061706543,4.2060017585754395
1.5687346458435059,8.363592624664307
7.14496374130249,8.624267578125
6.350719928741455,8.181309700012207
-0.333559513092041,4.1947245597839355
-0.5664587020874023,4.221236705780029
2.1003365516662598,7.062804698944092
-2.5243401527404785,2.6846766471862793
-0.6409286707639694,2.6659727096557617
0.7082582265138626,-0.464630089700222
3.7729740142822266,-2.2487640380859375
1.0645151138305664,-2.7034401893615723
-0.7435321807861328,-2.878439426422119
0.2634764090180397,-3.2193779945373535
-0.5048989877104759,-2.9849648475646973
0.4658699035644531,-1.963794231414795
2.0075559616088867,-2.458524703979492
5.984187126159668,-1.511847972869873
1.8584132194519043,0.9153485298156738
-0.19583700224757195,-0.21519659087061882
4.920375347137451,2.1873831748962402
-0.39795640856027603,4.717719554901123
-3.530418872833252,4.407298564910889
-3.9948225021362305,7.1541547775268555
-4.069256782531738,6.6623687744140625
-5.763554573059082,4.873442649841309
-2.835392951965332,5.13153076171875
-2.0452380180358887,3.7529587745666504
4.105806350708008,4.774463176727295
-1.0501862317323685,4.38542366027832
-0.13743639923632145,3.0882954597473145
0.151443500071764,1.798546314239502
0.7699369639158249,-1.1370301246643066
1.1487721651792526,-1.121830865740776
3.9960384368896484,-0.6942272186279297
-0.09677410125732422,-0.4783511161804199
-0.7225394248962402,0.07826089859008789
-2.920651435852051,-2.4579286575317383
-4.128098487854004,-4.7890305519104
-2.0757675170898438,-3.518819808959961
1.8028020858764648,-2.9776573181152344
-2.9590249061584473,-0.6124734878540039
-3.5248398780822754,-1.6234278678894043
-3.1124234199523926,-0.12930629774928093
-3.638136386871338,-1.881849765777588
-2.9749035835266113,-0.8153200149536133
3.029453754425049,0.25653839111328125
1.732325553894043,-2.9304146766662598
1.4065027236938477,-0.8556842803955078
-1.8774747848510742,-1.0245441645383835
-2.0868420600891113,-2.1401405334472656
-5.086827278137207,1.0326027870178223
-2.5661349296569824,0.8677244186401367
2.0096302032470703,0.5460261926054955
4.799962043762207,-2.2826194763183594
-1.2324094772338867,-5.820143222808838
1.4262914657592773,0.8747339248657227
0.30928850173950195,-1.3259172439575195
-5.743515491485596,1.6504406929016113
-2.1102428436279297,-0.4244565963745117
2.479541301727295,-0.26748180389404297
5.331945419311523,0.10721679776906967
5.592858791351318,-0.9954571723937988
4.881715774536133,-0.6514310836791992
6.244635581970215,-0.8437275886535645
0.653386116027832,-0.7093071937561035
-3.1174182891845703,1.0876774787902832
2.05690860748291,1.412057876586914
2.9288411140441895,3.156578540802002
-1.1364102363586426,-0.007569799781776965
-2.9083251953125,-0.896453931927681
1.4592528343200684,1.4198780059814453
-3.345608711242676,0.2531527914106846
-4.586195945739746,2.687191963195801
-5.990350246429443,4.062902927398682
-5.771172046661377,1.9024372100830078
-6.450986862182617,1.2375236302614212
-5.536079406738281,-0.3086090087890625
-2.967548370361328,-1.353919506072998
-2.060854434967041,2.5031328201293945
-0.33358339220285416,-0.8127213269472122
1.1592745780944824,-4.463756084442139
-1.7088770866394043,-6.432163715362549
1.7956972122192383,-4.844808578491211
7.930541038513184,-5.894052982330322
5.624902248382568,-5.909538269042969
1.6664981842041016,-7.3660969734191895
8.920061588287354,-11.13588809967041
4.2830586433410645,-8.103227615356445
-5.448818206787109,-7.542383670806885
-4.741120338439941,-4.609525203704834
1.1289477348327637,-6.779599189758301
-12.902355194091797,-9.492123126983643
-10.911452770233154,-9.464097023010254
-0.17626289278268814,-0.08512740023434162
-5.9146881103515625,-1.0499954223632812
-12.583231925964355,2.0200252532958984
-3.7618398666381836,-0.44046640396118164
-5.602765083312988,0.17230510711669922
-6.889200210571289,2.6899099349975586
1.8146634101867676,6.327033042907715
7.016384601593018,7.549166679382324
5.4976701736450195,9.829497337341309
9.016871452331543,6.836402416229248
10.487627983093262,4.922068119049072
9.724700450897217,6.676626205444336
11.143934726715088,6.274986267089844
12.282013893127441,4.8323869705200195
8.336329460144043,7.8667402267456055
4.433643817901611,5.4917097091674805
2.059197425842285,4.627633094787598
-0.1891613006591797,5.381107330322266
-0.3218650817871094,4.30445671081543
5.036640167236328,3.480410575866699
0.5675793066620827,2.2510647773742676
-2.7593255043029785,-0.9212017059326172
-3.7199020385742188,-0.9081721305847168
-6.107187271118164,-1.1365652084350586
-11.141371726989746,-3.1367063522338867
-5.468094348907471,-4.3828606605529785
-0.13229849748313427,-6.589162349700928
-2.1982789039611816,-2.9135823249816895
-3.112185001373291,-4.559540748596191
-4.063045978546143,-5.426621437072754
-8.24885368347168,-3.809022903442383
-7.469785213470459,-1.21384859085083
-4.433190822601318,4.175090789794922
6.096315383911133,3.565680980682373
6.291782855987549,5.173814296722412
0.6906747817993164,4.089570045471191
-2.806699275970459,8.622157573699951
-1.0075926780700684,7.634758949279785
-2.4659037590026855,7.490599155426025
2.272176742553711,7.941341400146484
11.335527896881104,7.752788066864014
15.497565269470215,6.864321231842041
9.657537937164307,7.877624034881592
4.3067216873168945,2.7391672134399414
1.0299087315797806,2.63979434967041
5.350697040557861,2.025771141052246
4.3946146965026855,-1.445627212524414
3.7961840629577637,-0.506281889975071
6.743323802947998,-2.563142776489258
1.0876774787902832,-7.389533519744873
-12.173998355865479,-6.150448322296143
-6.773924827575684,-5.656886100769043
-3.1145215034484863,-3.0769824981689453
-5.8333516120910645,-5.740797519683838
-4.9834489822387695,-4.941713809967041
2.2060036659240723,-4.366898536682129
-1.1759638786315918,-5.051517486572266
-9.522616863250732,-2.9948830604553223
-3.7305831909179688,-0.25893449783325195
0.274586696177721,0.9529709815979004
1.7767786979675293,-4.6588897705078125
3.7209510803222656,-5.283761024475098
4.28309440612793,-2.787017822265625
6.18901252746582,-1.2312650680541992
-0.569307804107666,-0.578010082244873
-5.055856704711914,-5.1766276359558105
-0.9187818318605423,-5.307173728942871
1.756751537322998,-6.126058101654053
-2.681887149810791,-3.2875537872314453
-1.2421250343322754,-0.09595160372555256
1.1633992195129395,2.272510528564453
-6.080055236816406,1.4243483543395996
-8.250033855438232,1.645982265472412
-3.3872246742248535,2.9349327087402344
-0.4107118025422096,9.396719932556152
-1.2000442296266556,7.8397393226623535
3.831815719604492,4.927182197570801
1.811981201171875,4.307770729064941
-1.2201666831970215,0.3502846136689186
0.5492568016052246,3.8469791412353516
-1.3209939002990723,5.257809162139893
-2.630937099456787,-0.0654458999633789
3.9449214935302734,-2.4912357330322266
1.4582514762878418,-8.028292655944824
-4.089367389678955,-8.30533504486084
-0.13329979963600636,-7.670998573303223
-0.7194160670042038,-7.222223281860352
-8.21918249130249,-15.733325481414795
-3.2534003257751465,-14.79194164276123
-7.861423492431641,-9.839153289794922
-8.445703983306885,-12.041819095611572
-3.1075596809387207,-2.9693961143493652
-6.603860855102539,-1.1734486371278763
0.3063083067536354,-1.4212489128112793
4.877579212188721,5.9404730796813965
5.551338195800781,3.081643581390381
0.7778167724609375,6.182587146759033
8.8639497756958,13.286852836608887
7.225501537322998,13.016676902770996
3.825533390045166,10.102057456970215
10.34402847290039,11.476004123687744
7.8765153884887695,8.87763500213623
2.1535277366638184,5.0600409507751465
2.283000946044922,7.642102241516113
2.785623073577881,3.706061840057373
2.3792147636413574,0.4023433104157448
-1.146376132965088,1.3962388038635254
-4.541409015655518,-5.698001384735107
-4.9030303955078125,-8.485937118530273
-7.095241546630859,-8.159923553466797
-7.461512088775635,-11.885583400726318
-3.4160375595092773,-10.373353958129883
-1.6560554504394531,-6.376612186431885
-1.4854192733764648,-10.302329063415527
-6.544303894042969,-6.814682483673096
-4.0941596031188965,-3.278684616088867
2.385091781616211,-3.7877917289733887
3.750455379486084,1.5385150909423828
1.2846827507019043,3.904557228088379
6.276130676269531,2.9985785484313965
4.9663543701171875,7.179999351501465
-6.6016435623168945,7.668495178222656
-3.1687021255493164,5.427300930023193
5.92653751373291,7.677161693572998
0.6640195846557617,5.697035789489746
-1.3196349143981934,6.234478950500488
3.9438605308532715,3.5272717475891113
-2.05380916595459,0.2845763973891735
-10.833609104156494,-0.44575929641723633
-5.083835124969482,-2.9068589210510254
0.259709395468235,-0.6861209869384766
0.7618545740842819,-3.9362072944641113
3.1833410263061523,-3.856956958770752
6.964349746704102,-4.083836078643799
6.0552239418029785,-3.71091365814209
0.9355068206787109,-2.0984411239624023
2.5745511054992676,-0.4647732153534889
4.696941375732422,1.21842622756958
8.894503116607666,3.306424617767334
6.736648082733154,3.9188742637634277
4.067099094390869,6.795084476470947
1.8896102905273438,7.7893853187561035
-4.956066608428955,7.281529903411865
-10.187315940856934,8.721458911895752
-4.626572132110596,6.346595287322998
-1.5851259231567383,8.875513076782227
0.005161800072528422,5.707573890686035
1.868593692779541,2.7143359184265137
-0.30673740431666374,0.89111328125
-0.14204979874193668,-1.521313190460205
-2.0186781883239746,-3.030836582183838
2.596712112426758,-5.17885684967041
6.0239434242248535,-4.541158676147461
5.22691011428833,-3.125131130218506
8.23359489440918,-5.972743034362793
2.5585293769836426,-2.458512783050537
-1.9392013549804688,-1.6281723976135254
3.3127903938293457,0.7924795150756836
6.012749671936035,2.153646945953369
4.279565811157227,3.8077592849731445
3.0207395553588867,3.2410144805908203
4.727649688720703,5.494034290313721
-6.723642349243164,6.349289417266846
-10.74918508529663,5.054306983947754
-6.480145454406738,4.693007469177246
-6.889092922210693,6.206727027893066
-0.04538299981504679,1.686394214630127
1.1609435081481934,2.695441246032715
-0.14303919859230518,2.972090244293213
1.6101717948913574,2.253139019012451
-5.571901798248291,-3.8983821868896484
-5.928289890289307,0.7067800313234329
-1.7732977867126465,-4.738128185272217
2.4590492248535156,-2.8798699378967285
-0.8978962898254395,-1.8099665641784668
2.648782730102539,-3.247356414794922
3.6643028259277344,-1.3352513313293457
-4.165220260620117,-0.801396369934082
-6.241190433502197,-2.0180344581604004
-1.6391634941101074,-1.7653703689575195
-4.810190200805664,1.2183547019958496
-5.416309833526611,-0.9207487106323242
-0.3516196832060814,-3.2274365425109863
1.0255693644285202,-0.7686377316713333
0.8372783660888672,-4.791402816772461
-0.0696300994604826,-1.2908101081848145
2.2909164428710938,0.447690486907959
3.7238597869873047,-6.776010990142822
1.9555449485778809,-4.20459508895874
-1.0830879211425781,-5.54807186126709
2.9471874237060547,-2.4837493896484375
-0.7514715194702148,-1.6444921493530273
-3.067493438720703,-1.7277240753173828
-6.689798831939697,-1.2236475944519043
2.0859599113464355,-3.426826000213623
1.064765527844429,1.105964183807373
2.2468924522399902,-0.28409959748387337
4.64552640914917,0.2390265092253685
3.028857707977295,0.6648778915405273
-8.148348331451416,-0.9525775909423828
-3.9604902267456055,1.0555744171142578
0.8280515670776367,2.520167827606201
1.2414932250976562,-0.2671241946518421
7.16242790222168,-0.42147640138864517
8.69990587234497,-1.8036127090454102
4.7113776206970215,-3.164792060852051
-1.2529253959655762,-5.090522766113281
-4.195570945739746,0.41321519762277603
-1.8670082092285156,0.8356214314699173
2.844250202178955,-0.965416431427002
-0.43625831604003906,-1.7040491104125977
0.5850911140441895,-1.6892075538635254
0.02030130010098219,0.13352629728615284
-8.439385890960693,5.210554599761963
-13.596045970916748,4.925429821014404
-6.263184547424316,1.6671061515808105
-3.584277629852295,1.3905644416809082
-5.7915449142456055,1.5100717544555664
-1.0497450828552246,3.037738800048828
0.9388328343629837,4.489302635192871
-4.2917609214782715,-0.6315231323242188
-4.432928562164307,-4.108607769012451
3.9681315422058105,-5.824887752532959
8.806395530700684,-2.6311159133911133
7.956480979919434,-3.2309651374816895
4.856753349304199,-2.9504895210266113
6.1196088790893555,-5.414223670959473
-1.7098188400268555,-9.195804595947266
-1.6471385955810547,-8.01537036895752
-0.06606580223888159,-8.079671859741211
3.393220901489258,-7.832920551300049
-3.9709925651550293,-7.984256744384766
-2.525186538696289,-9.132027626037598
-6.785118579864502,-8.679378032684326
-6.790530681610107,-3.343474864959717
-7.310497760772705,-1.7515778541564941
-4.608643054962158,-0.04006620030850172
-4.139912128448486,0.9400010108947754
-3.824007511138916,4.947400093078613
1.024305820465088,4.642391204833984
5.020773410797119,11.155164241790771
5.4984331130981445,10.640764236450195
10.402560234069824,11.928784847259521
8.884835243225098,6.867516040802002
2.7724862098693848,7.572829723358154
2.3614048957824707,6.7173004150390625
9.346354007720947,8.406233787536621
4.438567161560059,8.253371715545654
5.630195140838623,6.825101375579834
7.706236839294434,3.127598762512207
2.3755669593811035,-1.1468172073364258
-2.066636085510254,0.26782749220728874
-4.930591583251953,3.3249974250793457
-4.051661491394043,-1.161038875579834
-7.168877124786377,-0.33870939165353775
-5.92268705368042,-6.637847423553467
-2.691173553466797,-6.60398006439209
-1.5000700950622559,-5.596303939819336
-3.3576250076293945,-5.707681179046631
-2.673506736755371,-4.482424259185791
-5.50541877746582,-5.044066905975342
-3.1077146530151367,-5.497539043426514
-1.4019012451171875,-5.402088165283203
0.2140641026198864,-1.9579529762268066
1.4901399612426758,1.7153739929199219
3.309762477874756,3.0445218086242676
2.368438243865967,4.693877696990967
-1.334977149963379,2.9894232749938965
0.5373001098632812,8.997201919555664
-0.8186817169189453,8.350110054016113
-1.4159679412841797,9.70834493637085
1.6309738159179688,10.296690464019775
7.325863838195801,4.263198375701904
6.792795658111572,4.761111736297607
6.186676025390625,8.410775661468506
11.10684871673584,7.506954669952393
2.499234676361084,4.9132585525512695
-1.7465829849243164,1.4298558235168457
5.701851844787598,-0.6873369216918945
8.747482299804688,-3.511679172515869
6.014907360076904,-1.941382884979248
6.756949424743652,-7.21203088760376
2.0578980445861816,-8.990097045898438
-5.467855930328369,-8.850419521331787
-6.651794910430908,-9.666967391967773
-7.182979583740234,-6.387066841125488
-3.002750873565674,-3.359365463256836
0.7907391339540482,-4.399228096008301
-2.486753463745117,-5.470418930053711
-5.200159549713135,-4.5185089111328125
-4.396569728851318,-2.1311163902282715
-7.249546051025391,1.3878583908081055
-7.73090124130249,5.946040153503418
-1.7907142639160156,2.4187445640563965
3.1418681144714355,-1.0787606239318848
1.5274882316589355,-2.0919084548950195
1.8016695976257324,-0.07334949914366007
6.526279449462891,-1.4085650444030762
0.12816189788281918,-0.1473546028137207
-3.635120391845703,-4.532647132873535
4.053640365600586,-7.5484514236450195
1.311337947845459,-2.0394206047058105
1.033937931060791,-4.412543773651123
4.1678547859191895,-3.3561348915100098
0.6219625100493431,-0.22537710145115852
-3.472721576690674,-2.9670119285583496
0.5605578050017357,-1.6987919807434082
-0.7038593292236328,0.6818652153015137
0.11895899660885334,1.085054874420166
1.2560009956359863,2.8259873390197754
1.0511398315429688,4.026520252227783
-1.7684459686279297,2.6247024536132812
-0.6772757321596146,3.2856106758117676
-3.441035747528076,6.1882853507995605
0.6342530250549316,5.13836145401001
0.3144979104399681,4.7791361808776855
-1.5656471252441406,-1.463770866394043
1.4435172080993652,-5.007946491241455
-3.4561753273010254,-5.113983154296875
-6.122457981109619,-5.82735538482666
-3.9008736610412598,-7.9561591148376465
-6.971943378448486,-12.221324443817139
-11.107110977172852,-9.555220603942871
-10.033178329467773,-7.811903953552246
-1.4141321182250977,-5.19789457321167
-3.8733482360839844,-4.595887660980225
-3.211092948913574,-1.875627040863037
2.976202964782715,-1.8512845039367676
3.5172343254089355,5.711710453033447
-1.6506552696228027,5.38179874420166
3.1248927116394043,9.035897254943848
7.014894485473633,13.186383247375488
7.82090425491333,13.51771354675293
12.253046035766602,10.085272789001465
15.047776699066162,11.233484745025635
8.537685871124268,8.447539806365967
6.450378894805908,10.343992710113525
2.1694064140319824,7.265055179595947
2.208542823791504,0.36082271486520767
1.8242359161376953,-2.6550769805908203
-1.2278317660093307,-2.157258987426758
-4.154324531555176,-6.078624725341797
-4.191553592681885,-2.4999380111694336
-12.891840934753418,-8.822357654571533
-15.27482271194458,-10.954642295837402
-5.922126770019531,-8.991491794586182
-1.32368803024292,-10.067129135131836
-3.109443187713623,-7.317066192626953
-2.1124958992004395,-3.637051582336426
3.4473538398742676,-7.402479648590088
-1.9774436950683594,-5.075347423553467
-3.8043737411499023,-2.312624454498291
3.1574487686157227,-1.6989350318908691
9.596526622772217,5.226147174835205
1.2675285339355469,4.938161373138428
2.7690649032592773,4.684853553771973
7.113957405090332,5.751526355743408
-0.2709030918776989,5.667531490325928
-5.933821201324463,5.284547805786133
2.1350860595703125,7.23038911819458
2.889883518218994,3.3327341079711914
-3.086721897125244,0.3881216049194336
-0.3476976975798607,-0.40017370134592056
3.465890884399414,0.28281209990382195
-3.4598708152770996,-2.443206310272217
-6.253397464752197,-2.4330496788024902
0.8086323738098145,-3.8512587547302246
1.9901394844055176,-0.8225799351930618
2.946031093597412,-1.3702630996704102
4.668736457824707,-1.1491776257753372
5.792570114135742,0.37581920623779297
0.09113550186157227,1.6167759895324707
3.704524040222168,-0.07086989935487509
3.489089012145996,1.2474656105041504
4.21828031539917,2.0344018936157227
5.568528175354004,3.5781264305114746
1.3416409492492676,4.53798770904541
-4.835772514343262,2.3171544075012207
1.3520359992980957,2.1874070167541504
-1.340806484222412,3.0898332595825195
-4.871821403503418,3.904426097869873
0.9103537350893021,3.838229179382324
5.04378080368042,0.6242752075195312
-3.294539451599121,-0.9482145309448242
1.7449736595153809,-1.5133261680603027
6.416511535644531,-3.7566423416137695
-1.9590258598327637,-2.1097421646118164
0.9875655174255371,-1.58919095993042
6.331992149353027,-2.2023916244506836
3.6957621574401855,-2.204298973083496
3.261899948120117,-2.362060546875
7.329082489013672,1.231074333190918
1.8962860107421875,5.018281936645508
-2.9486775398254395,4.048895835876465
-0.07441040128469467,5.427706241607666
-3.310692310333252,2.5775909423828125
-6.586563587188721,6.238746643066406
-6.302833557128906,8.83641242980957
-3.7441492080688477,10.490643978118896
-4.286587238311768,5.5016279220581055
-0.4869223013520241,4.795265197753906
-0.889122486114502,4.426240921020508
1.982426643371582,4.099059104919434
2.489650249481201,3.818511962890625
-1.3151049613952637,-1.757216453552246
-2.156507968902588,-4.052436351776123
4.992532730102539,-2.145695686340332
2.118563652038574,-2.62986421585083
-0.09599920362234116,-1.8024206161499023
2.888631820678711,-1.6001343727111816
2.315211296081543,-5.264461040496826
-1.5002250671386719,-3.835618495941162
3.070199489593506,-4.517543315887451
2.312588691711426,-2.81374454498291
-6.284439563751221,-0.8345603942871094
-4.650712013244629,0.012528899824246764
-4.669845104217529,-0.6198405846953392
-7.983124256134033,-2.350914478302002
-5.36799430847168,-0.5550504103302956
1.7417430877685547,-2.006518840789795
2.0374178886413574,-2.1712541580200195
-0.6997942924499512,-0.2832650952041149
-2.581787109375,-2.7242541313171387
0.3679513931274414,-0.9427666664123535
-4.914999008178711,-0.03653760068118572
-1.881110668182373,-1.9495010375976562
2.667677402496338,-5.516374111175537
0.10057689622044563,-5.6145548820495605
-1.6129732131958008,-3.0550599098205566
1.2479662895202637,-0.8031964302062988
3.0851364135742188,2.3414969444274902
0.6021738052368164,-2.147388458251953
1.8438100814819336,0.2663136087357998
5.561411380767822,1.0122179985046387
4.627859592437744,-1.6000747680664062
1.4566898345947266,-0.9234905242919922
3.4518957138061523,-0.07586480118334293
0.5723356828093529,-2.2713422775268555
1.3011813163757324,0.431060791015625
-0.0512481015175581,-4.442739486694336
5.018627643585205,-3.026700019836426
0.9825825691223145,-0.4895925894379616
-0.20771030336618423,-2.4308323860168457
-1.376509666442871,-1.9714713096618652
-0.5822658911347389,-3.737485408782959
-5.204367637634277,-3.084838390350342
-4.291963577270508,0.8597136288881302
-4.922807216644287,3.5846471786499023
-5.6218743324279785,2.551126480102539
-7.186603546142578,-2.3959755897521973
-7.210052013397217,0.23523569107055664
-2.305436134338379,-0.4544376954436302
1.7529010772705078,3.9328813552856445
-2.1934986114501953,3.5541772842407227
-2.902555465698242,0.4356503114104271
5.751645565032959,-2.6798367500305176
0.8467435836791992,-2.61152982711792
-0.7685183733701706,-2.919292449951172
4.342710971832275,-1.0046958923339844
5.924344062805176,-0.3590226173400879
0.48793550580739975,-5.113315582275391
2.8696060180664062,-4.502880573272705
4.718530178070068,-8.327555656433105
3.1307339668273926,-8.545315265655518
-3.0923843383789062,-10.540378093719482
-6.099581718444824,-5.369877815246582
-1.7861723899841309,-8.906149864196777
-4.388129711151123,-6.599092483520508
-7.164478302001953,-6.366395950317383
-3.374361991882324,-2.0228028297424316
-0.4685401916503906,1.9334673881530762
-7.510077953338623,2.2176384925842285
-4.657769203186035,2.137637138366699
2.477145195007324,6.416714191436768
4.990148544311523,9.378290176391602
9.594476222991943,11.113739013671875
13.503026962280273,10.869967937469482
6.136202812194824,7.0891499519348145
5.463147163391113,6.821012496948242
2.1608829498291016,7.579684257507324
0.2579212002456188,13.63532543182373
6.156468391418457,9.645283222198486
6.90838098526001,9.312236309051514
1.5006542205810547,4.980218410491943
5.378556251525879,3.94284725189209
3.634631633758545,7.285141944885254
-5.0956130027771,0.22554399445652962
-6.601166725158691,1.010286808013916
-0.2951622009277344,-2.2659897804260254
-2.1349191665649414,-7.305455207824707
-5.976545810699463,-6.8976521492004395
-1.716923713684082,-5.823016166687012
-2.414071559906006,-5.9075117111206055
-7.079613208770752,-4.61958646774292
-4.541969299316406,-8.49902629852295
0.21277669817209244,-8.963584899902344
-2.2207021713256836,-6.577515602111816
-1.4400959014892578,-0.8808135986328125
1.7235398292541504,-1.3088464736938477
1.7513275146484375,0.4249453917145729
-1.1019468307495117,2.4152398109436035
2.933025360107422,1.1549949645996094
2.4108052253723145,7.687580585479736
-1.6829729080200195,11.285591125488281
0.854945182800293,5.52748441696167
0.9096621721982956,10.6894850730896
4.384899139404297,8.71882438659668
7.445704936981201,9.940123558044434
10.001003742218018,13.350284099578857
6.20957612991333,6.954503059387207
4.811990261077881,5.089211463928223
4.141020774841309,3.610062599182129
3.2419323921203613,-1.3765692710876465
6.125819683074951,-2.4961471557617188
6.350600719451904,-4.24497127532959
1.5518546104431152,-5.186736583709717
1.213514804840088,-6.152331829071045
-2.4857640266418457,-6.833815574645996
-7.095396518707275,-10.549378395080566
-3.5271406173706055,-8.395421504974365
1.1506915092468262,-5.691277980804443
-2.3784995079040527,-6.177210807800293
-4.122185707092285,-5.1857709884643555
-2.8725266456604004,0.19074680283665657
-6.837987899780273,0.7540106773376465
-10.58797836303711,6.574690341949463
-2.637791633605957,5.129826068878174
0.02057550009340048,1.9867897033691406
-2.003765106201172,2.7500152587890625
1.568162441253662,1.0527849197387695
1.9608855247497559,1.5069246292114258
-6.2447309494018555,1.0067225247621536
-6.5752387046813965,1.7450332641601562
-2.166140079498291,-3.2261133193969727
-0.44921640306711197,-2.5191426277160645
0.5919098854064941,-5.795705318450928
6.7316412925720215,-6.060051918029785
5.6838154792785645,-4.659819602966309
-0.8706331253051758,-0.2030492015182972
2.7637839317321777,-0.6279826164245605
1.4112591743469238,-0.5101323127746582
-3.049802780151367,-3.383958339691162
6.7348480224609375,-3.3130764961242676
7.626688480377197,-1.93253755569458
0.7734537124633789,-0.3218531981110573
1.9132733345031738,-3.318953514099121
-3.8025856018066406,-2.2243380546569824
-8.030295372009277,0.0957966037094593
-5.2887678146362305,3.4168362617492676
-6.656885147094727,1.8248677253723145
1.757347583770752,-2.801358699798584
1.1876940727233887,-4.925966262817383
-2.32926607131958,-4.00320291519165
-1.546478271484375,-5.352962017059326
-3.04642915725708,-5.041825771331787
-6.570231914520264,-9.983384609222412
-4.639828205108643,-8.134663105010986
-6.760525703430176,4.268765449523926
-5.912995338439941,4.698479175567627
3.469991683959961,2.352023124694824
-2.9410362243652344,1.1739730834960938
-1.5191078186035156,0.06952289957553148
7.371962070465088,4.400873184204102
4.591822624206543,7.732629776000977
-5.547857284545898,6.70621395111084
1.1947988718748093,7.4596405029296875
3.8893699645996094,7.739591598510742
1.0791420936584473,2.802896499633789
5.501949787139893,1.8326401710510254
9.181046485900879,6.450092792510986
3.7892937660217285,-0.7224798202514648
0.7934212684631348,1.344001293182373
0.538790188729763,-6.248259544372559
2.5212883949279785,-6.16527795791626
2.4234414100646973,-3.509676456451416
5.710101127624512,-1.3076186180114746
3.64990234375,-4.623281955718994
-1.0586857795715332,-6.710827350616455
-7.558906078338623,-5.348825454711914
-5.8533430099487305,-0.9784340858459473
-1.9269466400146484,0.5832790955901146
2.4939775466918945,1.9638299942016602
3.781723976135254,-4.07106876373291
0.9039402008056641,-1.7557382583618164
-0.4463673010468483,-2.054619789123535
-2.3480892181396484,-0.3362179175019264
-5.993151664733887,-1.0227680206298828
-3.5860061645507812,-0.32687190920114517
3.681468963623047,0.8259773254394531
5.110621452331543,0.04299880005419254
-2.323615550994873,1.034092903137207
-1.8573522567749023,0.8345246315002441
-3.789389133453369,2.6866912841796875
-7.086658477783203,2.333700656890869
-1.4654159545898438,-1.1165142059326172
6.612944602966309,-3.466665744781494
1.8468141555786133,-0.18174650147557259
0.09691719897091389,1.545274257659912
2.1278858184814453,1.8746376037597656
-8.72499942779541,3.804504871368408
-5.786418914794922,4.54106330871582
2.091348171234131,5.07436990737915
5.579328536987305,4.592657089233398
3.6123275756835938,6.752359867095947
8.411085605621338,7.777535915374756
1.9600987434387207,3.8176417350769043
-1.8635749816894531,5.857491493225098
3.750431537628174,2.114284038543701
4.356837272644043,1.0096549987792969
0.7868648320436478,1.1690496653318405
5.197632312774658,-0.45081380754709244
3.9182305335998535,-0.33489469438791275
-0.2094149962067604,-2.0385265350341797
-0.3167271986603737,-4.475140571594238
0.8679748326539993,-1.4372825622558594
-1.2526154518127441,-0.21690130233764648
5.025184154510498,-1.460111141204834
2.1637558937072754,-1.9226431846618652
-0.41300058364868164,-3.5717248916625977
4.901254177093506,0.27009250596165657
1.6587495803833008,-2.322876453399658
-4.828691482543945,2.006840705871582
3.009176254272461,2.693653106689453
4.122054576873779,4.178857803344727
1.8585205078125,5.175340175628662
3.974294662475586,3.4216880798339844
7.128357887268066,4.736924171447754
-2.7359962463378906,5.044138431549072
-3.6916017532348633,5.272412300109863
-3.498852252960205,9.12245512008667
-4.436385631561279,3.6548972129821777
-6.1606764793396,4.4808149337768555
-2.200162410736084,0.21357540041208267
-1.1602997779846191,3.3222317695617676
-2.7324557304382324,6.179261207580566
-5.1422953605651855,4.067814350128174
-3.111135959625244,1.832890510559082
-3.7879109382629395,0.3065467067062855
0.5378245934844017,-0.8550167083740234
3.3907532691955566,0.7216811180114746
5.489790439605713,0.5449295043945312
3.8227319717407227,-0.010836099972948432
1.7826437950134277,-3.5547256469726562
-4.18325662612915,-3.2163143157958984
-0.7712482661008835,-3.533470630645752
3.44088077545166,-2.510499954223633
3.528594970703125,-2.5163650512695312
0.16382930800318718,-3.200089931488037
4.088485240936279,-6.426811218261719
-4.003870487213135,-4.566144943237305
-9.93436574935913,-4.340708255767822
-7.1875691413879395,-2.539944648742676
0.4448533058166504,-0.26677850633859634
-1.240682601928711,-2.338838577270508
-1.044929027557373,-2.352166175842285
2.608358860015869,-0.8161783218383789
-0.23123029619455338,0.05271430127322674
-7.240486145019531,2.549886703491211
-6.0302019119262695,1.6541838645935059
0.13996359892189503,1.9890427589416504
-0.799262523651123,-2.6273131370544434
3.6121249198913574,0.7804155349731445
6.6651225090026855,0.3343820944428444
4.925239086151123,-0.5215644836425781
-0.19088979810476303,3.314375877380371
-0.31031370162963867,0.5698084831237793
1.5941977500915527,-1.6128897666931152
2.3566484451293945,2.8023600578308105
7.806849479675293,-4.628264904022217
5.565178394317627,2.5762438774108887
5.533862113952637,-1.053297519683838
-1.1069297790527344,-2.1421432495117188
-5.35273551940918,-1.5337228775024414
-4.5212626457214355,0.32207969576120377
-2.2269725799560547,0.5813002958893776
-0.3552914038300514,-1.210188865661621
2.2630810737609863,-1.4967799186706543
0.32427310943603516,-2.704453468322754
-3.750443458557129,0.14230010099709034
-6.436002254486084,1.5803098678588867
-6.619131565093994,1.9118905067443848
-3.9473772048950195,3.8864970207214355
-1.887977123260498,1.5708208084106445
-2.1394968032836914,-0.33805370330810547
0.7418394088745117,0.14710430055856705
-2.075815200805664,1.6323447227478027
-6.11724853515625,2.4808764457702637
-1.0401248931884766,3.105652332305908
5.290699005126953,-3.6678194999694824
4.142272472381592,-4.025232791900635
7.725679874420166,-6.46134614944458
4.014086723327637,-2.778911590576172
1.0867118835449219,-2.2390365600585938
-0.1472949981689453,-4.8131585121154785
-1.8054723739624023,-8.520889282226562
-2.555549144744873,-9.251797199249268
4.643285274505615,-7.9094767570495605
1.2728691101074219,-6.575071811676025
-9.873974323272705,-9.836828708648682
-9.977924823760986,-8.70896577835083
-3.736758232116699,-10.038650035858154
-12.493646144866943,-7.597053050994873
-7.8562140464782715,-4.8270344734191895
2.2470951080322266,-1.9791007041931152
-4.89354133605957,-2.6200413703918457
-9.426295757293701,-0.8447051048278809
-1.2595534324645996,2.0011544227600098
0.6192446127533913,6.445837020874023
1.7338991165161133,9.331560134887695
8.974242210388184,9.765768051147461
11.771655082702637,9.774017333984375
7.481777667999268,7.522785663604736
4.295921325683594,10.471343994140625
4.493892192840576,10.091674327850342
5.589926242828369,15.560758113861084
8.870816230773926,10.943901538848877
6.996548175811768,5.663025379180908
5.495691299438477,6.105172634124756
4.839622974395752,1.3034582138061523
-1.1834145337343216,5.3334832191467285
-3.545677661895752,3.3638715744018555
-3.095996379852295,-2.5756239891052246
1.869344711303711,-1.113903522491455
-1.3743162155151367,-6.17598295211792
-3.282749652862549,-8.71964693069458
-1.6988873481750488,-5.814695358276367
-3.847789764404297,-8.863663673400879
-8.02386999130249,-7.5638651847839355
-4.3897271156311035,-4.876077175140381
-0.5759358033537865,-6.231081485748291
-2.2845983505249023,-4.491841793060303
-5.21320104598999,-0.9751319885253906
-5.135750770568848,1.3570666313171387
-2.3142099380493164,3.66208553314209
-3.324723243713379,6.944310665130615
-1.3031601905822754,3.7318825721740723
2.2768020629882812,7.4928879737854
1.6772031784057617,11.60353422164917
-1.8791913986206055,8.008205890655518
-0.7134199142456055,10.574901103973389
5.566811561584473,7.782852649688721
6.93509578704834,4.27173376083374
8.076786994934082,11.41650676727295
11.544346809387207,12.104630470275879
7.810020446777344,5.398130416870117
2.6953816413879395,5.237090587615967
0.20824670791625977,-0.11550189927220345
6.861352920532227,-2.42459774017334
5.238819122314453,-0.2733469009399414
2.1542906761169434,-0.9781479835510254
3.2302498817443848,-3.1410813331604004
1.8675446510314941,-4.472553730010986
-5.172526836395264,-7.984888553619385
-5.532824993133545,-8.382880687713623
-1.2825369834899902,-3.9162755012512207
-1.1089801788330078,-4.043269157409668
-0.7826446741819382,-5.649590492248535
-3.284430503845215,-3.560912609100342
-3.370392322540283,-3.631591796875
-6.265532970428467,-2.0153045654296875
-4.996180534362793,-0.9027957916259766
-1.8659591674804688,-3.7085413932800293
1.1220098286867142,-5.006313323974609
3.409695625305176,-7.2998762130737305
0.9839534759521484,-5.4962873458862305
-2.0690202713012695,-4.9817681312561035
-2.2516608238220215,-0.5851984024047852
-2.28654146194458,-7.816934585571289
-2.9677271842956543,-3.469550609588623
2.9184460639953613,-3.0717015266418457
3.008759021759033,1.726222038269043
-2.623879909515381,2.5334596633911133
-2.325892448425293,5.1074981689453125
-0.45871730893850327,5.645883083343506
-0.6314157694578171,6.088244915008545
-0.11585949920117855,3.1185030937194824
4.860556125640869,6.615352630615234
5.793344974517822,5.986499786376953
-1.4796733856201172,6.252181529998779
-2.3374438285827637,2.221214771270752
-4.725039005279541,2.5311708450317383
-4.072225093841553,0.43292049318552017
-3.7727952003479004,-2.2358298301696777
-6.884551048278809,-5.269777774810791
-4.2151689529418945,-6.65593147277832
-4.383254051208496,-7.2623372077941895
-8.596444129943848,-7.308840751647949
-7.037746906280518,-7.049262523651123
1.1193633079528809,-8.304738998413086
1.164090633392334,-12.09629774093628
1.1614202708005905,-6.427907943725586
5.495738983154297,-3.8071751594543457
6.026041507720947,-2.971470355987549
4.108798503875732,-2.9010415077209473
-1.130378171801567,2.198052406311035
-0.5572795867919922,4.274082183837891
8.634710311889648,9.153234958648682
1.7327666282653809,7.271695137023926
2.5371193885803223,6.778430938720703
3.13798189163208,7.773292064666748
0.04410739988088608,9.17423963546753
-9.347963333129883,6.916558742523193
-6.907188892364502,6.4673662185668945
-1.982569694519043,4.287815093994141
-0.38387779146432877,0.932776927947998
3.345191478729248,-1.254594326019287
1.7576217651367188,-1.0290145874023438
-0.92620849609375,-2.236461639404297
0.3352642059326172,-2.156686782836914
-7.5966715812683105,-2.059328556060791
-3.0610203742980957,-3.6330342292785645
8.024787902832031,-5.537760257720947
2.423977851867676,-4.365277290344238
1.0516166687011719,-2.974700927734375
7.596278190612793,-3.5407185554504395
1.4815092086791992,-0.8936523646116257
-4.485774040222168,-1.2420058250427246
2.6903510093688965,-0.2686142921447754
8.220529556274414,2.326488494873047
2.929377555847168,-0.8136749267578125
-1.1774659156799316,-1.1697769165039062
-0.7941246032714844,1.33819580078125
-6.372785568237305,2.2645115852355957
-7.669937610626221,2.83433198928833
-6.243157386779785,0.2995133027434349
-0.9852886199951172,-1.2914776802062988
-2.278149127960205,-2.086055278778076
-4.266345500946045,-3.3884763717651367
-4.262411594390869,-1.2445331364870071
-1.9883394241333008,-2.8778672218322754
-4.270458221435547,-1.7681121826171875
-2.1263837814331055,-2.027440071105957
5.296778678894043,-3.0644774436950684
3.6298036575317383,0.11234279721975327
2.601456642150879,1.648116111755371
3.9157748222351074,3.249037265777588
4.502058029174805,5.019211769104004
2.6405811309814453,4.462289810180664
6.225991249084473,5.970203876495361
8.128035068511963,6.022953987121582
7.688021659851074,8.648824691772461
6.1420440673828125,6.456971168518066
3.705894947052002,7.5933098793029785
-1.8391966819763184,4.9420952796936035
0.6660580635070801,2.725660800933838
-0.06192919798195362,2.7774810791015625
-0.22723669186234474,1.7473459243774414
-1.6846895217895508,-0.3412485122680664
-2.2027134895324707,-2.4237871170043945
-9.1078519821167,-3.1633615493774414
-8.797013759613037,-2.0187020301818848
-3.8248062133789062,-2.3244857788085938
-2.0011067390441895,0.5222558975219727
-0.2041817083954811,0.22737979888916016
5.5289506912231445,-2.9108166694641113
0.8215188980102539,-0.8671402931213379
3.266620635986328,-0.1902938075363636
7.86290168762207,2.3511290550231934
4.901421070098877,6.724488735198975
6.435120105743408,4.611039161682129
9.567248821258545,5.4108500480651855
3.695344924926758,5.600845813751221
1.8222928047180176,4.126942157745361
3.0886173248291016,7.7300190925598145
1.481616497039795,5.9534430503845215
-1.7106294631958008,3.800809383392334
0.4537462815642357,-1.0034800320863724
-2.8857827186584473,-1.6853570938110352
-7.572031021118164,-4.207658767700195
-4.106533527374268,-1.0792970657348633
-4.801476001739502,-2.295410633087158
-9.33157205581665,-6.552469730377197
-6.270360946655273,-4.89044189453125
-4.945385456085205,-4.848372936248779
-5.455434322357178,-2.5162577629089355
-2.9392600059509277,1.2833952903747559
0.3701448068022728,-1.0353446006774902
2.7887463569641113,-0.6234883889555931
0.042557697743177414,-1.9066095352172852
0.018441700376570225,3.1954050064086914
-0.2345561981201172,2.2363781929016113
0.661933422088623,1.1138916015625
3.580629825592041,0.3177165985107422
6.6201090812683105,-4.1504621505737305
5.07197380065918,-1.0695815086364746
-0.0640749977901578,-0.4771589860320091
-1.0212302207946777,-4.037070274353027
-6.1849236488342285,-2.0045042037963867
-4.3383002281188965,-5.033504962921143
-0.11383299715816975,-6.156480312347412
3.272724151611328,-5.6827545166015625
-0.13780590146780014,-0.4058479890227318
-3.7224888801574707,-3.946530818939209
-7.7790141105651855,-0.7383108139038086
-7.634937763214111,-2.131795883178711
0.06625649984925985,-2.733790874481201
4.326379299163818,-0.3543258085846901
5.019187927246094,3.485405445098877
3.6699414253234863,0.5712747946381569
-4.466867446899414,6.40413761138916
-3.5766243934631348,1.6802430152893066
-2.843022346496582,2.025890350341797
4.475760459899902,2.7575016021728516
7.5456976890563965,2.6710152626037598
9.00048017501831,0.4053949937224388
2.5971293449401855,1.4656782150268555
0.7965564727783203,-2.543795108795166
-1.1924148350954056,-1.0811448097229004
-1.9702792167663574,-1.2777328491210938
-1.3644933700561523,-3.291761875152588
4.184746742248535,-2.546393871307373
0.24527309462428093,-4.427754878997803
-4.787182807922363,-4.588055610656738
-3.2941102981567383,-2.5841116905212402
-2.3977041244506836,0.6853818893432617
-6.152999401092529,0.5520344153046608
-3.9147257804870605,2.9474735260009766
-1.169121265411377,1.7044663429260254
-3.2902121543884277,1.1361361294984818
-2.618741989135742,6.200039386749268
1.6131281852722168,6.000912189483643
0.379025898873806,3.8861751556396484
2.447175979614258,3.854978084564209
3.3327102661132812,-1.639854907989502
0.4213095083832741,0.8266807347536087
-2.5796890258789062,1.7626523971557617
0.7911443710327148,-1.6581416130065918
0.47581199556589127,-2.7312517166137695
2.7624964714050293,-6.895661354064941
3.2448291778564453,-7.820451259613037
3.9275646209716797,-7.41802453994751
-0.819861888885498,-6.9060564041137695
-5.096304416656494,-9.324479103088379
-4.557216167449951,-10.53839921951294
-4.0091633796691895,-12.7890944480896
-4.0197014808654785,-12.254118919372559
-5.826663970947266,-8.88134241104126
-5.769193172454834,-3.7187695503234863
-3.735506534576416,-5.434763431549072
-3.4231066703796387,-5.725383758544922
-4.445540904998779,-5.289053916931152
2.1026968955993652,1.8854379653930664
2.853059768676758,6.224048137664795
-1.1602044105529785,8.132576942443848
1.5703082084655762,7.345020771026611
7.882523536682129,7.666981220245361
6.224691867828369,9.539616107940674
12.051093578338623,13.159847259521484
10.476529598236084,11.295580863952637
4.999029636383057,10.195624828338623
-3.578197956085205,9.247779846191406
0.7737994194030762,5.447590351104736
3.585517406463623,8.668947219848633
3.169548511505127,5.09181022644043
1.180887222290039,3.0335426330566406
2.858269214630127,1.3228654861450195
-6.6156744956970215,-2.745234966278076
-8.91265869140625,-1.0632634162902832
-3.8393735885620117,-3.36683988571167
1.051938533782959,-4.979526996612549
0.17409320920705795,-7.705795764923096
2.875971794128418,-8.661103248596191
-2.972078323364258,-10.759449005126953
-8.108103275299072,-4.638326168060303
-4.554629325866699,-2.7465224266052246
-0.5290985107421875,-4.737555980682373
-0.02971889916807413,-3.6287903785705566
5.0034284591674805,-2.9488682746887207
4.302191734313965,-0.8943915367126465
-4.8616766929626465,7.431674003601074
-4.05505895614624,9.11492109298706
-0.6761311739683151,5.260598659515381
0.2972722053527832,8.179843425750732
3.3690333366394043,5.2196502685546875
7.8473687171936035,5.1566243171691895
-0.3906131163239479,10.2644681930542
-7.287240028381348,5.740511417388916
-0.5140424147248268,4.266119003295898
6.3608527183532715,2.004694938659668
7.434475421905518,0.49300190061330795
13.789892196655273,4.561293125152588
11.043930053710938,2.4030566215515137
-0.22007230669260025,-0.73699951171875
-7.546412944793701,-3.234851360321045
-3.585827350616455,-4.198455810546875
2.999758720397949,-2.739417552947998
6.45909309387207,-0.5492568016052246
8.655381202697754,-2.123379707336426
6.129610538482666,-4.384469985961914
-5.781590938568115,-7.704687118530273
-10.054826736450195,-5.060684680938721
-5.116081237792969,-3.8968443870544434
-5.074048042297363,-0.21049980074167252
1.0644912719726562,0.335538387298584
8.304750919342041,-2.4621009826660156
1.140749529004097,-1.194906234741211
-4.346954822540283,-2.381253242492676
-8.16488265991211,-2.786099910736084
-8.284413814544678,-3.1992197036743164
-2.8443098068237305,-1.4060735702514648
1.0876893997192383,-4.520547389984131
3.586900234222412,-2.8031229972839355
4.120123386383057,-3.0498504638671875
-1.2801051139831543,-3.8561582565307617
-5.402505397796631,-1.9583463668823242
-4.7232747077941895,-2.5051355361938477
-0.4178047180175781,0.533759593963623
3.527820110321045,3.269827365875244
5.059421062469482,3.191518783569336
7.156944274902344,-0.16977790743112564
3.0723929405212402,0.1344085019081831
-1.3484001159667969,0.5632638931274414
-1.5287041664123535,2.494025230407715
0.498044490814209,4.723572731018066
1.4809966087341309,3.0116915702819824
1.8212676048278809,4.867088794708252
3.9452195167541504,7.289707660675049
1.5682220458984375,1.8041491508483887
-6.85274600982666,1.293933391571045
-7.328629493713379,-1.5174269676208496
-8.864152431488037,-3.3815741539001465
-3.6496758460998535,-1.5999317169189453
-6.016433238983154,-5.639886856079102
1.2420176714658737,-7.737636566162109
0.0008225000055972487,-6.879889965057373
-5.9354424476623535,-9.206509590148926
-7.067537307739258,-9.226512908935547
-4.32889461517334,-11.288714408874512
-9.914326667785645,-3.125154972076416
-5.309700965881348,-1.0789036750793457
8.045101165771484,3.79178524017334
6.347477436065674,3.465104103088379
3.984963893890381,-1.4136075973510742
7.770991325378418,5.6137919425964355
2.7936816215515137,11.970305442810059
-2.3098230361938477,8.249831199645996
-1.4212369918823242,10.831212997436523
2.6021718978881836,9.761583805084229
7.225131988525391,8.817386627197266
10.670995712280273,7.0899128913879395
6.132698059082031,8.566319942474365
-0.19356010481715202,0.9548903256654739
-1.190042495727539,2.099764347076416
-8.791422843933105,0.2619981952011585
-2.7801036834716797,-6.042516231536865
6.287527084350586,-4.786348342895508
0.06431339774280787,-4.6844482421875
-2.7854561805725098,-11.774051189422607
-2.3579955101013184,-8.659029006958008
-6.055915355682373,-10.554802417755127
-8.702147006988525,-10.458624362945557
-1.1718392372131348,-3.799271583557129
9.310543537139893,-4.48373556137085
9.172093868255615,-8.678746223449707
1.4007806777954102,-4.6439528465271
0.1802087016403675,-2.706277370452881
-2.9504776000976562,2.760601043701172
-10.387659072875977,9.388923645019531
-4.908716678619385,9.319627285003662
4.036140441894531,5.118727684020996
4.006385803222656,5.9592485427856445
-1.3318061828613281,3.983604907989502
-0.3059387020766735,4.419136047363281
-5.301117897033691,5.6083083152771
-10.563933849334717,2.399885654449463
-5.358684062957764,-0.19791129976511002
4.599404335021973,-2.4739742279052734
7.9062819480896,-6.4432501792907715
6.3782572746276855,-4.406917095184326
2.111506462097168,-2.187788486480713
0.16591550782322884,-5.080461502075195
-3.6508560180664062,-0.06169079802930355
1.1018872261047363,-2.946805953979492
8.18396806716919,-3.6916613578796387
14.892184734344482,-0.3545523062348366
9.096968173980713,-1.89894437789917
4.646825790405273,0.22385120391845703
0.4561067000031471,4.691827297210693
-4.738950729370117,4.626607894897461
-0.7871270179748535,5.3379058837890625
-0.04099609795957804,8.359909057617188
2.381610870361328,3.2472968101501465
1.373612880706787,5.352044105529785
-3.4189224243164062,2.9793620109558105
-7.043313980102539,3.6019206047058105
-9.543824195861816,4.573512077331543
-7.874083518981934,3.608393669128418
-3.138291835784912,0.16283990815281868
5.695343017578125,-2.0723819732666016
7.985389232635498,-3.9147138595581055
6.860291957855225,-3.14561128616333
4.964327812194824,-0.30556920915842056
2.382969856262207,1.6202688217163086
2.0391345024108887,1.6652464866638184
3.963184356689453,-0.8890628814697266
7.946014404296875,-0.9763122349977493
9.533226490020752,3.8634657859802246
4.935503005981445,1.5265345573425293
1.082146167755127,4.130947589874268
-1.0435104370117188,4.918956756591797
-1.2468695640563965,0.5465149879455566
-4.482245445251465,1.7911553382873535
-3.5050272941589355,5.030155181884766
-2.3154139518737793,1.5949368476867676
-5.100846290588379,3.810608386993408
-7.031118869781494,-2.104043960571289
-3.9798498153686523,-3.9076924324035645
-3.202688694000244,2.9593348503112793
-5.206656455993652,1.7541766166687012
-3.471863269805908,0.9072065353393555
-1.2131810188293457,-0.9443998336791992
-3.156113624572754,-4.517102241516113
1.8411517143249512,-1.4071226119995117
4.431509971618652,2.3299694061279297
0.03342630108818412,1.0681629180908203
3.425765037536621,1.6047120094299316
4.124593734741211,0.8090733736753464
2.4482369422912598,-3.314065933227539
2.5364041328430176,-2.086305618286133
5.027198791503906,2.0372748374938965
3.1549930572509766,-3.0266880989074707
-3.7258028984069824,0.6440997123718262
-3.8390159606933594,-1.9255280494689941
0.08784529753029346,-4.565596580505371
-2.621448040008545,-0.07001160178333521
-5.839800834655762,-2.1005988121032715
0.0947117991745472,-3.9350152015686035
1.4075279235839844,-3.292727470397949
-10.002803802490234,-4.84241247177124
-5.160534381866455,-1.8165111541748047
-1.420736312866211,0.09249449707567692
-2.960038185119629,-2.056717872619629
-5.135536193847656,-3.165876865386963
2.5165200233459473,-2.3403167724609375
-1.0482429713010788,4.861354827880859
1.2136459350585938,-0.23456810042262077
-0.965428426861763,1.742231845855713
3.1760692596435547,3.3049821853637695
4.9935102462768555,-1.2369394302368164
5.30545711517334,3.6878347396850586
6.041371822357178,1.3664841651916504
7.414364814758301,-0.5968809127807617
4.500365257263184,3.062307834625244
3.9777278900146484,0.24067159742116928
4.82027530670166,-1.7747759819030762
3.8856148719787598,-0.3753304108977318
-0.5357027053833008,-5.331671237945557
-1.807403564453125,-2.453291416168213
-2.0198822021484375,-1.1589288711547852
-3.7859082221984863,-0.9590507298707962
-6.707978248596191,-3.1954407691955566
-6.665277481079102,3.6337733268737793
-1.9280552864074707,-2.841329574584961
-8.406484127044678,-1.7005681991577148
-7.346057891845703,2.8923630714416504
-3.255486488342285,1.0948420315980911
-2.9596567153930664,-0.1085997000336647
-7.005739212036133,3.351473808288574
2.6777267456054688,-4.0738701820373535
3.7613391876220703,-2.9550552368164062
-1.0899900645017624,-1.856386661529541
4.7721028327941895,-4.294335842132568
6.941187381744385,-2.9445886611938477
-2.918708324432373,-4.426944255828857
0.7276058197021484,-6.566154956817627
7.69580602645874,-6.331050395965576
3.18758487701416,-3.864610195159912
-2.252805233001709,-8.101201057434082
8.326327800750732,-8.3251953125
-3.901684284210205,-8.35646390914917
-11.799824237823486,-13.111650943756104
-6.987297534942627,-6.894528865814209
-1.1214733123779297,-6.566488742828369
-8.029639720916748,-7.1320414543151855
-1.1548042297363281,-5.16202449798584
1.3678193092346191,-3.991377353668213
-1.8131017684936523,-3.872191905975342
-4.153764247894287,6.977736949920654
1.5885114669799805,4.450333118438721
6.308948993682861,9.157943725585938
7.343542575836182,8.992040157318115
8.427143096923828,8.072781562805176
10.513651371002197,9.243535995483398
3.840339183807373,10.827195644378662
-0.6766915321350098,10.424304008483887
2.9433608055114746,11.88884973526001
4.850220680236816,12.783646583557129
4.218447208404541,9.200072288513184
6.578028202056885,4.432380199432373
0.8750677108764648,3.314948081970215
-2.1500229835510254,2.558720111846924
-4.886412620544434,3.3294081687927246
-4.9196600914001465,1.7240047454833984
-2.9102087020874023,-1.6830682754516602
2.0270228385925293,-4.407358169555664
-1.5856742858886719,-8.068013191223145
1.6151666641235352,-8.073794841766357
0.4300237074494362,-5.727887153625488
-6.889104843139648,-5.218958854675293
-4.2769670486450195,-2.4726390838623047
1.2424468994140625,-5.312848091125488
-1.265418529510498,-2.823936939239502
5.142772197723389,-2.985084056854248
3.458380699157715,0.8170366287231445
-3.3599376678466797,5.3882598876953125
-1.0490655899047852,6.079137325286865
0.05619530100375414,8.882689476013184
-4.392874240875244,8.974862098693848
-0.08013250306248665,9.12410020828247
6.384754180908203,10.36670207977295
-1.3229608535766602,9.438073635101318
-2.6935577392578125,5.465292930603027
5.513143539428711,8.080124855041504
5.403172969818115,7.400095462799072
5.614960193634033,4.143476486206055
7.994329929351807,5.3490400314331055
7.195746898651123,-0.550532303750515
5.128908157348633,-3.180968761444092
1.6131877899169922,-2.33917236328125
3.825247287750244,-3.600013256072998
6.966948509216309,-4.417872428894043
1.7390727996826172,-3.1505346298217773
-2.508985996246338,-7.841360569000244
-1.8139243125915527,-6.300985813140869
-4.094588756561279,-7.1915388107299805
-5.885732173919678,-9.814417362213135
-3.08302640914917,-5.458879470825195
1.7618179321289062,-0.20111799240112305
-2.4085164070129395,-1.4524340629577637
-3.687429428100586,-0.22501949220895767
-6.521904468536377,1.9608855247497559
-4.2258501052856445,-2.3210883140563965
-3.696584701538086,-1.7134785652160645
-3.0199170112609863,0.29158590361475945
0.4149794951081276,-2.620387077331543
0.5978703126311302,0.8843780308961868
-4.591214656829834,-3.3030033111572266
-6.891524791717529,-4.607892036437988
-4.236078262329102,-1.650691032409668
-0.7998824119567871,-3.710007667541504
2.455568313598633,-4.192221164703369
4.074859619140625,-2.3045778274536133
3.0360937118530273,-2.8196215629577637
2.541816234588623,-0.650322362780571
-1.6484498977661133,-1.0711073875427246
-1.346755027770996,-0.7154583930969238
5.816364288330078,-2.003955841064453
8.4830641746521,-1.664888858795166
1.5313506126403809,-2.339911460876465
4.858529567718506,-0.44829849153757095
3.5050392150878906,4.062104225158691
-4.0375471115112305,2.004098892211914
-4.440915584564209,4.134035110473633
1.2600064277648926,0.8379697799682617
-1.6893386840820312,-1.4557361602783203
-4.1358232498168945,0.3205418959259987
-4.478776454925537,-3.3825039863586426
-3.247058391571045,-2.40325927734375
-6.086862087249756,-4.203033447265625
-7.097113132476807,-6.646609306335449
-2.622044086456299,-5.3380608558654785
1.257646083831787,-4.811000823974609
-3.820335865020752,-8.799397945404053
-4.526376724243164,-10.10957956314087
-2.6465535163879395,0.6117343902587891
-6.474089622497559,0.654292106628418
3.807699680328369,4.276752471923828
5.516672134399414,2.949798107147217
7.312333583831787,1.9893765449523926
8.185875415802002,5.841577053070068
4.38762903213501,9.517121315002441
-3.814077377319336,5.7773590087890625
-4.230499267578125,11.094808578491211
-0.22338630631566048,9.579074382781982
2.994251251220703,9.2515230178833
8.431565761566162,6.213510036468506
8.553075790405273,6.507301330566406
0.9086251258850098,4.806339740753174
-1.8921732902526855,3.201472759246826
-7.231342792510986,1.0623931884765625
-5.316781997680664,-2.2173285484313965
-2.6334404945373535,-0.9120702743530273
0.3246903046965599,-1.1230946332216263
3.017854690551758,-4.579639434814453
-2.1428942680358887,-7.373976707458496
-6.596040725708008,-8.883070945739746
-1.2708783149719238,-10.009205341339111
1.4345884323120117,-6.98087215423584
2.4531006813049316,-1.5468120574951172
13.139760494232178,-4.85769510269165
8.977365493774414,-4.805970191955566
-1.6799449920654297,-4.920434951782227
3.0460476875305176,-3.008747100830078
3.0014395713806152,2.8324127197265625
-7.024931907653809,1.8477201461791992
-0.16061069443821907,5.9419989585876465
3.247392177581787,7.649672031402588
-9.495580196380615,6.010091304779053
-7.628130912780762,1.6948819160461426
-3.7151694297790527,6.659150123596191
-7.587099075317383,2.7788877487182617
-7.238566875457764,3.7718892097473145
-1.2423157691955566,1.5181899070739746
-2.2119760513305664,-1.3041377067565918
-2.8725147247314453,-2.121758460998535
1.514732837677002,0.27403829619288445
-2.80916690826416,-4.04973030090332
-0.26938920840620995,2.924370765686035
5.990350246429443,-1.474618911743164
7.773780822753906,-2.1002650260925293
10.16761064529419,1.275312900543213
13.51710557937622,0.32917261123657227
8.420395851135254,1.6701102256774902
1.4001250267028809,4.390394687652588
4.3614983558654785,1.0663866996765137
5.762898921966553,1.653754711151123
2.4706125259399414,1.6282081604003906
2.4442195892333984,1.1687040328979492
1.2430787086486816,2.43985652923584
-5.176520347595215,5.0705671310424805
-8.126044273376465,1.3908624649047852
-10.17528772354126,1.1839628219604492
-8.2649827003479,3.7288784980773926
-0.5865335091948509,2.68934965133667
2.014601230621338,0.6929873675107956
2.005481719970703,-2.583301067352295
4.673588275909424,-2.8100132942199707
6.961309909820557,0.7958769798278809
-4.2826056480407715,0.8041142672300339
1.5213847160339355,3.9591073989868164
7.4904680252075195,2.6784181594848633
8.582055568695068,0.6342173367738724
4.250514507293701,-2.065730094909668
6.5973639488220215,2.433335781097412
4.702401161193848,-1.7111897468566895
-6.601667404174805,4.344546794891357
-8.003973960876465,-0.3863215073943138
-3.3690929412841797,2.5039315223693848
-0.3377437964081764,-1.4489054679870605
-2.820611000061035,-2.9932379722595215
1.5778183937072754,-2.706456184387207
1.4377474784851074,1.523137092590332
-1.7875909805297852,0.7606030255556107
-5.6499481201171875,0.7860422134399414
-0.19873380661010742,2.828395366668701
-1.4940738677978516,3.762543201446533
2.3344993591308594,0.9558677673339844
-0.4521011933684349,1.1228203773498535
0.5083560943603516,1.9690871238708496
-2.478623390197754,5.018603801727295
1.3012409210205078,6.288158893585205
-2.278590202331543,2.225816249847412
3.8655996322631836,1.0722755640745163
5.918312072753906,0.5747557058930397
-2.003359794616699,-0.7186412811279297
-2.5687575340270996,-1.5474319458007812
-0.06558899767696857,-1.984703540802002
-8.26575756072998,-4.24727201461792
-7.189440727233887,-1.3707995414733887
1.232910230755806,-4.375720024108887
5.912137031555176,-6.159067153930664
4.0264129638671875,-7.35318660736084
3.331327438354492,-6.533420085906982
0.6826996803283691,-3.590524196624756
-3.4172654151916504,-1.9026994705200195
-9.464311599731445,-1.6399145126342773
-2.055644989013672,1.1722564697265625
3.057277202606201,2.484416961669922
4.04508113861084,1.4972925186157227
2.426421642303467,1.2241364270448685
2.308177947998047,0.7711529731750488
-3.3343076705932617,4.129970073699951
-7.690989971160889,8.290362358093262
-6.235373020172119,6.508243083953857
-0.6908059120178223,4.495441913604736
2.30180025100708,2.8983712196350098
6.079351902008057,-0.8638144284486771
9.194111824035645,1.6868352890014648
5.648481845855713,1.031792163848877
-1.4526844024658203,-1.281273365020752
0.23396020755171776,0.2714396081864834
-0.039339098148047924,-2.330470085144043
2.1410346031188965,-4.615843296051025
3.3638596534729004,-3.5895347595214844
6.491029262542725,-1.9570112228393555
-3.0776143074035645,-0.011956699891015887
-3.6598801612854004,0.15078780241310596
-6.552636623382568,-2.5698423385620117
-7.053852081298828,0.8167862892150879
-6.065261363983154,3.4386038780212402
-0.7153748720884323,0.36940570920705795
-1.065528392791748,1.0474205017089844
-0.08698699995875359,-2.7682065963745117
-3.2190561294555664,-1.765286922454834
-4.521346092224121,1.974940299987793
-2.4480462074279785,-1.7410874366760254
-0.2963305078446865,-2.1338939666748047
1.1488080024719238,-4.524290561676025
3.6663174629211426,-9.048449993133545
3.9144158363342285,-3.637087345123291
1.8453240394592285,-3.225862979888916
-3.6002278327941895,-5.549526214599609
0.29277799651026726,-4.850411415100098
-1.466691493988037,-9.525716304779053
1.5766382217407227,-12.140536308288574
0.2471924014389515,-6.676793098449707
-4.979264736175537,-9.43613052368164
-8.814263343811035,-4.968917369842529
-8.752477169036865,-6.136572360992432
-13.172900676727295,-4.460275173187256
-7.99328088760376,-1.5099287033081055
2.224111557006836,1.8237709999084473
5.905592441558838,0.41786428540945053
0.1557231042534113,3.0297279357910156
4.5232415199279785,5.3580522537231445
9.079527854919434,7.121443748474121
7.290291786193848,4.105353355407715
1.5412092208862305,5.229401588439941
12.115478515625,3.4244894981384277
11.127650737762451,8.235526084899902
2.1616101264953613,6.34312629699707
2.262413501739502,5.881249904632568
12.85710334777832,8.720564842224121
-1.2565255165100098,4.7196149826049805
-2.4923324584960938,6.2075018882751465
4.703009128570557,3.7428975105285645
-0.626075267791748,3.389251232147217
-10.982012748718262,3.8983702659606934
1.5622615814208984,-0.45424699783325195
-1.0442376136779785,-1.7174124717712402
-3.8656234741210938,-3.5370588302612305
-2.95487642288208,-5.681800842285156
0.25649070739746094,-3.9330244064331055
-2.8287172317504883,-1.8244504928588867
-0.5393385887145996,-6.912422180175781
-3.3496737480163574,-5.624508857727051
-0.9905338287353516,-4.829394817352295
-0.31164880841970444,-0.30302999541163445
1.6457080841064453,-1.7228126525878906
-1.4720678329467773,-0.33690929412841797
-0.8619070053100586,2.0421862602233887
1.0366559028625488,4.510045051574707
0.3983258828520775,8.349239826202393
-6.709277629852295,6.879401206970215
-1.6062617301940918,6.799471378326416
-0.3023744001984596,8.011007308959961
-1.7388343811035156,6.83056116104126
1.539933681488037,8.076834678649902
6.305301189422607,5.9447526931762695
5.279994010925293,7.4900031089782715
6.899106502532959,7.979369163513184
7.030355930328369,2.982330322265625
7.75606632232666,2.6418566703796387
5.705320835113525,1.0075212270021439
5.14988899230957,-2.3477792739868164
3.496849536895752,-0.8287311345338821
3.569674491882324,-3.8815975189208984
-3.0620932579040527,-4.712283611297607
-2.0900368690490723,-2.2040367126464844
-2.353513240814209,-3.2616257667541504
-1.421976089477539,-6.922781467437744
-3.747236728668213,-5.120432376861572
-2.8133630752563477,-5.5713653564453125
-2.268493175506592,-1.0204672813415527
-2.8284788131713867,2.9563069343566895
-3.585946559906006,3.1641244888305664
-3.4757494926452637,-2.707946300506592
-0.9600400924682617,-1.7638206481933594
-1.5360832214355469,-1.319563388824463
1.5875697135925293,-1.9902229309082031
1.2459039688110352,-0.5287289991974831
-2.446615695953369,-4.049980640411377
-1.9591450691223145,-5.844640731811523
-6.508028507232666,-1.7808198928833008
-1.7554402351379395,-3.462827205657959
0.2786397933959961,-3.0448436737060547
-2.134430408477783,-1.9942522048950195
4.061901569366455,-4.888296127319336
0.9203671663999557,-5.469703674316406
-5.49081563949585,-0.03439190099015832
-2.364957332611084,5.652141571044922
-1.5953660011291504,7.681095600128174
-2.8516530990600586,5.13608455657959
1.2072086334228516,0.012671899748966098
6.117725372314453,2.0997047424316406
1.990365982055664,7.349658012390137
3.804910182952881,6.619513034820557
-0.47539468854665756,6.112658977508545
-5.936110019683838,0.48537250608205795
-2.354717254638672,-2.277195453643799
-3.1299948692321777,-1.94474458694458
-3.0370712280273438,-1.5918493270874023
-1.539909839630127,-5.695009231567383
0.8924245834350586,-8.98061990737915
-4.9396514892578125,-12.198936939239502
-5.825018882751465,-12.402129173278809
-7.252752780914307,-12.525725364685059
-6.950056552886963,-5.561017990112305
-12.99680471420288,-2.8481483459472656
-3.7624716758728027,-0.7804512977600098
3.618800640106201,-2.6825308799743652
1.5357375144958496,-0.8342146873474121
3.248775005340576,3.326094150543213
12.48624324798584,8.580303192138672
2.788114547729492,8.148789405822754
-4.031312465667725,10.217976570129395
5.8144450187683105,10.702407360076904
9.067237377166748,10.259318351745605
9.038341045379639,9.273219108581543
14.072561264038086,5.785608291625977
8.915340900421143,4.500031471252441
0.7782340049743652,3.0678749084472656
-4.802429676055908,2.2064685821533203
-3.9902448654174805,-3.4209251403808594
-1.74332857131958,-6.03865385055542
-0.4658817872405052,-7.524609565734863
-4.065752029418945,-5.96386194229126
-4.062056541442871,-6.410312652587891
-8.777177333831787,-4.919910430908203
-12.629544734954834,-9.197962284088135
-6.217682361602783,-6.744980812072754
0.2429007925093174,-4.795348644256592
1.6517162322998047,-2.1937966346740723
1.8424510955810547,1.0570883750915527
3.761601448059082,-2.2236227989196777
4.137551784515381,1.3270854949951172
2.6905179023742676,3.1249642372131348
2.231764793395996,2.3479580879211426
5.38487434387207,5.024564266204834
1.0210751742124557,5.946755409240723
-3.79030704498291,5.176305770874023
2.1510958671569824,6.059527397155762
2.159750461578369,4.9323320388793945
-3.9443016052246094,-0.23517610505223274
-2.0636796951293945,0.5419611930847168
-0.786888599395752,-3.800320625305176
-8.570849895477295,-6.150829792022705
-8.5249662399292,-1.4685750007629395
0.8026719093322754,-2.749300003051758
1.5887141227722168,-7.229983806610107
0.619661808013916,-4.247152805328369
6.604564189910889,-6.565916538238525
4.547524452209473,-2.0425915718078613
-1.6682982444763184,3.7327051162719727
-2.4078845977783203,6.058549880981445
5.905461311340332,2.7640819549560547
6.165015697479248,8.160662651062012
6.720948219299316,7.724392414093018
10.294318199157715,9.830641746520996
3.9926886558532715,13.283860683441162
-2.3081302642822266,10.950267314910889
-4.401838779449463,7.201361656188965
-5.1760077476501465,9.278857707977295
-1.1499643325805664,8.72586965560913
2.072465419769287,5.340898036956787
-0.7275938987731934,4.629361629486084
-2.046644687652588,-1.368880271911621
1.6744256019592285,-6.097280979156494
-3.0808568000793457,-4.218924045562744
-0.2924562059342861,-5.877280235290527
6.2105536460876465,-2.5017142295837402
4.901695251464844,-3.744184970855713
3.2267332077026367,-5.978846549987793
6.238102912902832,-4.340159893035889
4.923033714294434,-5.814158916473389
2.8221964836120605,0.7769107818603516
2.849698066711426,2.0198941230773926
4.984402656555176,4.708445072174072
-0.8139610290527344,4.472529888153076
-3.0491232872009277,5.761194229125977
-4.141783714294434,7.763731479644775
-4.059255123138428,6.809186935424805
-6.420314311981201,5.160927772521973
-5.997157096862793,5.758678913116455
-1.421654224395752,6.197106838226318
1.0898113250732422,3.81087064743042
-3.6324262619018555,1.0419250279664993
-1.6239643096923828,1.719498634338379
0.029301599133759737,-1.6309261322021484
-3.3000826835632324,-2.432715892791748
-2.128446102142334,-1.8412113189697266
2.7332663536071777,-1.8094062805175781
3.0997276306152344,-3.1916379928588867
-1.7874360084533691,-0.025331999640911818
-0.19966360181570053,-4.553830623626709
-0.7145047187805176,-1.9030213356018066
-3.290736675262451,-1.6329646110534668
-2.8531312942504883,-2.2305727005004883
-0.2535581961274147,-2.449202537536621
0.674891471862793,-4.6149373054504395
-1.6636848449707031,-3.2587528228759766
-1.961517333984375,-0.9749531745910645
0.3575443848967552,-3.051900863647461
-0.8600711822509766,-3.7461400032043457
-1.9850730895996094,-6.350922584533691
-0.6867527961730957,-6.550467014312744
4.259991645812988,-5.960869789123535
1.684403419494629,-4.793894290924072
-5.802369117736816,-2.5310516357421875
-5.674624443054199,-3.0487775802612305
-4.911541938781738,-2.176833152770996
-2.6306986808776855,-2.321934700012207
0.2908826060593128,-2.6288986206054688
7.835030555725098,1.0414361953735352
5.100345611572266,0.8782743662595749
0.43364759534597397,2.4734854698181152
-1.4616727828979492,4.47152853012085
-1.1586307734251022,1.6397356986999512
0.49326419830322266,5.741286277770996
7.099425792694092,0.22922750562429428
11.883509159088135,0.6011962890625
8.817028999328613,1.9711613655090332
1.0484576225280762,-2.341139316558838
-0.22293329238891602,0.46291351318359375
-3.2001733779907227,-0.5252600088715553
-4.690837860107422,-2.5087952613830566
1.5626072883605957,-2.4129152297973633
2.693915367126465,-2.030181884765625
-3.072071075439453,-3.041410446166992
-7.2812676429748535,-0.46682361513376236
-9.520256519317627,2.2688865661621094
-14.826047420501709,2.0344972610473633
-12.681913375854492,4.33725118637085
-5.586957931518555,2.156674861907959
-0.8646606653928757,1.1267303675413132
-3.6271095275878906,2.365434169769287
0.5018949881196022,3.0795693397521973
-0.10888580232858658,0.962066724896431
-2.4695873260498047,2.9468417167663574
-0.3602861985564232,-2.9257655143737793
9.475195407867432,-1.8103957176208496
11.439549922943115,-2.4222254753112793
10.112833976745605,-3.166472911834717
6.79851770401001,-5.345618724822998
7.037878036499023,-5.408012866973877
0.9186506271362305,-8.841466903686523
-2.9569625854492188,-8.422482013702393
0.30519960448145866,-7.3697686195373535
3.457486629486084,-8.79204273223877
-6.8650126457214355,-9.163975715637207
-9.746718406677246,-13.141119480133057
-5.927860736846924,-6.8915605545043945
-11.892485618591309,-6.256210803985596
-14.92297649383545,-2.430713176727295
-4.793238639831543,1.7222166061401367
-3.6672592163085938,-0.6202578917145729
-4.650688171386719,3.45609188079834
-0.4887818917632103,7.21365213394165
4.017782211303711,8.393442630767822
6.117117404937744,14.824604988098145
7.099771499633789,9.956705570220947
12.057113647460938,8.731961250305176
11.517679691314697,6.479454040527344
6.7970991134643555,7.55692720413208
7.186555862426758,5.871033668518066
7.384312152862549,8.614349365234375
4.5540452003479,6.966066360473633
7.2397589683532715,1.0129451751708984
5.120217800140381,2.3136258125305176
2.1734237670898438,-0.6540297716856003
-1.2665867805480957,-2.6667356491088867
-0.7253050804138184,-1.2917637825012207
-5.641591548919678,-5.066025257110596
-3.902149200439453,-6.438207626342773
-5.602455139160156,-5.397593975067139
-4.895174503326416,-6.4574480056762695
-5.266988277435303,-3.422117233276367
-3.161752223968506,-4.059171676635742
-3.6240339279174805,-4.763948917388916
-1.3134241104125977,-3.248751163482666
-2.855992317199707,-0.5718588829040527
-4.332613945007324,3.4080982208251953
-3.204953670501709,2.291858196258545
-6.9890618324279785,8.138763904571533
-1.9538283348083496,6.2833428382873535
6.558561325073242,6.904149055480957
0.9387612342834473,7.586407661437988
0.8053898811340332,6.110668182373047
4.655444622039795,5.732357501983643
1.1947870254516602,4.097294807434082
-0.5631566047668457,3.2820701599121094
10.502016544342041,1.8815040588378906
11.12377643585205,3.223538398742676
7.675600051879883,1.26723051071167
6.209754943847656,-0.8412837982177734
6.397223472595215,-2.7412056922912598
3.399527072906494,-1.4852166175842285
0.2192855067551136,-0.3309487923979759
3.4615039825439453,-1.6178131103515625
3.2352805137634277,-4.503989219665527
-2.3142218589782715,-5.171668529510498
-4.429078102111816,-4.838049411773682
-0.9856104850769043,-5.428028106689453
-4.752504825592041,-0.20275119692087173
-6.511867046356201,-2.6623129844665527
-2.6013612747192383,-3.20204496383667
-6.8851470947265625,-1.8434762954711914
-4.989516735076904,-3.0961155891418457
-2.2508859634399414,0.45224428176879883
-0.05072359926998615,-0.48238039016723633
-2.95870304107666,0.765383169054985
-0.4460811987519264,-4.075682163238525
1.0083674639463425,-4.259598255157471
-0.5697489157319069,-3.683781623840332
0.8331059664487839,-3.9487719535827637
3.73612642288208,-4.518520832061768
4.904782772064209,-6.098377704620361
-1.5866518020629883,-5.0756096839904785
-3.2332301139831543,-3.8154244422912598
-2.232491970062256,-3.3821940422058105
-1.5909671783447266,-0.6616712361574173
0.5131245031952858,-0.3958464041352272
5.988121032714844,-2.899634838104248
2.298891544342041,2.8050661087036133
0.08771420456469059,3.0709028244018555
-3.78262996673584,7.717990875244141
-6.397533416748047,7.099676132202148
-7.025814056396484,5.357217788696289
5.4931640625,3.538990020751953
2.41624116897583,6.769847869873047
0.24868249893188477,6.441390514373779
5.813848972320557,4.285800457000732
-3.889036178588867,7.046663761138916
-15.543556213378906,-0.2682805061340332
-0.6633281707763672,1.7877817153930664
6.264817714691162,-0.1954198069870472
-5.488324165344238,-11.401200294494629
0.8444786071777344,-8.84464979171753
5.146121978759766,-7.009398937225342
-5.368947982788086,-19.03231143951416
-21.47812843322754,-7.787597179412842
-7.547175884246826,-6.782567501068115
3.5051465034484863,-7.154512405395508
-2.0117998123168945,-3.0433177947998047
-0.2032041922211647,-2.588772773742676
15.33203125,1.743626594543457
2.9886841773986816,10.76667308807373
-7.454323768615723,10.627758502960205
-2.0211219787597656,10.155129432678223
6.023764610290527,13.691699504852295
2.0073890686035156,9.723985195159912
12.196934223175049,9.375321865081787
16.546154022216797,14.132905006408691
7.973909378051758,9.169209003448486
-0.0072597997495904565,5.202889442443848
-4.926657676696777,7.545626163482666
-3.7698984146118164,-0.0686646020039916
6.406164169311523,-4.232943058013916
-1.0043025016784668,-4.138815402984619
-0.7604598999023438,-10.064935684204102
2.081584930419922,-7.526814937591553
-5.426025390625,-11.156630516052246
-20.4282283782959,-13.78788948059082
-6.689810752868652,-9.00489091873169
3.849959373474121,-10.024797916412354
-1.5315890312194824,-8.566570281982422
1.4005422592163086,-7.638788223266602
11.854445934295654,-5.55415153503418
-1.3988614082336426,-1.029527187347412
-8.91963243484497,1.7567873001098633
0.17819400876760483,5.137109756469727
3.245234489440918,3.2886385917663574
2.384936809539795,5.199432373046875
5.907285213470459,4.885685443878174
6.842207908630371,2.6002049446105957
-3.7027716636657715,8.099949359893799
-11.677145957946777,5.740702152252197
-6.337523460388184,2.099883556365967
-5.42837381362915,2.752411365509033
-2.1225452423095703,-4.090380668640137
3.6934375762939453,-5.425393581390381
4.0287017822265625,-4.033517837524414
-7.0381879806518555,-3.722047805786133
-4.397368431091309,-4.26943302154541
-1.2680530548095703,-5.48701286315918
2.186572551727295,-2.754366397857666
6.649899482727051,-2.73665189743042
15.543854236602783,-0.4009842872619629
8.082997798919678,1.334214210510254
3.09370756149292,-1.7394065856933594
5.662727355957031,2.756810188293457
5.112898349761963,6.917691230773926
2.2116661071777344,9.306073188781738
5.495321750640869,12.781381607055664
3.339862823486328,8.30986499786377
-0.48553939908742905,3.6679983139038086
-6.039869785308838,8.04075002670288
-1.841592788696289,5.424654483795166
-3.48280668258667,6.412351131439209
-6.7372918128967285,3.399956226348877
-3.108835220336914,1.8744111061096191
0.22759439423680305,-4.899501800537109
0.5404353141784668,-4.362058639526367
-0.23920539766550064,-1.8407702445983887
2.8195738792419434,-4.891204833984375
3.2099008560180664,-4.202914237976074
1.1320949345827103,-6.1775922775268555
0.27785299345850945,-6.175398826599121
3.289628028869629,0.9739398956298828
3.768312931060791,1.1077404022216797
4.079556465148926,4.491949081420898
1.855623722076416,4.956269264221191
7.3738932609558105,0.4593491926789284
3.559434413909912,4.906868934631348
-3.8846611976623535,6.851756572723389
-3.4598231315612793,8.322107791900635
-2.7846813201904297,5.616903305053711
-5.132484436035156,1.8246054649353027
-1.1507868766784668,3.428494930267334
5.134117603302002,5.20782470703125
1.537775993347168,5.722284317016602
-4.811513423919678,2.057063579559326
-3.650796413421631,-3.9162158966064453
-5.9419989585876465,-4.805290699005127
-2.334296703338623,-5.267095565795898
2.3090243339538574,-2.259242534637451
1.9666194915771484,-0.41882991790771484
-2.447235584259033,-0.6771683692932129
-3.852963447570801,-4.34340238571167
-7.250487804412842,-6.463003158569336
-4.536497592926025,-2.798020839691162
3.321552276611328,-4.036283493041992
3.46299409866333,-1.746225357055664
-0.5986214056611061,-2.3816347122192383
4.437839984893799,-0.017654900439083576
0.3849625959992409,-1.157069206237793
-8.5831880569458,-0.13405079953372478
0.9809494018554688,1.7388105392456055
9.512150287628174,-1.7339706420898438
2.755093574523926,-5.412185192108154
-0.23764370009303093,-3.560197353363037
5.004739761352539,0.2307295985519886
-4.172825813293457,0.15821460634469986
-13.963937759399414,1.5888214111328125
-2.4279356002807617,-0.7424116134643555
6.53376579284668,-2.1302342414855957
-1.8788456916809082,-0.13475419953465462
1.7679214477539062,-1.128983497619629
4.621303081512451,1.110386773943901
-4.944169521331787,3.0982375144958496
-11.783528327941895,0.8051394671201706
2.2011399269104004,0.601661205291748
6.1260223388671875,1.8712878227233887
5.262637138366699,-2.099728584289551
6.696879863739014,0.3522634878754616
7.531523704528809,0.8884192258119583
-1.5316367149353027,-3.3458590507507324
-1.61513090133667,-1.2718677520751953
1.225125789642334,-2.1857500076293945
1.8192052841186523,-4.7110795974731445
3.187441825866699,-0.5461693182587624
1.3416528701782227,-3.2564640045166016
-6.188905239105225,-2.1148324012756348
-2.8258204460144043,-0.24880170822143555
-2.7512192726135254,0.23469919338822365
-6.358170509338379,1.552414894104004
-4.994261264801025,2.662801742553711
-1.6368865966796875,0.42132139205932617
-4.199409484863281,-2.325451374053955
-8.82030725479126,3.7723779678344727
-1.606738567352295,0.43774839490652084
-0.7766485214233398,1.2256503105163574
-2.548074722290039,0.896155834197998
2.7450084686279297,-3.9679408073425293
8.365631103515625,-2.809929847717285
2.6779770851135254,-2.3375749588012695
1.3930320739746094,-4.681086540222168
2.684354782104492,-3.25547456741333
4.8804402351379395,-4.396355152130127
-2.079641819000244,-6.619048118591309
0.907135009765625,-7.685637474060059
-0.984346866607666,-7.902121543884277
-1.0232806205749512,-7.847011089324951
-9.279251098632812,-8.93481969833374
-3.5481929779052734,-7.5614333152771
-0.5658864974975586,-6.895959377288818
-2.8777122497558594,-5.302727222442627
-6.737363338470459,-4.369831085205078
-2.3221492767333984,0.6875395774841309
-3.856217861175537,-1.0284423828125
-2.6604056358337402,0.651097297668457
3.6095619201660156,2.4515271186828613
9.716904163360596,8.485865592956543
9.950554370880127,8.265900611877441
8.178210258483887,8.014118671417236
0.8910893648862839,5.929017066955566
4.451453685760498,7.266819477081299
5.203115940093994,6.507217884063721
4.222047328948975,9.294676780700684
10.650193691253662,8.88441801071167
9.978675842285156,6.01046085357666
1.318967342376709,3.8617730140686035
-0.21293159574270248,1.936507225036621
-3.5530686378479004,5.571961402893066
-1.131129264831543,2.632725238800049
-1.7446637153625488,2.4074912071228027
0.03905300050973892,-2.786421775817871
-1.417100429534912,-2.2748470306396484
-0.467836894094944,-5.32231330871582
-8.37026834487915,-3.7859082221984863
-8.408963680267334,-6.413924694061279
-1.0622382164001465,-4.0712714195251465
0.3311038017272949,-7.374811172485352
-3.184366226196289,-4.238021373748779
-1.0893821716308594,-2.0958900451660156
0.1755833998322487,-2.0432472229003906
-3.9238691329956055,1.5026569366455078
-7.683718204498291,0.5540608987212181
5.703222751617432,4.01996374130249
7.396054267883301,8.57858657836914
1.7611026763916016,8.27932357788086
2.253711223602295,7.534492015838623
4.697549343109131,6.1147332191467285
-2.0198583602905273,8.901631832122803
-0.5553245916962624,10.54391860961914
7.561051845550537,8.581066131591797
12.261104583740234,11.11971139907837
8.202981948852539,2.1242380142211914
4.288196563720703,5.2855730056762695
4.252719879150391,2.212059497833252
1.6347050666809082,2.616119384765625
0.606536902487278,-1.5019655227661133
-1.4627933502197266,-3.925967216491699
7.995891571044922,-5.393588542938232
3.0052661895751953,-9.651410579681396
-6.418895721435547,-10.069036483764648
-3.3579230308532715,-6.910276412963867
-1.6567468643188477,-8.666348457336426
-6.199431419372559,-5.745840072631836
-4.765486717224121,-4.353475570678711
3.226351737976074,-6.324481964111328
1.804947853088379,2.1222710609436035
-7.1469902992248535,-1.4129877090454102
-0.08251669816672802,2.9899239540100098
-0.4244685173034668,3.151428699493408
-5.386090278625488,1.0916948318481445
-0.5352497100830078,-0.9523510932922363
2.433323860168457,3.9087772369384766
-1.356959342956543,0.4299759864807129
-4.296863079071045,-0.7635592669248581
-3.4568190574645996,0.1050471980124712
0.28836730867624283,-4.867315292358398
-0.15487669967114925,-6.070196628570557
-2.8045654296875,-2.356112003326416
0.8608698844909668,-4.358220100402832
-0.03246069885790348,-5.822324752807617
-8.86225700378418,-2.163970470428467
-1.5351057052612305,-6.955981254577637
4.532074928283691,-3.1964778900146484
2.440059185028076,-2.689671516418457
5.576419830322266,-3.1712770462036133
7.751286029815674,1.398611068725586
1.1880279332399368,5.074357986450195
-1.4115214347839355,0.19927019253373146
1.3663053512573242,5.958032608032227
-1.1039257049560547,3.451967239379883
4.686844348907471,3.695809841156006
2.7251839637756348,1.9357085227966309
1.3745903968811035,-2.6695728302001953
-1.530146598815918,-1.3823986053466797
-6.169772148132324,-4.315149784088135
-9.260475635528564,-5.131328105926514
-6.60172700881958,-7.569420337677002
-5.994510650634766,-12.225055694580078
-14.097809791564941,-8.421015739440918
-11.720752716064453,-8.424830436706543
-2.1521925926208496,-5.81287145614624
-11.161911487579346,-2.829742431640625
-4.115784168243408,-2.4584531784057617
7.15174674987793,0.41130781173706055
6.695389747619629,3.231632709503174
-1.664578914642334,2.765774726867676
7.41649866104126,9.590518474578857
6.967067718505859,10.58262586593628
8.655381202697754,12.466216087341309
11.37782335281372,9.249162673950195
14.605462551116943,9.297633171081543
7.912921905517578,8.198189735412598
3.297436237335205,10.730791091918945
-0.6091713905334473,7.8455328941345215
5.027139186859131,3.2808423042297363
0.1396656036376953,2.1018028259277344
-2.1544814109802246,2.32851505279541
-1.0741590708494186,-3.5677671432495117
-8.238756656646729,-1.1581181734800339
-14.809846878051758,-7.609391212463379
-9.76860523223877,-8.253216743469238
-5.2242279052734375,-8.432149887084961
-2.22017765045166,-10.79874038696289
0.309371892362833,-9.269320964813232
-0.40392879396677017,-10.133111476898193
0.679469108581543,-8.79521369934082
0.21634100005030632,-1.374971866607666
-3.1282782554626465,-3.212618827819824
4.306685924530029,-0.9522199630737305
5.693173408508301,0.7942557334899902
1.6588330268859863,-0.7891535758972168
5.464613437652588,6.86953067779541
6.703639030456543,7.5258612632751465
-2.478635311126709,6.600785255432129
-0.330352783203125,6.926703453063965
2.5098443031311035,4.047274589538574
-1.1320353299379349,3.7226319313049316
-3.090488910675049,2.3763537406921387
1.2407063692808151,3.950619697570801
0.8901476860046387,0.32601360231637955
-3.3336400985717773,2.707505226135254
-2.0900607109069824,0.4374384880065918
-0.36504268646240234,-3.132295608520508
0.9822607040405273,1.2924551963806152
-0.6479740142822266,-1.4321684837341309
3.24862003326416,-1.8940091133117676
4.356348514556885,2.634453773498535
1.7737746238708496,-0.44095519930124283
1.9151687622070312,2.285444736480713
5.370175838470459,3.5439014434814453
2.4922728538513184,1.012420728802681
-0.6860970705747604,2.9467344284057617
1.182091236114502,4.654049873352051
-0.5418061837553978,5.461907386779785
-1.7612814903259277,5.871820449829102
-1.5602350234985352,6.7743659019470215
1.7396211624145508,6.44913911819458
5.184721946716309,3.5195112228393555
2.878868579864502,2.337348461151123
3.4116268157958984,-0.565028190612793
7.211291790008545,-2.8580307960510254
-0.23375749588012695,0.39479728788137436
-2.467501163482666,-2.130293846130371
5.266416072845459,-1.677250862121582
3.324592113494873,-1.463472843170166
-1.0985493659973145,-1.6115427017211914
3.9613723754882812,0.8339046686887741
4.988765716552734,0.09665490128099918
-4.167306423187256,-2.1690964698791504
-3.548860549926758,-1.4659404754638672
-0.06724600214511156,2.6624202728271484
-4.983007907867432,2.5105953216552734
-4.862856864929199,3.4467697143554688
-3.9937376976013184,3.3601880073547363
-1.4383673667907715,0.6383181363344193
-1.1317014694213867,1.589798927307129
2.7314066886901855,1.546943187713623
0.3035306930541992,2.7451276779174805
1.7148733139038086,5.33987283706665
-0.936424732208252,2.8598666191101074
-3.6007165908813477,1.4312505722045898
-0.32389160245656967,0.6917238235473633
2.8600454330444336,-3.915715217590332
-0.5827188119292259,-1.8677830696105957
0.43425559997558594,1.384568214416504
5.09791374206543,-0.7425785064697266
-2.420938014984131,-0.1752972975373268
-9.470069408416748,-0.4897594079375267
-3.5733580589294434,-2.2986888885498047
0.2905130013823509,-2.628791332244873
-7.027566432952881,-4.7234296798706055
-5.884182453155518,-4.080438613891602
1.8961191177368164,-0.6546378135681152
-0.02677439944818616,-1.215958595275879
-4.180097579956055,-5.259132385253906
2.2695302963256836,-3.5599470138549805
5.9334397315979,-4.578888416290283
3.2599925994873047,-4.336512088775635
-0.5479812994599342,-5.076050758361816
2.0879745483398438,-1.7678499221801758
-0.6821631640195847,-0.17940999940037727
-2.7443528175354004,-0.5520820990204811
-2.0799636840820312,0.3804564103484154
5.852484703063965,-0.8254647254943848
1.3195157051086426,0.09343620389699936
-1.8906593322753906,3.2645583152770996
1.333320140838623,1.5337586402893066
1.6437411308288574,2.8461456298828125
-6.181192398071289,3.8039088249206543
1.2136101722717285,2.1279335021972656
6.419265270233154,5.0234198570251465
4.36244010925293,2.526557445526123
2.1159887313842773,-0.6260514259338379
5.459451675415039,-3.012561798095703
1.7264366149902344,-1.0909318923950195
0.3142714872956276,-2.295362949371338
-0.32444000244140625,1.781308650970459
1.7565727233886719,-0.8555889129638672
-0.48454999923706055,-1.9343137741088867
-4.131782054901123,-0.4696846008300781
-2.734804153442383,-1.4853239059448242
-2.4608969688415527,0.6410002708435059
-7.725250720977783,3.367948532104492
-5.275166034698486,2.521383762359619
-2.9456138610839844,-0.9821177273988724
-6.034493446350098,1.5576720237731934
-6.582319736480713,0.5526303872466087
-0.36720041185617447,1.3171195983886719
-1.8698334693908691,2.48565673828125
-2.3375749588012695,-2.6946425437927246
2.206242084503174,-3.05253267288208
0.7286190986633301,-1.407468318939209
1.918792724609375,-3.108227252960205
5.054664611816406,-2.7069687843322754
4.957425594329834,-5.285847187042236
1.6319870948791504,-6.026101112365723
7.079422473907471,-8.363604545593262
3.872978687286377,-6.883645057678223
-0.8872509002685547,-8.165323734283447
-4.080760478973389,-9.939837455749512
-6.2552809715271,-9.512889385223389
-4.308807849884033,-12.504637241363525
-5.4177165031433105,-7.93004035949707
-6.544673442840576,-5.688381195068359
-0.7348418235778809,-5.43133020401001
-4.480493068695068,-5.038237571716309
-9.98845100402832,-2.657592296600342
-4.919886589050293,0.3021598048508167
1.5586256980895996,2.7445316314697266
2.598881721496582,7.888507843017578
6.81232213973999,9.683167934417725
11.608552932739258,9.813499450683594
5.15594482421875,7.020211219787598
2.189183235168457,9.283828735351562
5.511379241943359,9.994614124298096
7.29060173034668,11.875927448272705
7.119596004486084,11.677491664886475
9.124338626861572,9.57019329071045
5.23141622543335,8.808887004852295
1.9419550895690918,6.457960605621338
-3.882312774658203,6.088268756866455
-1.0041595250368118,5.8930277824401855
0.18314119428396225,5.3157806396484375
2.0290017127990723,-1.1574625968933105
4.005753993988037,-5.561685562133789
-2.3928046226501465,-3.7116527557373047
-5.246329307556152,-6.78713321685791
-7.530319690704346,-6.319475173950195
-9.316873550415039,-6.3452839851379395
-2.2839903831481934,-8.558225631713867
2.073526382446289,-8.504807949066162
2.0509958267211914,-7.507717609405518
-1.8661141395568848,-4.6396613121032715
-5.95015287399292,1.3201355934143066
-10.029006004333496,2.1825551986694336
-5.611121654510498,2.0592331886291504
-0.16854999586939812,3.089118003845215
4.777884483337402,6.409204006195068
5.745375156402588,7.568848133087158
1.4055252075195312,6.492948532104492
-5.879688262939453,10.451710224151611
-0.21027330309152603,9.685099124908447
1.8767833709716797,10.553669929504395
5.647909641265869,14.126932621002197
15.842700004577637,8.887302875518799
18.114852905273438,7.044637203216553
7.350707054138184,2.5519728660583496
2.6671290397644043,2.2370457649230957
2.462613582611084,1.478278636932373
1.4847755432128906,3.3904314041137695
-0.5262136086821556,-3.5659074783325195
2.686333656311035,-7.382559776306152
4.049372673034668,-10.005462169647217
-3.4027695655822754,-8.868598937988281
-6.346750259399414,-10.637342929840088
-5.012381076812744,-2.8309106826782227
-4.250919818878174,-8.028829097747803
-3.162562847137451,-6.979894638061523
-2.202332019805908,-8.195638656616211
-1.7163395881652832,-3.4856677055358887
-6.075787544250488,1.3773322105407715
-3.9658665657043457,0.4184604063630104
-3.828001022338867,-1.6377449035644531
-3.058624267578125,-1.7285466194152832
3.376615047454834,-2.0626187324523926
5.550670623779297,1.6359448432922363
0.7745503634214401,-0.8144736289978027
-0.5292057991027832,-1.2777447700500488
0.2205491065979004,-2.473926544189453
-1.3710379600524902,-3.9882898330688477
1.209700107574463,-1.3881564140319824
6.289410591125488,-0.3475069999694824
4.541373252868652,-3.003573417663574
-4.7013044357299805,-0.10470150038599968
-2.276277542114258,-0.8143783360719681
-3.00753116607666,0.6699323654174805
-4.66080904006958,5.125021934509277
3.013622760772705,4.6184539794921875
8.19171667098999,4.299628734588623
1.5830278396606445,3.791475296020508
-3.268420696258545,1.6811132431030273
-5.845236778259277,3.657364845275879
-10.223543643951416,5.692243576049805
-6.4716339111328125,2.257096767425537
-0.5299090966582298,-2.476513385772705
3.3081769943237305,-3.4246206283569336
2.3578524589538574,-8.263850212097168
1.365518569946289,-7.2457075119018555
-3.048539161682129,-8.273398876190186
-11.796224117279053,-13.175857067108154
-7.712864875793457,-13.957107067108154
-3.407013416290283,-9.134459495544434
-7.846689224243164,-6.195676326751709
-0.286102294921875,-1.374351978302002
3.908407688140869,-2.279651165008545
-2.3198962211608887,0.6962299346923828
-1.2416840344667435,2.3987889289855957
10.086297988891602,4.869282245635986
5.051791667938232,9.220969676971436
0.40652748197317123,10.622584819793701
10.881376266479492,12.164890766143799
5.909717082977295,11.569929122924805
1.0729671269655228,9.872066974639893
9.025001525878906,8.377289772033691
6.106126308441162,6.521642208099365
-0.7333517074584961,4.478037357330322
-0.5788803100585938,1.9987940788269043
-0.545036792755127,-0.4542231932282448
-2.8658032417297363,-2.4024009704589844
-1.752912998199463,-6.094670295715332
-0.27724500745534897,-4.996693134307861
-4.052770137786865,-7.463657855987549
-6.636440753936768,-7.774639129638672
-7.559609413146973,-7.166910171508789
-9.310567378997803,-7.631075382232666
-3.299272060394287,-5.422794818878174
-2.421903610229492,-2.4747610092163086
1.1865615844726562,-4.468107223510742
6.004190444946289,0.3061055950820446
5.126655101776123,-1.3689279556274414
1.1564970016479492,-2.4451851844787598
-1.7336368560791016,3.6195874214172363
1.219463273882866,3.873610496520996
0.6599187850952148,3.8605690002441406
-5.5243730545043945,2.393317222595215
2.7994394302368164,4.128825664520264
6.923019886016846,1.331174373626709
-3.1605005264282227,4.478728771209717
-4.656839370727539,2.4309277534484863
5.341243743896484,0.4101872071623802
-4.575788974761963,-3.273153305053711
-5.953776836395264,-3.1988024711608887
0.9797214716672897,-0.8039712905883789
0.8069396018981934,-0.6233334913849831
-4.519391059875488,2.056610584259033
-0.47458410263061523,1.2541532516479492
4.501283168792725,-2.006995677947998
1.6783475875854492,3.1659364700317383
3.654778003692627,3.757047653198242
6.097769737243652,5.716347694396973
4.831039905548096,10.224103927612305
4.393100738525391,4.060959815979004
5.090498924255371,2.9286861419677734
1.693737506866455,6.083667278289795
-1.2404680252075195,6.618225574493408
1.7934560775756836,6.854748725891113
-1.5065431594848633,4.345965385437012
-1.5820622444152832,-0.13104679994285107
2.1135807037353516,0.9643912315368652
3.0043721199035645,1.650547981262207
-4.305315017700195,0.5930542945861816
2.8389692306518555,1.003408432006836
2.75728702545166,-4.07865047454834
1.5432357788085938,-3.149855136871338
3.9020657539367676,0.30924079939723015
4.2649030685424805,0.0331998011097312
-1.0693669319152832,0.6157637014985085
-2.3406982421875,3.546905517578125
0.8632183074951172,-2.1303415298461914
3.703629970550537,3.1328558921813965
3.4152984619140625,5.666136741638184
4.8218607902526855,5.21852970123291
0.29184820130467415,4.977107048034668
-2.9929280281066895,4.575693607330322
-6.043612957000732,6.944894790649414
-5.698883533477783,5.353260040283203
-2.339494228363037,4.276907444000244
-0.5791068077087402,2.79160737991333
0.9399651736021042,1.7112016677856445
-0.27036670595407486,2.297520637512207
-2.358996868133545,2.6039481163024902
-0.34104589372873306,2.1662235260009766
-1.202225685119629,2.597928047180176
4.222917556762695,-0.8205533027648926
2.5609493255615234,-2.849125862121582
1.4717817306518555,-1.6261816024780273
-1.7130017280578613,-0.20121339708566666
-3.82993221282959,-0.31523700803518295
-8.264124393463135,-1.9071698188781738
-5.216693878173828,-1.4681577682495117
2.0819902420043945,-0.9383677691221237
1.8080711364746094,-1.9984722137451172
-2.5020956993103027,-2.8464794158935547
-3.6658763885498047,-2.067863941192627
-8.135402202606201,-0.3452777862548828
-12.891805171966553,-2.8523802757263184
-6.935667991638184,-0.3801107034087181
2.8718113899230957,-1.187121868133545
3.107750415802002,-3.7037014961242676
3.4932613372802734,-2.9024600982666016
4.227542877197266,-4.74926233291626
-0.6528019905090332,-2.485334873199463
-4.33192253112793,-1.3598442077636719
-0.029790399130433798,-3.2582521438598633
6.212615966796875,-3.0615806579589844
6.1989665031433105,-3.7351489067077637
1.7090797424316406,-4.727685451507568
0.37555690854787827,-2.2309184074401855
-0.3983258828520775,-1.7942428588867188
-0.2546072006225586,0.12938980013132095
3.2619833946228027,-0.8432745933532715
3.3759474754333496,1.3043761253356934
4.077112674713135,-0.38034919649362564
2.853107452392578,-2.4446725845336914
-4.142820835113525,0.47189000993967056
-2.436399459838867,-2.4370431900024414
2.9573917388916016,-1.7145395278930664
0.8134245872497559,-2.601921558380127
-1.880478858947754,-3.9131760597229004
2.4439573287963867,-1.8000483512878418
-0.5858778953552246,-1.4302372932434082
-7.893991470336914,-1.5416383743286133
-4.785406589508057,-2.3686647415161133
-2.320384979248047,-2.814972400665283
-3.251492977142334,0.3967165946960449
-6.927645206451416,1.9545793533325195
-6.066584587097168,5.320215225219727
-1.8721461296081543,1.9058942794799805
-3.840792179107666,0.6027818098664284
-5.449378490447998,0.22433999925851822
4.581797122955322,3.327047824859619
2.117741107940674,2.26973295211792
0.18242599442601204,1.5694141387939453
-0.6973742693662643,0.5290151014924049
6.775569915771484,-4.219961166381836
10.517120361328125,-4.517626762390137
3.916609287261963,-4.911434650421143
5.033481121063232,-5.0101637840271
6.262993812561035,-3.9888978004455566
-4.200315475463867,-6.609559059143066
-10.753035545349121,-8.471262454986572
2.2890567779541016,-9.11637544631958
4.081523418426514,-8.832871913909912
-4.520893096923828,-7.771003246307373
-5.829596519470215,-9.212279319763184
-0.6872416287660599,-3.4433484077453613
-11.541998386383057,-5.703282356262207
-15.39921760559082,-2.117645740509033
-1.8743634223937988,-0.355684794485569
3.3551812171936035,0.054907798767089844
-4.781222343444824,0.8509278297424316
-1.483452320098877,9.955298900604248
4.622936248779297,8.59133005142212
-1.1365532875061035,13.636326789855957
2.5808095932006836,9.470343589782715
16.999530792236328,7.982516288757324
15.82634449005127,5.994045734405518
6.7159295082092285,9.424793720245361
4.9367547035217285,9.712231159210205
4.743504524230957,12.17494010925293
-2.191472053527832,10.324323177337646
-0.3003836050629616,5.893111228942871
10.184001922607422,3.581702709197998
8.294808864593506,4.835748672485352
-3.3079028129577637,0.8952022343873978
-4.184377193450928,1.0726094245910645
-6.874239444732666,0.13684029690921307
-13.13246488571167,-2.4150729179382324
-5.428874492645264,-3.732013702392578
3.5164833068847656,-7.123017311096191
3.480708599090576,-6.842994689941406
-3.53468656539917,-9.106099605560303
-4.6305060386657715,-7.558608055114746
-9.725773334503174,-3.972947597503662
-7.018184661865234,-6.712543964385986
-3.446340560913086,-5.500543117523193
4.564464092254639,-3.7906646728515625
4.963922500610352,-1.2643694877624512
1.1827825754880905,1.6783714294433594
-0.6841182708740234,3.2047390937805176
-4.787206649780273,3.4032344818115234
-2.206432819366455,7.1120381355285645
2.259647846221924,7.041454315185547
3.4085631370544434,8.375132083892822
6.228315830230713,7.546484470367432
9.995841979980469,8.12903642654419
5.90367317199707,5.495357513427734
6.1020731925964355,6.314253807067871
7.072925567626953,3.884744644165039
4.119551181793213,1.3769865036010742
3.625345230102539,1.3554811477661133
6.617617607116699,-4.081284999847412
2.0347952842712402,-3.689718246459961
-1.9436359405517578,-3.631722927093506
-3.245246410369873,-3.751802444458008
-3.4712791442871094,-4.6814799308776855
-6.801128387451172,-6.752347946166992
-3.278958797454834,-8.295536041259766
-0.9604691714048386,-6.900680065155029
-3.300166130065918,-5.2220940589904785
-3.5199761390686035,-6.5549492835998535
-2.5275111198425293,-4.472696781158447
-5.393242835998535,-2.320218086242676
-6.017172336578369,0.13873579911887646
-0.18149610608816147,3.197932243347168
1.2184619903564453,-0.23353099822998047
0.26684999465942383,-3.9742350578308105
3.4852027893066406,-1.8298029899597168
3.7378311157226562,-1.9928455352783203
1.815807819366455,-3.4038782119750977
-0.1951098069548607,0.8676291257143021
0.9853125363588333,-7.711231708526611
4.341554641723633,-4.487037658691406
3.1264543533325195,-4.163110256195068
-1.033473014831543,-3.3555984497070312
-2.0519256591796875,1.7901062965393066
-4.92854118347168,2.1031975746154785
-4.010605812072754,-0.012302399845793843
-2.154409885406494,1.4973163604736328
1.1288881301879883,4.040074348449707
3.464996814727783,3.914785385131836
1.0785698890686035,4.7415852546691895
-5.209410190582275,4.097628593444824
-1.8289446830749512,0.08964540436863899
-1.721954345703125,3.606557846069336
-3.8561224937438965,7.355904579162598
-0.2093672938644886,6.397032737731934
2.372443675994873,1.9701838493347168
-1.0567426681518555,-3.529024124145508
-3.7510037422180176,-6.808912754058838
0.5749940872192383,-2.801501750946045
2.770388126373291,-4.819071292877197
-2.570176124572754,-5.902278423309326
-2.589738368988037,-10.194706916809082
2.13090181350708,-11.66919469833374
-1.8158435821533203,-11.611628532409668
-2.939939498901367,-6.055796146392822
-6.507432460784912,1.7387747764587402
-3.223860263824463,2.6102304458618164
1.5497803688049316,4.384171962738037
-1.8670320510864258,2.7191996574401855
5.223989486694336,3.3296585083007812
7.804834842681885,10.784554481506348
-2.545320987701416,10.811221599578857
-7.381176948547363,7.246816158294678
1.8401026725769043,11.14647388458252
-0.16307830810546875,6.508910655975342
3.2204031944274902,8.325350284576416
13.417017459869385,9.59317684173584
8.674466609954834,4.765307903289795
-4.47998046875,-2.458465099334717
0.05561110097914934,-2.067708969116211
-0.8618593215942383,-4.630589485168457
1.992201805114746,-3.1482696533203125
4.395580291748047,-2.0607352256774902
3.2065987586975098,-6.874799728393555
-4.485642910003662,-8.272814750671387
-8.209919929504395,-4.12672758102417
-9.294795989990234,-10.601484775543213
-2.3935794830322266,-3.1932950019836426
1.6475200653076172,-3.7474870681762695
10.215818881988525,-4.235994815826416
3.858649730682373,0.1990317925810814
-2.4999380111694336,-1.005995273590088
-6.192576885223389,-1.8951058387756348
-8.160865306854248,3.2304763793945312
-4.334557056427002,3.008401393890381
3.5027027130126953,2.80531644821167
4.456877708435059,5.100822448730469
-3.4236788749694824,1.1354327201843262
-8.519482612609863,3.651094436645508
-8.374989032745361,1.2519121170043945
-11.564064025878906,0.9704113006591797
-0.38737058639526367,-1.7654061317443848
8.978009223937988,-0.21501779556274414
4.645335674285889,-3.476417064666748
3.835880756378174,-2.365732192993164
-1.4856219291687012,-1.8771886825561523
-6.395840644836426,-3.1698226928710938
0.2823352999985218,0.687706470489502
5.947685241699219,1.8564701080322266
10.285627841949463,0.44298168271780014
12.829303741455078,3.760087490081787
6.913626194000244,3.0330538749694824
6.717121601104736,3.063201904296875
5.904030799865723,3.576946258544922
4.428958892822266,2.7230024337768555
5.044794082641602,3.5817742347717285
3.7210583686828613,3.677809238433838
-1.5677809715270996,3.4062981605529785
-6.740868091583252,0.30826330184936523
-6.100404262542725,0.4967927932739258
-8.447206020355225,0.15819070860743523
-5.59769868850708,0.9495853632688522
-2.235567569732666,0.9004712104797363
-2.2431373596191406,-0.8635283261537552
0.34923549741506577,-4.663383960723877
-2.4828672409057617,-1.5777826309204102
1.7585039138793945,-2.9300451278686523
3.031766414642334,-2.9691576957702637
1.024949625134468,2.833712100982666
4.456007480621338,-0.177383404225111
9.449410438537598,1.7914891242980957
4.925382137298584,4.853963851928711
5.672717094421387,4.358565807342529
9.58951711654663,6.596493721008301
3.975379467010498,8.193755149841309
0.6876468658447266,4.847478866577148
-0.11543040163815022,5.878019332885742
-1.193702220916748,4.184842109680176
-4.760408401489258,4.06339168548584
-1.7371296882629395,2.724015712738037
-2.6088356971740723,2.404654026031494
-3.1633853912353516,-2.2761940956115723
-3.3667564392089844,-1.5581965446472168
-6.797385215759277,-1.2845993041992188
-4.965949058532715,-3.4967660903930664
-1.9814610481262207,-1.3373613357543945
-2.471315860748291,-2.671825885772705
-0.5189299955964088,-0.3541111946105957
1.6947388648986816,-0.08727310225367546
1.2603402137756348,-1.1280536651611328
-3.8808465003967285,-0.23813249543309212
-0.7411003112792969,1.6448259353637695
1.792311668395996,0.09758469648659229
2.5936365127563477,2.930009365081787
2.446568012237549,-2.687561511993408
5.1590800285339355,0.5178331956267357
-0.16700029373168945,-0.33358339220285416
-2.334451675415039,-0.7012010365724564
-6.049215793609619,0.4463076964020729
-2.363145351409912,-0.5257486924529076
-0.8804917335510254,-0.998377799987793
1.7117023468017578,-1.4858126640319824
3.189539909362793,-3.1925559043884277
2.0639896392822266,-3.543996810913086
-4.64780330657959,-3.0952095985412598
-6.757175922393799,-1.681077480316162
-4.332637786865234,1.6533493995666504
-0.13349059969186783,-1.5758514404296875
-0.2689957991242409,-1.806497573852539
4.851818084716797,-1.196134090423584
2.179598808288574,0.4750609025359154
-3.8149476051330566,-0.6009935960173607
-4.90717887878418,-0.04124640021473169
-2.7901291847229004,-0.5560516938567162
-1.7547845840454102,0.9951590746641159
-0.2732514962553978,2.1146655082702637
6.856226921081543,0.48823360353708267
5.650484561920166,-1.9188761711120605
3.2268404960632324,-1.7251253128051758
3.5137057304382324,-4.584550857543945
2.904355525970459,-5.021178722381592
-0.7490158081054688,-1.2047290802001953
0.7814764976501465,-9.226393699645996
0.5745172873139381,-1.5676498413085938
0.3579378128051758,-3.1469106674194336
2.0645976066589355,-4.09778356552124
0.5515336990356445,-0.0008225000055972487
0.5898118019104004,0.25398729369044304
-3.6393165588378906,-2.417612075805664
-5.482649803161621,5.953407287597656
-4.452407360076904,-1.7985224723815918
-3.8106918334960938,0.2674699015915394
-5.676090717315674,1.5937328338623047
-4.7017693519592285,3.9072155952453613
1.1575937271118164,0.7148026674985886
-3.638339042663574,2.089202404022217
-3.4636616706848145,-3.3531904220581055
2.486896514892578,-2.909517288208008
2.7402520179748535,-1.473402976989746
1.307821273803711,-4.88734245300293
3.2341361045837402,-6.153929233551025
-0.16896719112992287,-3.7053346633911133
-2.700650691986084,-8.208394050598145
-2.1825313568115234,-5.799543857574463
2.75270938873291,-8.731985092163086
-1.0475636273622513,-11.082279682159424
-1.625370979309082,-10.564064979553223
0.4559636116027832,-6.634247303009033
-1.3610363006591797,-7.996857166290283
-5.434691905975342,-3.984200954437256
-0.33167600631713867,-5.5449724197387695
-2.8419017791748047,-2.2950291633605957
-0.038683400489389896,0.3412961959838867
-1.9363045692443848,4.394769668579102
1.4835357666015625,5.489075183868408
3.9585471153259277,8.108842372894287
7.47607946395874,8.168458938598633
7.194781303405762,11.17171049118042
7.644867897033691,9.100449085235596
2.3552536964416504,8.41740369796753
1.4050841331481934,9.47887897491455
3.6507129669189453,11.435461044311523
5.91970682144165,10.212957859039307
2.698826789855957,8.335578441619873
4.696059226989746,5.074977874755859
2.3639440536499023,2.692723274230957
-7.069635391235352,4.80046272277832
-3.854513168334961,4.315555095672607
-2.553105354309082,3.123939037322998
-2.8139352798461914,-2.3006081581115723
-0.47042369842529297,-5.213773250579834
0.8562803268432617,-5.153965950012207
1.852583885192871,-4.936051368713379
-1.0733366012573242,-5.3128838539123535
-4.19694185256958,-6.788778305053711
-3.6723971366882324,-5.960249900817871
-0.7357358932495117,-7.173097133636475
0.37528280168771744,-6.561481952667236
-0.9360908716917038,-3.370523452758789
1.6521573066711426,-0.21247860044240952
2.026093006134033,1.0759233683347702
0.9408711642026901,0.36350488662719727
-2.389979362487793,4.9457550048828125
4.862856864929199,6.6330790519714355
5.460083484649658,8.324050903320312
-1.3314485549926758,9.306681156158447
-4.063582420349121,6.485199928283691
2.73667573928833,9.938573837280273
-2.521049976348877,11.31817102432251
0.7421374320983887,9.715771675109863
8.288121223449707,11.567914485931396
11.452043056488037,3.5218119621276855
2.4099111557006836,-1.5235066413879395
1.1784076690673828,-0.41266679763793945
6.365513801574707,-3.2028675079345703
0.24911170825362206,-2.9014229774475098
-4.427313804626465,-4.426765441894531
5.670881271362305,-6.610679626464844
7.132840156555176,-8.745980262756348
0.9358882904052734,-8.883607387542725
-0.5148768052458763,-12.062275409698486
0.5512595176696777,-6.233644485473633
-2.574777603149414,-2.621138095855713
-6.5453410148620605,-6.380581855773926
-4.840874671936035,0.9582042694091797
3.9675235748291016,-0.1392125990241766
0.6962894648313522,-1.1575937271118164
-7.077836990356445,2.140367031097412
-4.56308126449585,0.46285390853881836
-3.5105228424072266,0.9444355964660645
-11.142539978027344,1.2883901596069336
-8.286035060882568,0.7952690124511719
4.351317882537842,-0.7277131080627441
0.8985757827758789,-1.567375659942627
-2.631199359893799,-5.95327615737915
4.659938812255859,-6.706416606903076
2.3862719535827637,-6.490647792816162
-7.610583305358887,-4.103374481201172
-3.6878347396850586,-4.531800746917725
1.5763640403747559,0.21429060027003288
2.602386474609375,-1.714003086090088
4.395174980163574,-2.034580707550049
10.453951358795166,-2.662968635559082
4.8903584480285645,0.9352564811706543
3.485703468322754,3.1431078910827637
-2.205836772918701,4.903829097747803
-1.7260313034057617,3.23944091796875
3.4990787506103516,3.1869053840637207
0.9761810302734375,0.5042076110839844
-1.1066555976867676,3.7567615509033203
1.714646816253662,6.47813081741333
-8.911716938018799,0.7520198822021484
-9.089016914367676,1.1282563209533691
-4.772639274597168,-2.026200294494629
-3.740978240966797,-6.6921234130859375
0.07171629928052425,-3.8555145263671875
6.573784351348877,-10.321688652038574
-1.7800569534301758,-8.140242099761963
-2.0488858222961426,-10.17988920211792
-2.526843547821045,-10.868048667907715
-2.2951602935791016,-10.972940921783447
-2.908957004547119,-3.080594539642334
-1.0273457318544388,1.603102684020996
3.866708278656006,1.1649370193481445
2.5158166885375977,2.6149511337280273
-4.900944232940674,2.794969081878662
-0.7046818733215332,4.945540428161621
1.5521883964538574,11.57999038696289
-2.380502223968506,9.930837154388428
-3.622770309448242,7.526719570159912
5.026710033416748,9.605515003204346
1.9937992095947266,6.931471824645996
0.5991340056061745,7.498562335968018
7.487905025482178,6.642496585845947
7.529008388519287,0.3101230040192604
-0.06681680213660002,-0.07623429875820875
-0.1749991998076439,1.1554359644651413
2.3323655128479004,-0.36194320768117905
4.636406898498535,-2.085995674133301
-4.482293128967285,-5.4192423820495605
0.6236910820007324,-4.677939414978027
5.314755439758301,-7.225918769836426
-4.183769226074219,-6.148850917816162
-9.523963928222656,-5.995368957519531
3.97951602935791,-4.6149492263793945
5.265605449676514,-2.5937557220458984
-2.1526694297790527,-7.166802883148193
-0.5274057015776634,-3.5541176795959473
5.872046947479248,-0.19183160737156868
1.291513442993164,-1.9957184791564941
-7.050025463104248,2.5693297386169434
1.7455697059631348,1.428234577178955
3.009617328643799,2.8904318809509277
-7.19754695892334,4.668176174163818
-11.192357540130615,6.96711540222168
1.0433077812194824,6.96336030960083
-2.9706597328186035,5.555987358093262
-6.699204444885254,3.1537652015686035
4.153203964233398,2.730870246887207
9.146416187286377,2.3323774337768555
-0.2104043960571289,-0.7310271263122559
-3.371107578277588,-0.38291219621896744
-2.6588916778564453,3.242170810699463
-0.8368133753538132,1.6232490539550781
-4.745030403137207,1.069939136505127
2.2043704986572266,2.007937431335449
11.573576927185059,-0.2936005964875221
12.61378526687622,0.7941008359193802
2.4014830589294434,1.7507076263427734
6.1475396156311035,-0.7095217704772949
4.02982234954834,0.8958101272583008
-0.7928252220153809,1.2659192085266113
1.0130524635314941,-0.4688382148742676
8.448648452758789,4.2044878005981445
2.140688896179199,1.2143731117248535
-3.520846366882324,2.177143096923828
-2.689051628112793,2.2365570068359375
-4.983556270599365,2.500033378601074
-6.649124622344971,2.263057231903076
-4.842162132263184,3.703892230987549
-1.3248085975646973,4.6273112297058105
1.1425495147705078,3.456580638885498
1.0876774787902832,0.0715136993676424
2.0911216735839844,0.5193113908171654
2.520155906677246,-0.37834640592336655
3.753805160522461,0.9925364702939987
4.983317852020264,3.6757826805114746
4.308044910430908,1.8517374992370605
8.111429214477539,-1.0861753672361374
8.472049236297607,-0.9772062301635742
1.1367558687925339,-1.101088523864746
0.6956934928894043,-0.15699859708547592
0.6950973719358444,-0.23183820769190788
-2.5913476943969727,-2.071261405944824
-5.8487772941589355,-1.4896869659423828
-1.1297345161437988,-0.19767280668020248
0.2471924014389515,-1.0676146298646927
-5.775010585784912,-1.983022689819336
-7.992196083068848,0.43162111192941666
-2.192866802215576,-4.339599609375
-2.9217958450317383,-0.7396697998046875
-6.956839561462402,0.556635893881321
2.0296096801757812,1.3603687286376953
4.4190287590026855,5.18801212310791
-0.4780412092804909,0.7505655288696289
-2.674984931945801,-0.1677989959716797
-0.12524129822850227,3.0881285667419434
0.4212499037384987,1.3181567192077637
3.035438060760498,-0.14283659867942333
3.456854820251465,-0.07334949914366007
7.694876194000244,0.6399750709533691
5.980563163757324,-0.8218883723020554
-2.622091770172119,-0.7555366307497025
-5.738842487335205,-3.435039520263672
-0.1009226031601429,-3.7116169929504395
-4.2533278465271,-6.542718410491943
-3.12880277633667,-4.08707857131958
1.9804120063781738,-3.121042251586914
2.071237564086914,1.4724254608154297
-6.752145290374756,-1.9219636917114258
-6.67794942855835,-0.39424899965524673
-3.3424854278564453,-1.328575611114502
-1.1131882667541504,-2.6410937309265137
0.0706196017563343,-4.010748863220215
3.519928455352783,0.08814330212771893
4.814040660858154,2.0513534545898438
-0.8021832257509232,4.44791316986084
-4.110372066497803,3.435516357421875
-0.3057836927473545,3.6845803260803223
0.6450414657592773,2.525937557220459
2.138197422027588,1.497352123260498
6.166350841522217,0.9361624717712402
7.031798362731934,2.91212797164917
3.096306324005127,4.517877101898193
3.605484962463379,0.9728670120239258
1.3442039489746094,1.5224218368530273
0.07514949887990952,2.428281307220459
0.6304025650024414,-1.4144539833068848
2.6902198791503906,-3.181302547454834
-0.23213619366288185,-4.6722412109375
-2.4682164192199707,-4.268062114715576
-2.8728723526000977,1.1280416697263718
-2.339935302734375,4.6544671058654785
-8.0666184425354,1.646101474761963
0.6319283694028854,-1.7297029495239258
-0.40645599365234375,-2.0792245864868164
-5.072307586669922,-3.3400774002075195
-2.5704503059387207,3.132176399230957
-2.612626552581787,2.7255654335021973
-9.05005931854248,2.514004707336426
-7.763218879699707,2.1389126777648926
-0.5128264054656029,0.7516741752624512
2.1134495735168457,0.5590676888823509
0.9014129638671875,-0.7230281829833984
5.0966620445251465,-1.4818549156188965
5.583631992340088,-4.692399501800537
-3.123795986175537,-4.324650764465332
-6.059503555297852,-4.843151569366455
-0.06748440209776163,-5.960392951965332
0.06490950006991625,-5.9708476066589355
1.4927268028259277,-8.930253982543945
7.6195597648620605,-13.599085807800293
4.50441837310791,-16.032826900482178
-6.522047519683838,-14.669466018676758
-6.079411506652832,-8.472084999084473
-5.879306793212891,-7.3947906494140625
-9.835684299468994,-5.503213405609131
-1.9532084465026855,-7.5504302978515625
5.28184175491333,-6.888926029205322
2.327299118041992,-1.370227336883545
1.0949016362428665,-0.33059120178222656
2.0389676094055176,4.94614839553833
-1.6800165176391602,8.464992046356201
-0.4132390022277832,9.034514427185059
5.397474765777588,10.254430770874023
9.51700210571289,10.452747344970703
8.569300174713135,10.14946699142456
7.6897382736206055,11.27481460571289
1.9083738327026367,9.775364398956299
-0.05120039917528629,13.57647180557251
1.0550618171691895,9.344851970672607
-0.4133940115571022,8.268117904663086
2.7303099632263184,4.499411582946777
4.548609256744385,2.017080783843994
-0.644993782043457,0.682520866394043
-1.3508319854736328,-2.411365509033203
-2.188539505004883,-1.8117427825927734
-1.8327593803405762,-4.522991180419922
-0.816798210144043,-9.589767456054688
1.1644840240478516,-8.012425899505615
-2.180635929107666,-10.69258451461792
0.6650924682617188,-6.96638822555542
-3.3582687377929688,-7.3703765869140625
-4.720520973205566,-6.062960624694824
-3.044402599334717,-4.1136980056762695
4.242908954620361,-4.871892929077148
3.041958808898926,-0.8160948753356934
0.5790114030241966,0.8898258209228516
2.630150318145752,2.6491761207580566
-2.5231122970581055,8.395934104919434
-7.020604610443115,6.379961967468262
-4.3732404708862305,10.685789585113525
4.633677005767822,10.796511173248291
0.5413055047392845,9.725570678710938
4.998290538787842,13.571751117706299
3.7918806076049805,8.459055423736572
0.15852449461817741,10.810685157775879
4.763197898864746,9.722352027893066
5.204319953918457,7.186830043792725
7.509970664978027,2.9447197914123535
9.214091300964355,4.489648342132568
3.9516329765319824,-2.1255016326904297
1.4579534530639648,-1.3533234596252441
0.9227991104125977,-2.4778246879577637
0.8291245251893997,-4.751944541931152
-0.011277199955657125,-6.508004665374756
0.14098879881203175,-6.649231910705566
1.221454069018364,-13.36207389831543
0.6261230260133743,-8.219194412231445
-5.4236531257629395,-5.889630317687988
-1.9913196563720703,-2.643895149230957
-1.0725616663694382,0.3893375024199486
-6.806504726409912,-0.8654236793518066
-5.933523178100586,-2.8925061225891113
0.19435880705714226,-1.3725519180297852
-2.983534336090088,0.22933479398488998
-3.87876033782959,1.1426330357789993
-1.9576072692871094,5.045866966247559
-4.61733341217041,-0.05224939901381731
-5.637943744659424,0.21538730710744858
-5.127584934234619,0.5948543921113014
-0.7262945175170898,1.0994554311037064
1.6501307487487793,0.3707408905029297
-0.698244571685791,-0.18864870071411133
1.3720154762268066,-0.3276824951171875
3.2396912574768066,1.9182443618774414
1.4673352241516113,-2.337062358856201
-2.823460102081299,0.4862546920776367
3.55604887008667,1.6848087310791016
4.9796223640441895,1.641237735748291
1.4634132385253906,-2.4982690811157227
4.816758632659912,-1.4433026313781738
6.940245628356934,0.5090713873505592
1.6321182250976562,4.547214508056641
-0.7482647895812988,1.3225674629211426
-6.073999404907227,-3.232705593109131
-3.8379549980163574,-5.819392204284668
-6.645822525024414,-4.052984714508057
-4.290652275085449,-3.339850902557373
0.33528801053762436,-2.6590347290039062
-5.576229095458984,-7.960236072540283
-6.884753704071045,-5.064034461975098
-4.338979721069336,-5.459141731262207
-7.091569900512695,-6.584537029266357
-10.998833179473877,-6.235098838806152
-1.1331676691770554,-6.010603904724121
-2.8823137283325195,1.5933513641357422
-5.793619155883789,0.9247660636901855
5.98369836807251,3.570401668548584
4.685044288635254,2.3845314979553223
1.5614867210388184,2.1843433380126953
4.780149459838867,8.18336009979248
9.176170825958252,6.568634510040283
-0.9161114692687988,6.93897008895874
3.3445000648498535,5.6850433349609375
7.0034027099609375,7.4106574058532715
7.1707963943481445,6.358897686004639
4.296278953552246,3.055143356323242
2.6471376419067383,2.8680920600891113
-1.1050701141357422,-1.1107683181762695
-0.7542133331298828,0.7316113263368607
-4.482877254486084,-1.320815086364746
-0.10716919787228107,-2.9930472373962402
2.0829200744628906,-3.829646110534668
-1.6157865524291992,-2.8540849685668945
-4.253816604614258,-5.731618404388428
-3.5211682319641113,-5.914521217346191
-6.250810623168945,-6.455576419830322
-5.782830715179443,-5.262541770935059
-0.35189390182495117,-0.8712887763977051
4.783213138580322,0.7404447346925735
4.5166015625,-4.555010795593262
5.166113376617432,-2.201557159423828
4.660022258758545,-0.09127859957516193
0.7325053215026855,3.317892551422119
-0.9165524691343307,5.581259727478027
-1.4059901237487793,4.069244861602783
-2.105545997619629,2.378523349761963
1.215958595275879,4.084181785583496
0.6489037722349167,2.441704273223877
-4.786574840545654,0.6722807884216309
-3.3368349075317383,1.5955209732055664
-5.736351013183594,-0.032842198852449656
-4.457104206085205,-1.8134355545043945
-1.9565105438232422,-1.386106014251709
2.2895216941833496,-3.5721182823181152
3.576838970184326,-1.080620288848877
2.312648296356201,-0.5206466093659401
-2.3943543434143066,-3.003692626953125
-1.334679126739502,2.7382850646972656
1.9617199897766113,1.1764883995056152
3.1707167625427246,3.371119499206543
7.807457447052002,5.425894260406494
7.830321788787842,4.9434661865234375
6.617927551269531,6.170916557312012
1.4383196830749512,7.679951190948486
1.6753673553466797,9.519100189208984
0.7922173291444778,7.862138748168945
0.0586867006495595,6.570303440093994
-2.7812957763671875,4.964721202850342
3.706693649291992,5.661618709564209
-1.2931585311889648,2.3900508880615234
-2.8033971786499023,2.397596836090088
-0.7559537887573242,-2.0490407943725586
-0.8655548095703125,-1.0250567644834518
-2.103292942047119,-2.8854012489318848
3.0626416206359863,-1.6655206680297852
2.946329116821289,-2.8792500495910645
5.174911022186279,-3.414034843444824
5.007338523864746,-5.116915702819824
4.0374040603637695,-2.712869644165039
-0.08710619993507862,-1.0366559028625488
3.708314895629883,0.03986360039561987
1.5941143035888672,1.7863869667053223
1.687014102935791,1.9852399826049805
-0.4218577966094017,1.8076181411743164
3.653240203857422,0.5751729011535645
-4.069340229034424,5.023074150085449
-8.129441738128662,2.1562814712524414
-6.84579610824585,6.945407390594482
-3.8840532302856445,4.518735408782959
-6.927096843719482,2.8963327407836914
-2.251553535461426,4.357445240020752
1.6439080238342285,2.343118190765381
0.2673983946442604,0.01653430052101612
-4.1440606117248535,1.2654781341552734
-2.808976173400879,1.010441780090332
1.712048053741455,3.1817078590393066
2.566850185394287,1.125931665301323
-0.343167781829834,-1.674056053161621
7.664287090301514,0.9136558324098587
5.062341690063477,-0.2483367919921875
-7.056164741516113,0.692451000213623
-2.449214458465576,-0.613105297088623
5.502951145172119,-2.1354079246520996
-1.628410816192627,-3.1017184257507324
-2.8525948524475098,-2.874135971069336
7.825803756713867,-2.2144317626953125
-1.344287395477295,-6.473410129547119
-11.934161186218262,-4.195511341094971
-1.8035650253295898,-6.361091136932373
-2.0517826080322266,-6.902217864990234
-1.4835476875305176,-6.823670864105225
-0.5712747946381569,-1.6626715660095215
6.476771831512451,-4.136443138122559
-1.1843562126159668,-4.622399806976318
-8.920300006866455,-4.237544536590576
-8.707869052886963,-2.8447985649108887
0.7610678672790527,2.6894569396972656
-2.0551323890686035,3.460550308227539
-0.4721403121948242,1.5443921089172363
6.963765621185303,2.6468753814697266
6.33389949798584,6.980407238006592
-3.2184600830078125,4.8078179359436035
2.920866012573242,5.185282230377197
3.512585163116455,2.3918867111206055
-0.6290674209594727,-2.4608492851257324
5.624580383300781,-0.010979200014844537
7.585883140563965,2.5806427001953125
4.105424880981445,-2.4327874183654785
3.5722851753234863,-0.5284785851836205
5.670595169067383,-6.171047687530518
4.058313369750977,-8.54562520980835
0.054609798826277256,-2.5495290756225586
-4.84011173248291,-3.4113645553588867
-2.695775032043457,-1.5302658081054688
-6.220710277557373,2.5687217712402344
-7.561647891998291,-3.5040736198425293
-4.578578472137451,-4.378998279571533
-4.946327209472656,2.250528335571289
-7.006561756134033,2.966737747192383
-3.601503372192383,6.1728715896606445
-8.210253715515137,4.535317420959473
-7.5087785720825195,0.29535289853811264
-3.77274751663208,0.1278757955878973
1.266932487487793,5.610215663909912
-1.075434684753418,2.6687026023864746
7.039880752563477,-0.8450508117675781
1.6672015190124512,-2.797091007232666
-0.20066499710083008,-8.910179138183594
1.5165925025939941,-2.132558822631836
7.899570465087891,-3.526639938354492
1.9393444061279297,-6.574046611785889
6.3391804695129395,-7.4958086013793945
8.209490776062012,-10.345244407653809
1.1091232299804688,-10.314130783081055
-4.276108741760254,-7.132446765899658
-4.219508171081543,-8.970463275909424
-10.721540451049805,-6.8334221839904785
-9.190154075622559,-5.784404277801514
-6.694960594177246,-5.3817033767700195
-4.560637474060059,-2.855074405670166
-9.653890132904053,2.084827423095703
-5.89216947555542,5.352890491485596
-5.4293036460876465,8.042681217193604
-4.879343509674072,9.896576404571533
1.1377453804016113,9.859001636505127
11.308181285858154,11.625182628631592
10.265862941741943,13.49024772644043
8.24812650680542,10.860371589660645
6.347239017486572,9.854733943939209
-0.43494701385498047,9.749090671539307
3.399956226348877,8.44804048538208
8.291065692901611,10.588836669921875
12.336981296539307,6.449985504150391
9.994566440582275,4.292559623718262
8.437180519104004,3.124523162841797
-0.9111523628234863,0.9079933166503906
-6.511175632476807,-0.6331443786621094
-5.191326141357422,-0.8037567138671875
-4.211485385894775,-4.870617389678955
-4.091000556945801,-4.326522350311279
5.196857452392578,-5.177545547485352
0.8594632148742676,-7.655394077301025
-3.7431836128234863,-8.507740497589111
-4.89802360534668,-7.456719875335693
-2.5496721267700195,-5.56262731552124
-4.257047176361084,-5.336165428161621
-3.647911548614502,-2.818906307220459
-0.8187413215637207,0.2988695912063122
0.6946802139282227,-1.1690617352724075
-6.1969757080078125,3.0420422554016113
-4.662954807281494,1.889944076538086
-0.7310628890991211,4.732370376586914
0.5959272012114525,5.546402931213379
-3.24249267578125,6.697297096252441
2.8436899185180664,5.609786510467529
3.7192583084106445,9.214460849761963
-1.3112068176269531,3.065049648284912
2.8223156929016113,3.455936908721924
11.062407493591309,1.799321174621582
7.349848747253418,1.648092269897461
5.955183506011963,1.238846778869629
4.979860782623291,-0.08831020444631577
6.8283796310424805,-2.5608181953430176
1.649308204650879,-2.4272799491882324
4.372596740722656,-2.008330821990967
9.013152122497559,-4.2304277420043945
4.167377948760986,-4.075384140014648
-2.5356054306030273,-4.10841703414917
-0.9297847747802734,-8.367061614990234
-2.0816922187805176,-6.112360954284668
-8.793497085571289,-4.368007183074951
-5.436599254608154,-4.897630214691162
-3.282332420349121,-2.3850321769714355
-2.9358744621276855,-4.751288890838623
-7.013154029846191,-5.565094947814941
-0.04088880028575659,-1.4436841011047363
-1.8750309944152832,-0.5591630935668945
-4.529404640197754,1.6342639923095703
-5.152642726898193,-3.054189682006836
-0.23136140778660774,-6.4607977867126465
2.28041410446167,-7.534217834472656
-1.0368943214416504,-4.397869110107422
2.1031975746154785,-1.2905359268188477
4.014074802398682,0.4939556121826172
-3.2140135765075684,-1.5940308570861816
-3.4637093544006348,-1.563870906829834
3.163433074951172,-1.0024428367614746
1.815032958984375,4.080438613891602
-0.9476304054260254,6.815862655639648
0.02553459955379367,7.853174209594727
1.4794230461120605,6.967282295227051
-3.9762020111083984,3.1303763389587402
-2.640664577484131,3.7157177925109863
1.9265055656433105,8.762633800506592
1.5465974807739258,9.016144275665283
-1.0017752647399902,6.439781188964844
-0.6309866905212402,1.454484462738037
-1.8803596496582031,2.889418601989746
-5.896186828613281,2.612781524658203
-6.589865684509277,-1.4154911041259766
-2.475130558013916,-3.7255167961120605
-1.9781947135925293,-9.5350980758667
-6.286871433258057,-8.221375942230225
0.880885124206543,-8.941149711608887
1.5798330307006836,-8.419585227966309
-4.532742500305176,-9.061765670776367
-1.8265128135681152,-10.716104507446289
3.9368748664855957,-8.570396900177002
1.756882667541504,-11.520123481750488
-0.2194404974579811,-2.011263370513916
-1.6095995903015137,1.5584230422973633
2.7106642723083496,3.8480162620544434
0.4898548126220703,6.5580010414123535
1.948082447052002,5.624377727508545
4.9436211585998535,4.584002494812012
3.578650951385498,13.113713264465332
-0.7397531718015671,7.421541213989258
-3.5985350608825684,11.505413055419922
-0.12173649854958057,9.016931056976318
0.7860541343688965,9.619665145874023
5.894029140472412,8.424723148345947
7.851552963256836,5.7564377784729
0.9787321090698242,1.1019706726074219
-3.9074182510375977,-5.735218524932861
-4.338169097900391,-0.5040645971894264
-6.238293647766113,-3.385484218597412
1.7668962478637695,-4.05954122543335
3.7177085876464844,-4.467380046844482
3.6264657974243164,-11.052191257476807
1.0761260986328125,-10.637879371643066
0.9618759155273438,-8.689987659454346
-4.13670539855957,-8.8126540184021
0.8794903755187988,-3.656637668609619
1.381683349609375,-3.8323163986206055
7.618677616119385,-3.8170933723449707
4.9916863441467285,-0.7599592208862305
4.166817665100098,-1.387321949005127
-1.4570236206054688,2.473723888397217
-2.566957473754883,5.115509033203125
-6.540381908416748,4.94990348815918
-3.903484344482422,5.284464359283447
-1.9097566604614258,4.875588417053223
-3.2636046409606934,3.0217528343200684
-3.112661838531494,3.8797974586486816
-2.4921298027038574,2.5341391563415527
-9.629380702972412,3.0651330947875977
-5.711066722869873,-0.986325666308403
0.44658180326223373,-2.0934224128723145
-2.850615978240967,-1.81807279586792
1.983344554901123,-4.385733604431152
5.987954139709473,-1.7955780029296875
0.4869223013520241,-3.9980292320251465
-0.02653599949553609,-0.7891178131103516
5.13991117477417,0.8439301699399948
6.673407554626465,-0.17496349290013313
6.6840410232543945,-0.5684018135070801
8.794069290161133,5.459380149841309
10.417115688323975,4.442965984344482
5.725491046905518,5.191183090209961
1.0664225369691849,4.671597480773926
4.185974597930908,4.140770435333252
0.7013320922851562,3.5754919052124023
-3.934800624847412,5.410861968994141
-3.103303909301758,4.031932353973389
-0.2959847077727318,0.8843421936035156
-6.035947799682617,1.3731718063354492
-7.318639755249023,-1.550912857055664
-1.3812780380249023,-1.909482479095459
-2.2131800651550293,-0.29021499678492546
-1.8524169921875,-4.3454766273498535
-0.9258627891540527,-4.309570789337158
1.893782615661621,-2.0949363708496094
3.8054943084716797,-3.014242649078369
3.0741214752197266,-0.2783060073852539
4.848575592041016,-0.7958651334047318
9.874498844146729,-2.1180033683776855
6.705367565155029,0.19946100190281868
-1.6997814178466797,5.6656718254089355
0.8571028709411621,7.471776008605957
4.704558849334717,7.681107521057129
-2.4719715118408203,5.310177803039551
1.3319730758666992,1.0011792182922363
5.571699142456055,4.691076278686523
-5.480706691741943,4.994678497314453
-8.114612102508545,3.9731621742248535
-4.3091535568237305,2.0243048667907715
-7.584095001220703,-0.22233720868825912
-4.290914535522461,-1.1284471303224564
2.7249693870544434,0.6178141012787819
1.5790104866027832,-1.489424705505371
-3.4642577171325684,-1.9844293594360352
-2.917957305908203,-3.3829808235168457
-5.287933349609375,-2.742910385131836
-4.010295867919922,-1.6812562942504883
-0.3493667021393776,3.0153632164001465
3.947746753692627,0.2228856086730957
4.030239582061768,-0.7027267664670944
2.5043487548828125,-2.305912971496582
0.23436550050973892,-3.617417812347412
-4.001438617706299,-1.5590429306030273
-2.668118476867676,3.2213568687438965
0.9753823280334473,0.6432890892028809
-0.03851650049909949,-5.663704872131348
1.9232749938964844,-4.2110443115234375
4.236471652984619,-3.747272491455078
2.2269129753112793,-4.221439361572266
-1.73872709274292,2.3797154426574707
-2.7863144874572754,-4.67144250869751
-1.2224792689085007,-5.813932418823242
-4.23046350479126,2.351808547973633
-2.156078815460205,-1.915132999420166
-0.2771973982453346,2.915489673614502
-2.9601335525512695,2.029275894165039
-4.753601551055908,-2.40018367767334
1.0599852353334427,0.8805512636899948
2.5193095207214355,2.994847297668457
1.4880657196044922,3.4220218658447266
0.08900170214474201,4.019272327423096
-0.008201600285246968,3.278219699859619
-2.9116034507751465,0.44640298932790756
1.9878387451171875,0.9397745132446289
5.669534206390381,0.19496679306030273
7.547998428344727,-1.1589407920837402
5.858707427978516,-0.9672045707702637
3.126692771911621,-2.603733539581299
-3.424084186553955,-4.568290710449219
-4.996657371520996,-3.700888156890869
-2.9582858085632324,-4.664969444274902
3.024458885192871,-1.9925117492675781
0.15397069975733757,-1.2880921363830566
0.3327608108520508,-2.5744080543518066
-4.072773456573486,-0.9775639325380325
-6.004738807678223,0.28949979692697525
-10.421395301818848,0.6023525819182396
-1.0110855102539062,4.362165927886963
-0.23201700299978256,-0.8825182914733887
-1.5150666236877441,2.319645881652832
-0.3323554992675781,1.4468073844909668
-1.3631701469421387,3.7332892417907715
-6.313800811767578,2.640402317047119
0.06226299796253443,0.9149075299501419
4.520583152770996,-1.7780780792236328
6.808459758758545,-2.6722311973571777
4.599285125732422,-2.910292148590088
1.9173860549926758,1.0449647903442383
-1.9946694374084473,-5.842912197113037
-4.74625825881958,-1.9379258155822754
0.45050378888845444,-8.784902095794678
2.491748332977295,-9.915506839752197
0.5412102118134499,-8.95768404006958
-0.16593929380178452,-11.06874942779541
-11.236321926116943,-9.774863719940186
-12.482035160064697,-4.38457727432251
-5.059373378753662,-8.86847972869873
-4.162383079528809,-9.016060829162598
-1.2672066688537598,-1.7146706581115723
7.895302772521973,-2.553248405456543
3.3814430236816406,0.41790008544921875
-7.554996013641357,4.567110538482666
-4.100990295410156,5.391895771026611
8.500313758850098,7.117116451263428
8.381843566894531,9.692168235778809
9.289383888244629,8.777225017547607
16.611409187316895,6.305062770843506
4.257476329803467,8.346259593963623
-5.211544036865234,6.978631019592285
0.38493871688842773,7.680034637451172
6.562447547912598,10.27982234954834
6.620490550994873,3.9266228675842285
6.21335506439209,1.219785213470459
3.71551513671875,-0.7737159729003906
-3.6867141723632812,0.7818459719419479
-8.207893371582031,1.1835814267396927
-6.602752208709717,-3.0899524688720703
-0.4501223936676979,-1.537775993347168
6.653344631195068,-6.747066974639893
2.960360050201416,-8.529126644134521
-3.888225555419922,-5.018222332000732
-3.7615537643432617,-5.236911773681641
-6.23239278793335,-2.115309238433838
-8.638560771942139,-3.5247206687927246
2.5510072708129883,-6.100821495056152
9.889614582061768,-0.14610289596021175
4.164636135101318,1.5669941902160645
-2.2174715995788574,2.9808402061462402
-4.9867987632751465,6.143450736999512
-7.511961460113525,3.554809093475342
-4.457855224609375,5.198299884796143
2.2184252738952637,8.521032333374023
7.609724998474121,10.773181915283203
6.6600799560546875,8.158862590789795
-2.7460813522338867,7.33870267868042
-4.082584381103516,2.8664112091064453
4.434311389923096,4.079234600067139
5.784857273101807,3.662228584289551
9.132838249206543,4.426395893096924
13.124573230743408,2.528262138366699
10.480082035064697,1.392686367034912
-2.9300570487976074,-2.469170093536377
0.2718924917280674,-1.384425163269043
0.6132363900542259,-0.6618499755859375
2.1492362022399902,-3.8065671920776367
1.9304990768432617,-1.0294436663389206
4.053080081939697,-6.521952152252197
1.8380284309387207,-6.1591267585754395
-2.7747631072998047,-5.29247522354126
-9.038269519805908,-4.386532306671143
-4.925274848937988,-2.9633164405822754
-2.28043794631958,-3.780066967010498
-5.146205425262451,-4.264426231384277
3.040444850921631,1.3540983200073242
4.164862632751465,2.2724509239196777
-2.9651999473571777,0.491488017141819
-5.177783966064453,0.41401389986276627
-4.187190532684326,-0.8005856722593307
-4.756271839141846,-1.8756985664367676
-1.6343116760253906,0.5184412002563477
3.4363508224487305,-2.077019214630127
1.3450384140014648,-2.1826624870300293
-0.29071569442749023,-3.409457206726074
-1.1623144149780273,-7.045555114746094
-3.5602807998657227,-4.609978199005127
-2.231264114379883,-1.4362692832946777
2.148449420928955,-5.321669578552246
2.4474382400512695,-6.565749645233154
-0.8716464042663574,-5.7111382484436035
4.202365875244141,-3.501605987548828
2.3515701293945312,-1.041710376739502
-2.7158260345458984,1.9522547721862793
-1.6355276107788086,0.16819240525364876
3.249502182006836,1.1729001998901367
0.2837657928466797,1.2750864028930664
2.6702404022216797,3.310084342956543
6.335711479187012,5.945336818695068
2.1344900131225586,3.8712024688720703
-2.9534339904785156,3.6290407180786133
-1.4520049095153809,2.442145347595215
-3.808009624481201,1.439368724822998
-1.3811588287353516,0.8693814277648926
-3.755307197570801,-5.503940582275391
-5.895674228668213,-7.189500331878662
-3.2162904739379883,-11.257803440093994
-6.475341320037842,-13.905179500579834
-17.837095260620117,-5.18186092376709
-8.676767349243164,-3.7125110626220703
3.7729382514953613,-2.2816896438598633
-8.436954021453857,-4.294121265411377
-0.4548550024628639,-6.259095668792725
11.753416061401367,-0.886380672454834
2.98917293548584,4.699575901031494
-4.539918899536133,7.375121116638184
3.988826274871826,13.660848140716553
7.2599053382873535,11.469888687133789
7.881450653076172,9.019815921783447
13.409149646759033,6.16912841796875
13.597381114959717,10.711681842803955
8.44510793685913,10.049796104431152
1.506364345550537,11.284136772155762
-7.800018787384033,5.9844255447387695
2.486121654510498,4.580426216125488
1.6752004623413086,1.0547757148742676
-4.35183048248291,0.09962320327758789
-3.6606669425964355,-0.8846879005432129
0.398409403860569,-2.4684548377990723
-14.24638032913208,-8.989179134368896
-14.406180381774902,-10.209739208221436
-3.621947765350342,-11.043930053710938
-0.017702600453048944,-10.689592361450195
-2.350342273712158,-7.646489143371582
5.488109588623047,-7.891595363616943
10.681307315826416,-9.798204898834229
1.9749999046325684,-5.594384670257568
-4.012894630432129,-3.0952811241149902
-0.03921989817172289,2.7635574340820312
1.8474578857421875,6.024646759033203
-0.9187579154968262,4.042208194732666
3.681933879852295,3.0316591262817383
7.755517959594727,6.558942794799805
1.4099359512329102,8.018338680267334
-5.147182941436768,7.0726752281188965
-3.876495361328125,5.704772472381592
-6.744801998138428,2.5745630264282227
-5.242276191711426,0.3693104162812233
1.0921478271484375,0.02627369947731495
3.056323528289795,-3.844785690307617
2.378213405609131,-5.348920822143555
4.458177089691162,-4.125845432281494
2.0142555236816406,-7.3934197425842285
-0.8464335650205612,-3.31956148147583
2.274775505065918,-5.599987506866455
3.345048427581787,-3.857111930847168
3.893280029296875,-2.9150843620300293
5.82655668258667,-0.6835699081420898
6.689929962158203,0.3350377082824707
1.0495424270629883,5.414462089538574
-0.9594321250915527,6.138265132904053
0.4208565130829811,4.468584060668945
-2.432239055633545,4.36253547668457
-5.266416072845459,7.449924945831299
-0.24442670866847038,6.482112407684326
-0.6950855255126953,9.364891052246094
-5.229485034942627,6.918668746948242
-2.0230531692504883,2.751302719116211
0.8569002151489258,2.882993221282959
2.928006649017334,1.9303083419799805
7.574176788330078,-1.3609647750854492
6.5078020095825195,0.2781390957534313
2.8693318367004395,-1.2322068214416504
2.4822235107421875,-4.224562644958496
3.9077281951904297,-1.104271411895752
0.596773587167263,0.2940654940903187
5.091464519500732,-3.0759453773498535
4.925537109375,1.348268985748291
4.207360744476318,-2.3615360260009766
-3.454113006591797,0.23763179779052734
-2.0240187644958496,1.9533514976501465
-6.608235836029053,0.288701094686985
-8.007359504699707,4.011964797973633
-6.868124008178711,0.8597493171691895
1.252293586730957,4.831206798553467
2.8408050537109375,2.64817476272583
0.5058050155639648,2.542877197265625
-0.6559371948242188,4.906058311462402
0.5597829818725586,2.2890329360961914
-4.632914066314697,5.330479145050049
-2.4774909019470215,2.2714853286743164
4.553663730621338,2.0734071731567383
4.615378379821777,2.586483955383301
-0.19820930436253548,3.990304470062256
0.05457399878650904,6.460094451904297
-2.099609375,1.2888312339782715
-6.353902816772461,0.7886528968811035
-1.9134044647216797,-1.3627886772155762
0.11919739656150341,-1.74943208694458
-0.4620552062988281,-0.6215215101838112
-0.4927873983979225,-0.8154869079589844
-2.674126625061035,-4.420673847198486
-6.437587738037109,-2.2951722145080566
-0.7243751734495163,-5.137014389038086
2.8989553451538086,-8.582460880279541
-0.18202070146799088,-7.436203956604004
7.575440406799316,-5.852198600769043
5.287384986877441,-7.071995735168457
-3.9230823516845703,-3.3463597297668457
-4.391896724700928,-2.066218852996826
-4.188978672027588,-2.278006076812744
-1.2155413627624512,-0.44804811477661133
-1.3967156410217285,1.1129497736692429
6.311345100402832,-2.1178722381591797
1.7113327980041504,2.2933363914489746
1.2460827827453613,2.7025341987609863
-1.4723777770996094,1.8195390701293945
-3.0051708221435547,3.4066081047058105
-8.518433570861816,2.501559257507324
3.7220001220703125,1.437830924987793
4.939830303192139,1.530623435974121
4.608798027038574,-1.7502427101135254
8.61518383026123,-4.0430426597595215
10.715103149414062,-3.4012436866760254
-0.2785206027328968,-1.8510103225708008
2.119565010070801,1.2937545776367188
-2.156519889831543,1.135087013244629
-1.3055086135864258,-2.4010181427001953
0.41892528533935547,-4.823899269104004
0.45046810060739517,-1.4093756675720215
1.1063098907470703,1.5875816345214844
2.039158344268799,2.490246295928955
-11.7409348487854,5.796623229980469
-11.624407768249512,2.3331403732299805
-6.278276443481445,2.946460247039795
-6.568765640258789,1.266920566558838
-9.235942363739014,4.4782280921936035
2.7190446853637695,3.9841651916503906
-0.9011387825012207,4.116570949554443
-7.165110111236572,-4.022419452667236
-5.203413963317871,-1.8550872802734375
3.4639596939086914,-3.059852123260498
2.4285316467285156,-3.3324599266052246
3.818821907043457,-8.11995267868042
9.19579267501831,-7.744395732879639
8.284974098205566,-10.708439350128174
0.8464217185974121,-10.311853885650635
2.7834057807922363,-9.487521648406982
2.4913668632507324,-6.199336051940918
0.28766389936208725,-11.053061485290527
-4.220259189605713,-12.218666076660156
-1.9780158996582031,-10.60856580734253
-1.665949821472168,-8.729469776153564
-7.190132141113281,-1.8646717071533203
-7.663488388061523,-1.8605470657348633
-2.6555299758911133,-1.4159083366394043
-6.326472759246826,4.1779398918151855
-2.9636621475219727,2.665424346923828
-0.5081773176789284,5.314540863037109
5.192446708679199,12.959229946136475
3.2831788063049316,10.6950044631958
5.311977863311768,11.400282382965088
8.429348468780518,8.46245288848877
4.502677917480469,7.803130149841309
5.672788619995117,8.060932159423828
6.44298791885376,11.082255840301514
4.4640421867370605,10.35376787185669
6.432712078094482,7.382535934448242
1.6259193420410156,3.715670108795166
1.192927435040474,-0.9784697741270065
1.6792893409729004,2.272319793701172
0.020337100140750408,2.8551578521728516
-2.7970433235168457,1.3151168823242188
2.211463451385498,-3.468966484069824
-1.068127229809761,-7.969844341278076
-2.740955352783203,-8.942115306854248
-1.3623237609863281,-6.564688682556152
-1.2678980827331543,-3.2286763191223145
-4.880392551422119,-4.085171222686768
-1.5987396240234375,-3.527092933654785
-2.007889747619629,-6.103169918060303
-4.858863353729248,-1.5621066093444824
0.0062584999250248075,0.04327300004661083
-0.8703827857971191,1.8017768859863281
-2.941262722015381,5.3078293800354
-0.028419499285519123,2.7994871139526367
1.5626907348632812,6.187188625335693
-0.7223129272460938,6.680643558502197
-1.1415362358093262,6.510365009307861
3.2527923583984375,6.686735153198242
0.08031129837036133,4.552483558654785
0.033724301028996706,7.147574424743652
5.817079544067383,7.125341892242432
5.486345291137695,7.130622863769531
8.882200717926025,5.390357971191406
11.658930778503418,0.90699203312397
8.106732368469238,0.8246541023254395
5.547618865966797,3.439033031463623
5.659306049346924,-0.3087520971894264
3.4952878952026367,-0.3165245056152344
3.844606876373291,-4.9929022789001465
3.1162619590759277,-6.9146037101745605
0.8628367632627487,-5.428206920623779
-2.0153045654296875,-1.972508430480957
-6.267571449279785,-4.284524917602539
-8.76927375793457,-4.190456867218018
-8.545386791229248,-3.585052490234375
-6.627345085144043,-6.024014949798584
-5.506157875061035,-1.194143295288086
-1.9234180450439453,2.892482280731201
-4.7312140464782715,0.3289579972624779
-4.717147350311279,1.7706751823425293
-4.177594184875488,-0.04932879935950041
-3.63997220993042,-1.854705810546875
-1.9293427467346191,2.936875820159912
2.268397808074951,-1.962900161743164
4.404640197753906,-4.875457286834717
1.348733901977539,-4.330575466156006
-1.205742433667183,-5.417954921722412
4.493272304534912,-5.4404616355896
1.3199329376220703,-3.9633870124816895
-0.09509329684078693,-6.749200820922852
6.36899471282959,-9.433972835540771
3.1914114952087402,-6.482410430908203
-2.265143394470215,0.30690429732203484
1.2894153594970703,0.15755889937281609
1.0785698890686035,4.592382907867432
-3.0217409133911133,1.694178581237793
-0.19111629575490952,0.19136669114232063
2.7207255363464355,5.705142021179199
-0.8379220962524414,3.582143783569336
0.7943273335695267,5.330836772918701
-6.571626663208008,3.461921215057373
-7.209587097167969,3.8185715675354004
-0.3187059983611107,1.0097622871398926
-6.560814380645752,-0.5620718002319336
-3.420257568359375,0.9434462338685989
5.2794694900512695,-4.236781597137451
-1.8918514251708984,-8.788049221038818
-10.100531578063965,-8.398604393005371
-3.2188892364501953,-16.085541248321533
-3.7302613258361816,-8.075153827667236
-11.954939365386963,-4.1767120361328125
-6.420040130615234,-5.914521217346191
8.584845066070557,-1.713395118713379
-2.820742130279541,-1.470184326171875
-0.011086500016972423,-0.8265376091003418
8.871734142303467,5.017459392547607
4.59219217300415,7.677960395812988
-6.937825679779053,8.915901184082031
6.574571132659912,9.174072742462158
7.105827331542969,12.078142166137695
9.321939945220947,9.52211618423462
13.854944705963135,10.955071449279785
8.986783027648926,7.478666305541992
0.6615520268678665,2.411770820617676
-2.0894408226013184,5.2413225173950195
-8.528482913970947,2.2606372833251953
-1.2980461120605469,3.3664822578430176
3.018355369567871,1.466965675354004
0.20439619198441505,-5.399608612060547
-3.6775946617126465,-5.44891357421875
-0.9300827980041504,-8.145904541015625
-11.03200912475586,-7.45614767074585
-11.590993404388428,-4.491138458251953
-3.456413745880127,-4.538202285766602
1.8248319625854492,-4.1586995124816895
0.8839250355958939,-7.703125476837158
3.753674030303955,-6.34760856628418
6.122767925262451,-2.017819881439209
1.60597562789917,2.3267030715942383
-2.555108070373535,1.4169931411743164
3.5439372062683105,1.9675493240356445
9.157788753509521,-1.279604434967041
1.1777638643980026,-0.6478309631347656
4.520440101623535,4.442894458770752
0.8464335650205612,7.011163234710693
-6.797850131988525,4.6060919761657715
-11.119997501373291,1.9076347351074219
-4.1110992431640625,0.19969940185546875
1.0254383087158203,-1.0791779309511185
0.5423903092741966,-0.6397008895874023
-2.0994067192077637,-0.22221799939870834
-2.804279327392578,-2.0778775215148926
-7.747793197631836,-1.310575008392334
-7.300460338592529,-0.6608129292726517
-1.0249972343444824,-2.2447943687438965
10.206842422485352,2.2658586502075195
8.230936527252197,1.3319849967956543
8.040380477905273,0.3413200005888939
5.098617076873779,-0.11545419692993164
0.6501674652099609,1.6436576843261719
0.4439711943268776,6.126070022583008
5.241501331329346,7.098817825317383
5.775928497314453,7.504475116729736
8.829593658447266,1.6248464584350586
1.4021873474121094,0.9272456169128418
-1.4193415641784668,5.9648871421813965
-2.3208141326904297,6.469285488128662
-1.482689380645752,7.45546817779541
-3.8631200790405273,5.018961429595947
2.0439624786376953,-2.869868278503418
6.360006332397461,1.5003561973571777
4.819083213806152,0.08186100050806999
0.5269170179963112,1.5369176864624023
-1.5152215957641602,1.7569899559020996
-0.6099342927336693,0.3215312957763672
0.5449891090393066,-1.4879226684570312
0.5664348974823952,1.2337207794189453
2.6035428047180176,1.5841245651245117
3.4357666969299316,0.9052752703428268
0.725400373339653,2.981555461883545
-2.4759292602539062,-0.41000839322805405
-1.3330459594726562,0.3210783004760742
-1.5285372734069824,6.248152256011963
-4.255950450897217,1.1569976806640625
-4.05040979385376,5.11246919631958
-0.25281909853219986,2.1414995193481445
-2.32999324798584,-0.11413100175559521
0.9777665138244629,4.290556907653809
2.49253511428833,5.810832977294922
0.5056500062346458,5.001580715179443
-2.754485607147217,5.684173107147217
0.6251335144042969,1.5201449394226074
0.977778434753418,0.8001089096069336
3.1122684478759766,2.2286057472229004
2.266871929168701,3.8109421730041504
1.0350704193115234,4.315280914306641
-2.9829025268554688,3.2219290733337402
-8.031785488128662,-2.221989631652832
-2.4544358253479004,-3.232848644256592
-3.0919790267944336,-0.724041536450386
-3.106236457824707,-4.64245080947876
-4.839134216308594,-2.865481376647949
-0.8249043673276901,-3.962588310241699
-6.921899318695068,-6.8628668785095215
-2.601003646850586,-6.894707679748535
1.5615463256835938,-5.47182559967041
0.6025553122162819,-8.302295207977295
0.9296298027038574,-6.343865394592285
5.369555950164795,-9.353780746459961
2.3650050163269043,-8.630907535552979
-1.9272327423095703,-4.783964157104492
-4.371082782745361,-2.0549416542053223
-0.09639260359108448,0.6550431251525879
-1.7974615097045898,1.1478065699338913
4.27093505859375,-3.5328149795532227
5.618894100189209,0.2179861068725586
4.2432427406311035,4.811835289001465
-4.527020454406738,7.543504238128662
-3.5840272903442383,5.085587501525879
-5.982649326324463,2.8792738914489746
-1.7235517501831055,2.0740389823913574
4.19076681137085,3.5602807998657227
8.350014686584473,4.643452167510986
6.790065765380859,2.4100422859191895
1.3235807418823242,-2.7497410774230957
-2.4068236351013184,-5.4503560066223145
-2.0936965942382812,-1.4344215393066406
-1.335465908050537,-0.8674979209899902
-0.34807920455932617,-1.6599297523498535
0.3496408089995384,-1.653456687927246
1.7902255058288574,-6.542015075683594
-3.0400753021240234,-4.932594299316406
-3.7659645080566406,0.06569620221853256
-4.430174827575684,2.39260196685791
-5.475878715515137,2.633798122406006
-3.5108089447021484,3.6211490631103516
-2.0995020866394043,-2.518761157989502
-0.9333252906799316,3.8078784942626953
-1.699066162109375,3.951752185821533
-1.085209771990776,7.6602935791015625
-2.9091596603393555,1.2199878692626953
-2.164316177368164,-0.0702620018273592
-1.0388731956481934,-5.788826942443848
6.175649166107178,-0.12335780076682568
8.290016651153564,-1.8864631652832031
4.669034481048584,-4.3175578117370605
2.1837472915649414,-8.642911911010742
4.307675361633301,-10.925805568695068
-4.507791996002197,-9.062135219573975
-7.171785831451416,-5.70826530456543
1.6898632049560547,-8.181607723236084
-1.869797706604004,-9.027528762817383
-12.684500217437744,-14.925885200500488
-1.928699016571045,-8.748054504394531
-2.1635055541992188,-3.873586654663086
-14.049983024597168,0.4627346992492676
-8.373916149139404,2.525174617767334
0.016760800499469042,0.3452777862548828
-5.807065963745117,0.39145950227975845
1.8590569496154785,4.471731185913086
9.317457675933838,8.089399337768555
7.994258403778076,11.658596992492676
2.7748703956604004,13.177299499511719
5.600273609161377,10.05929708480835
7.696962356567383,8.331239223480225
9.370887279510498,7.594025135040283
11.882376670837402,6.357574462890625
11.07492446899414,9.851789474487305
6.643795967102051,10.533750057220459
1.9878268241882324,3.8629531860351562
-2.7307510375976562,3.569626808166504
-0.7097005844116211,1.298213005065918
2.2962570190429688,-0.6422638893127441
0.9710907936096191,0.4552603140473366
0.47551389783620834,-4.200613498687744
-2.04925537109375,-5.415487289428711
-8.099699020385742,-5.427062511444092
-7.925176620483398,-9.54679250717163
-7.051694393157959,-5.046558380126953
-1.591038703918457,-7.512450218200684
1.0938405990600586,-7.35628604888916
-1.69907808303833,-4.281651973724365
-2.542591094970703,-4.014325141906738
-7.998359203338623,-3.854846954345703
-8.890342712402344,2.6500582695007324
-5.9295654296875,7.293272018432617
4.567444324493408,6.350123882293701
7.594931125640869,9.772789478302002
2.3109793663024902,8.843481540679932
-0.7960916310548782,9.601759910583496
-4.025363922119141,14.508450031280518
-7.478201389312744,10.287582874298096
-0.01337529974989593,7.784140110015869
9.453535079956055,5.344080924987793
14.915740489959717,2.4240970611572266
12.228500843048096,1.981961727142334
8.643162250518799,2.5449752807617188
0.44308900833129883,-1.4131546020507812
-0.5146026983857155,-0.30356649309396744
6.51324987411499,-4.1207194328308105
6.497645378112793,-7.751178741455078
7.1834564208984375,-6.103146076202393
4.370427131652832,-8.034586906433105
-5.534076690673828,-8.378851413726807
-7.243144512176514,-6.911313533782959
-7.199394702911377,-7.184040546417236
-4.611265659332275,-6.369280815124512
-1.0139107704162598,-4.749107360839844
-2.5818586349487305,-3.373086452484131
-1.4287948608398438,-1.5492916107177734
-7.069253921508789,-0.3738998994231224
-8.12990665435791,1.26417875289917
-3.778386116027832,1.1863350868225098
-1.8523573875427246,1.3315200805664062
1.334702968597412,-3.287482261657715
5.128598213195801,-2.768981456756592
1.951920986175537,-2.0362138748168945
-0.22740360349416733,-2.597630023956299
-1.0843396186828613,-4.502558708190918
1.3789057731628418,-6.50259256362915
-4.456841945648193,-4.286658763885498
2.2506117820739746,-4.009914398193359
4.538357257843018,-1.1216402053833008
-1.2141942977905273,-2.609682083129883
-1.8684625625610352,-0.8946537971496582
1.7050385475158691,-2.401459217071533
-5.040609836578369,2.8556466102600098
-3.371095657348633,2.69925594329834
0.4699587821960449,8.71269702911377
0.04833939950913191,7.838022708892822
-4.756426811218262,7.2368621826171875
2.101922035217285,5.380439758300781
3.320908546447754,7.282841205596924
-2.521336078643799,5.927467346191406
-1.2825965881347656,6.0326337814331055
2.2348999977111816,-0.14706850051879883
-2.989780902862549,-5.223274230957031
-5.666196346282959,-7.317698001861572
-2.3250579833984375,-3.406393527984619
0.8272171020507812,-6.2308430671691895
-5.037713050842285,-9.996247291564941
-6.747031211853027,-16.025948524475098
-7.353353500366211,-10.578382015228271
-8.697211742401123,-6.912374496459961
-2.7881264686584473,-3.1586408615112305
-3.456604480743408,-4.724216461181641
3.448915481567383,-1.8300294876098633
6.029379367828369,1.2652039527893066
5.649209022521973,5.112779140472412
-0.9652494639158249,7.211482524871826
3.8546085357666016,9.656679630279541
11.335396766662598,13.251292705535889
8.601570129394531,10.011696815490723
11.800408363342285,10.240304470062256
16.34455919265747,10.86655855178833
-0.3491998091340065,5.727386474609375
-5.358695983886719,9.749984741210938
-1.5822410583496094,4.408454895019531
3.0752062797546387,-1.217484474182129
-1.409149169921875,-2.0994067192077637
0.44263601303100586,-4.210412502288818
-2.2590994834899902,-7.52333402633667
-8.671951293945312,-7.525181770324707
-14.532268047332764,-10.701155662536621
-10.978090763092041,-10.2081298828125
-0.46101808547973633,-9.622681140899658
1.9706487655639648,-8.506226539611816
0.21805759519338608,-12.627601623535156
0.8050323277711868,-4.783749580383301
-1.3840317726135254,-3.34470272064209
-2.092587947845459,0.7648705691099167
-1.9425153732299805,4.582560062408447
3.11509370803833,0.297701396048069
9.865903854370117,4.9605488777160645
4.927515983581543,5.506324768066406
0.36590099334716797,7.148528099060059
5.828869342803955,8.936023712158203
-0.22029880434274673,6.916463375091553
-7.6329827308654785,3.7627458572387695
-2.8963565826416016,4.524016380310059
1.7474055290222168,-2.769935131072998
-4.409551620483398,-2.9143929481506348
-3.443789482116699,-1.7481446266174316
1.0027288645505905,-5.278003215789795
-2.6410460472106934,-1.1756539344787598
-4.191887378692627,-5.138492584228516
-0.496518611907959,-6.761813163757324
5.3275346755981445,-4.195964336395264
8.036673069000244,-2.3084163665771484
3.616917133331299,2.5767087936401367
4.3807148933410645,2.622199058532715
5.404150485992432,5.8510541915893555
4.044973850250244,4.1182756423950195
3.314065933227539,5.525970458984375
3.134477138519287,13.043057918548584
4.4952392578125,8.013486862182617
-3.151881694793701,11.932384967803955
-9.2337965965271,8.382296562194824
-1.7365694046020508,6.721937656402588
-2.4378538131713867,7.3012590408325195
-2.858281135559082,3.4118175506591797
2.229583263397217,3.053557872772217
2.8009414672851562,-2.588832378387451
-3.1281232833862305,-6.3904643058776855
-0.6801009178161621,-4.505860805511475
2.545487880706787,-4.959774017333984
3.9447426795959473,-2.55354642868042
6.901967525482178,-6.485080718994141
5.45496940612793,-8.70581865310669
1.937544345855713,-1.0343074798583984
0.7965207099914551,-2.428925037384033
0.9716988354921341,3.4837722778320312
2.4607300758361816,6.1919450759887695
4.542481899261475,1.161348819732666
2.6001572608947754,4.115498065948486
-3.368818759918213,4.804575443267822
-9.587228298187256,7.679462432861328
-6.2630414962768555,9.891986846923828
-7.127642631530762,7.8395843505859375
-4.584324359893799,3.657543659210205
3.6062002182006836,1.6098260879516602
5.326509475708008,2.8559446334838867
-0.6431698799133301,0.48460960388183594
-3.7755966186523438,1.1833906173706055
-2.463531494140625,0.3286242112517357
-3.041243553161621,-5.420255661010742
1.2812614440917969,-2.7346014976501465
5.07962703704834,-5.714261531829834
3.8091301918029785,-5.005645751953125
2.4091243743896484,-1.7856717109680176
-4.64855432510376,-5.718624591827393
-7.882070541381836,-3.7747979164123535
-2.368903160095215,-0.3075956925749779
-1.1145473271608353,-2.596890926361084
-2.478456497192383,-3.411722183227539
1.4490365982055664,-2.639591693878174
2.021670341491699,-4.402291774749756
-4.3074846267700195,-4.357302188873291
-6.693875789642334,-0.27816299349069595
0.6121039018034935,1.6222000122070312
5.206584930419922,-1.5468835830688477
0.1800178922712803,0.5629181861877441
3.908050060272217,-1.5192031860351562
5.874156951904297,-1.46026611328125
-2.788543701171875,2.3453354835510254
-7.399189472198486,0.7690787315368652
-0.35800930112600327,-0.947868824005127
0.8592724800109863,2.9116272926330566
-1.0916829109191895,-0.9819269180297852
5.882704257965088,-0.6432175636291504
6.6579461097717285,4.844224452972412
0.794684886932373,-0.5843997001647949
-3.518986701965332,-0.26268960908055305
-1.5045523643493652,4.803228378295898
-1.137685775756836,1.6161799430847168
1.9368886947631836,0.8394361287355423
5.095887184143066,2.6549696922302246
6.5352678298950195,-2.1639108657836914
4.738974571228027,-1.1432766914367676
-0.5742191895842552,0.8359909057617188
-3.804183006286621,-2.6425600051879883
-0.41582580655813217,0.3337860107421875
1.6936182975769043,-1.0344862937927246
0.08956190198659897,-3.5249710083007812
-2.080249786376953,-1.7834067344665527
-4.027879238128662,-0.17664430662989616
-9.912943840026855,-1.2586355209350586
-11.1724853515625,3.540802001953125
-9.588658809661865,3.50874662399292
-2.9716849327087402,-2.3862361907958984
-4.971742630004883,1.698446273803711
-4.297888278961182,-0.4132628068327904
-1.2790322303771973,-1.3034582138061523
0.9222626686096191,0.8786439895629883
-8.190298080444336,-0.18950700759887695
6.685543060302734,-2.316117286682129
8.968782424926758,-2.991020679473877
6.092667579650879,-4.278218746185303
6.116318702697754,-6.497180461883545
10.209310054779053,-5.042481422424316
0.8059263229370117,-8.8387131690979
-2.9534339904785156,-11.753809452056885
1.158440113067627,-9.107017517089844
0.9820938110351562,-6.4969658851623535
-5.3619384765625,-8.41909646987915
-3.22873592376709,-7.257437705993652
-1.395559310913086,-9.773218631744385
-7.361698150634766,-8.881771564483643
-8.222472667694092,-6.3141703605651855
-6.446719169616699,-3.1777381896972656
-8.755528926849365,2.1561622619628906
-9.140849113464355,4.389214515686035
-3.760683536529541,5.616974830627441
5.92426061630249,6.026566028594971
7.626616954803467,8.728444576263428
11.487483978271484,9.389126300811768
12.435531616210938,5.925416946411133
2.5817513465881348,6.744706630706787
1.4284133911132812,5.353665351867676
7.052981853485107,4.87980842590332
9.244012832641602,7.341194152832031
9.103643894195557,8.354783058166504
13.518595695495605,3.1911134719848633
5.240833759307861,3.859114646911621
-5.898928642272949,-1.0210394859313965
-4.199981689453125,1.9829154014587402
-3.8569092750549316,1.1092185974121094
-8.411979675292969,-1.799631118774414
-0.2495289035141468,-2.9887795448303223
-2.1538138389587402,-3.096914291381836
-5.550360679626465,-5.845296382904053
-5.580019950866699,-2.2910475730895996
-4.098546504974365,-3.263425827026367
-3.9134860038757324,-4.295647144317627
-2.34067440032959,-2.982032299041748
-0.8328676223754883,-2.5177717208862305
3.127920627593994,-2.352607250213623
-4.290270805358887,3.745603561401367
-2.661454677581787,3.605210781097412
0.6562232971191406,5.07199764251709
3.677213191986084,6.997954845428467
4.1127800941467285,8.72955322265625
4.25342321395874,6.043827533721924
0.5349158868193626,9.26586389541626
1.3492107391357422,8.655977249145508
0.7498384267091751,7.892155647277832
3.8701534271240234,9.1766357421875
9.108579158782959,7.2365403175354
17.166543006896973,4.5142412185668945
4.9408793449401855,4.229676723480225
3.9939045906066895,-3.218817710876465
5.183148384094238,1.9952893257141113
-3.9504170417785645,-4.696357250213623
-1.6403675079345703,-1.8942475318908691
7.1608781814575195,-4.895365238189697
3.547394275665283,-9.79166030883789
0.7755517959594727,-11.237525939941406
-2.3172974586486816,-7.322192192077637
-4.819154739379883,-5.299365520477295
-7.122373580932617,-5.088710784912109
-4.948818683624268,-4.379284381866455
-3.980886936187744,-5.664491653442383
-0.04236700013279915,-3.5558700561523438
0.034964100923389196,1.7409801483154297
-7.835948467254639,2.2626757621765137
-5.89289665222168,2.8440117835998535
-4.734480381011963,5.513262748718262
-7.38292932510376,-0.871431827545166
1.1226654052734375,1.68379545211792
5.622684955596924,2.2843003273010254
5.692553520202637,-5.203211307525635
3.141510486602783,-2.2707462310791016
0.5874394997954369,-5.522680282592773
0.970923900604248,-7.768428325653076
-1.587367057800293,-5.886077880859375
-3.5343408584594727,-1.1820554733276367
3.380751609802246,-6.001949310302734
3.628075122833252,-4.063713550567627
-2.5146484375,-6.615567207336426
-1.5894293785095215,-3.580009937286377
2.9564380645751953,0.43175220489501953
-3.6379575729370117,4.055190086364746
-3.2637953758239746,-1.4943242073059082
3.123176097869873,4.159247875213623
3.869915008544922,2.662026882171631
-0.4206657037138939,0.9228826314210892
-1.8574833869934082,8.161163330078125
-1.7960548400878906,8.826327323913574
-2.335357666015625,6.4073920249938965
-4.372608661651611,4.049575328826904
1.0846853256225586,-1.157998964190483
3.570842742919922,-4.39985990524292
-3.0671238899230957,-2.317476272583008
-7.784759998321533,-4.730463027954102
-5.64960241317749,-15.60758352279663
-10.297966003417969,-11.21821403503418
-15.122902393341064,-8.392190933227539
-3.2738327980041504,-4.410207271575928
6.3613176345825195,-0.6769300252199173
-3.4302234649658203,-6.889510154724121
0.3872990980744362,-8.963656425476074
5.45501708984375,2.7340054512023926
1.2019634246826172,3.73687744140625
-4.516708850860596,8.74568223953247
6.494784355163574,10.167241096496582
10.718762874603271,9.437978267669678
10.42720079421997,8.751976490020752
12.12618350982666,10.684990882873535
9.338581562042236,10.07143259048462
4.343807697296143,9.833478927612305
-1.32673978805542,9.76022481918335
0.31576160341501236,-1.022350788116455
6.830692291259766,0.5539894104003906
-2.6839375495910645,-1.6294360160827637
-1.6851425170898438,-3.4549474716186523
-2.4285197257995605,-3.764927387237549
-9.864199161529541,-6.329131126403809
-15.448689460754395,-14.151763916015625
-6.812536716461182,-8.266401290893555
-3.8797736167907715,-7.7069878578186035
-1.2974739074707031,-7.0159196853637695
-0.7503986358642578,-6.677305698394775
2.898716926574707,-8.439505100250244
3.0055999755859375,-5.690300464630127
1.6335725784301758,-1.138019636273384
2.0607709884643555,-0.276720505207777
7.965242862701416,-1.6741037368774414
2.724313735961914,2.4518251419067383
2.699446678161621,3.646862506866455
6.397974491119385,5.400276184082031
2.555668354034424,6.364572048187256
-2.3026108741760254,5.784189701080322
0.06817580200731754,5.172014236450195
-1.7376065254211426,7.783937454223633
-6.299459934234619,0.43320659548044205
-1.9294023513793945,0.8368015289306641
1.0401607304811478,1.292121410369873
0.3367424011230469,-0.352632999420166
-2.74888277053833,-1.3922929763793945
2.0781517028808594,-2.8266429901123047
0.5600928887724876,-2.8788208961486816
-1.0485172271728516,-1.4496922492980957
0.6229997053742409,0.214540995657444
6.924033164978027,0.1294493954628706
4.171502590179443,-0.4634857177734375
4.775857925415039,2.091991901397705
6.499433517456055,3.9985299110412598
8.147966861724854,2.661252021789551
2.0662784576416016,3.5274863243103027
2.9299378395080566,-0.37995580583810806
-1.0523200035095215,2.6665329933166504
-0.015091899549588561,2.3083090782165527
-2.142214775085449,3.37069034576416
-3.37754487991333,3.3245444297790527
-5.616164207458496,3.959321975708008
-1.0022640228271484,1.0856866836547852
0.27964120730757713,-0.26810169219970703
0.9141206741333008,0.932169035077095
0.3629207983613014,2.083718776702881
2.4543166160583496,0.0921487994492054
-1.2751579284667969,1.8921971321105957
-4.021906852722168,-3.617715835571289
2.8612494468688965,-2.8331756591796875
4.748189449310303,0.9389877319335938
3.0936837196350098,0.6549596786499023
4.808247089385986,5.632519721984863
2.2644758224487305,1.3446688652038574
-0.4695415124297142,-0.5731821060180664
-0.28656719252467155,2.2304415702819824
1.8973588943481445,2.6093363761901855
-1.306593418121338,5.948460102081299
-0.06016490049660206,5.113005638122559
-1.6229629516601562,1.5568137168884277
-2.7544379234313965,0.41257139295339584
-1.440584659576416,4.50364351272583
-1.8388032913208008,1.7405509948730469
-1.1655092239379883,4.47462797164917
-1.495981216430664,2.0861148834228516
-2.1135449409484863,-2.1948933601379395
1.2732863426208496,-3.9292097091674805
-0.2177119068801403,-1.88828706741333
0.7535219192504883,-0.6329894065856934
1.6527175903320312,0.5289078131318092
-3.452587127685547,-2.3122787475585938
-2.049565315246582,-4.136562347412109
1.022946834564209,-1.5983343124389648
0.23493770509958267,1.1748790740966797
-2.142000198364258,2.8587818145751953
-0.43506618589162827,2.894294261932373
-2.0848512649536133,-0.5739450082182884
-7.704651355743408,-1.6392111778259277
-2.637052536010742,-3.2062411308288574
2.6959896087646484,-0.2984881028532982
0.6359816342592239,-0.9509801864624023
1.6664862632751465,-5.1859259605407715
1.4480233192443848,-6.167900562286377
0.09211299940943718,-3.698086738586426
-2.011275291442871,-1.7450928688049316
-0.2700329013168812,1.996302604675293
3.2602906227111816,-3.8216233253479004
1.8456101417541504,-5.484223365783691
-0.3960132971405983,-1.8836259841918945
2.545905113220215,0.10282989591360092
1.2021183967590332,2.2336244583129883
-3.3040285110473633,2.8582215309143066
-0.746619701385498,1.4097213745117188
4.494225978851318,1.1944890022277832
-0.1557589042931795,2.097451686859131
2.6766538619995117,-1.242518424987793
6.778442859649658,1.3468265533447266
1.594102382659912,1.3393878936767578
1.5874266624450684,-0.5107880011200905
5.021834373474121,-1.4872193336486816
0.1573443040251732,-3.5384058952331543
-1.2679696083068848,-4.9625396728515625
-1.4901399612426758,-2.153909206390381
-3.1658530235290527,-2.4735569953918457
-2.531445026397705,-3.0693531036376953
-5.611121654510498,-3.7419676780700684
-4.2507171630859375,-0.630330964922905
-3.5676002502441406,1.5666961669921875
-2.3866891860961914,2.9581308364868164
-2.988576889038086,-1.4179110527038574
-4.7006964683532715,-4.863631725311279
-1.5373826026916504,-0.9277105331420898
1.0223388671875,-0.19625430926680565
-5.11249303817749,1.1290193349123
-4.281735420227051,4.074442386627197
3.671550750732422,-1.4520645141601562
0.5637764930725098,-0.47202110290527344
1.8746614456176758,-3.6193013191223145
2.595508098602295,-3.8899779319763184
2.9217004776000977,-1.4386177062988281
-0.8552908897399902,-1.0184050351381302
-0.35479068756103516,-5.144166946411133
1.9732356071472168,-6.323695182800293
4.949069023132324,-10.120368003845215
-3.9160728454589844,-11.564791202545166
-4.02907133102417,-8.804881572723389
-4.470813274383545,-6.404662132263184
-5.230367183685303,-9.403681755065918
-9.325599670410156,-5.574309825897217
-0.17561910673975945,-5.24822473526001
-0.09868140332400799,-0.7629991322755814
-3.233647346496582,3.4239888191223145
-2.85109281539917,-0.24107690900564194
1.8686413764953613,2.1029233932495117
1.5583276748657227,7.0111870765686035
4.069721698760986,9.76194143295288
11.720168590545654,10.240709781646729
7.562458515167236,7.707381248474121
3.3023715019226074,7.713568210601807
6.150937080383301,10.81458330154419
4.246068000793457,15.642166137695312
2.709662914276123,12.232053279876709
4.651403427124023,11.030209064483643
5.851554870605469,6.987261772155762
4.394710063934326,5.901503562927246
-3.096652030944824,7.210111618041992
-3.164041042327881,7.475244998931885
-3.838217258453369,3.340029716491699
-9.075021743774414,3.7853002548217773
-2.7620553970336914,-4.376828670501709
5.882632732391357,-6.594681739807129
-1.9681215286254883,-5.3839921951293945
-1.6328930854797363,-7.286858558654785
-2.1739602088928223,-4.73705530166626
-4.539215564727783,-8.053767681121826
-8.93186330795288,-11.10004186630249
-2.3853182792663574,-10.347604751586914
2.215433120727539,-3.421032428741455
2.228999137878418,-2.7991414070129395
2.7901172637939453,-4.177224636077881
1.5884757041931152,-2.449214458465576
4.706847667694092,1.793670654296875
3.7596583366394043,6.143522262573242
0.5480169877409935,9.212934970855713
3.18145751953125,7.846236228942871
2.904236316680908,8.466124534606934
1.3610482215881348,8.721756935119629
4.897952079772949,7.928764820098877
7.878637313842773,10.671448707580566
5.971002578735352,9.419786930084229
0.4609227180480957,11.41902208328247
4.18628454208374,8.657050132751465
6.628870964050293,3.2349228858947754
-0.25790929794311523,0.03488060086965561
3.082704544067383,-4.069340229034424
6.748175621032715,-5.1016926765441895
-0.22112129256129265,-4.175209999084473
-4.406166076660156,-9.620559215545654
-1.927781105041504,-9.460592269897461
-3.4015774726867676,-10.017967224121094
-4.8059821128845215,-8.39838981628418
0.3135085105895996,-2.4706244468688965
2.6879429817199707,-6.214809417724609
-1.1903166770935059,-4.078972339630127
-1.2440680712461472,-4.015326499938965
-0.3593325987458229,-2.0843505859375
-5.778038501739502,4.925274848937988
-5.561888217926025,0.2874254994094372
-4.555666446685791,3.097665309906006
-3.9705991744995117,2.2765398025512695
-1.8211841583251953,-2.2049427032470703
-2.904653549194336,-1.5381455421447754
-2.211928367614746,2.424800395965576
-1.2757658958435059,0.6764888763427734
-2.8959035873413086,-1.3230204582214355
-2.417266368865967,-5.556344985961914
2.425980567932129,-6.346416473388672
4.715728759765625,-2.6992201805114746
2.4174094200134277,0.5241274833679199
3.3230066299438477,-1.096510887145996
4.047834873199463,1.6832828521728516
-3.7351250648498535,-0.48639770597219467
0.6484746932983398,-0.752723217010498
8.52971076965332,5.1200270652771
4.992210865020752,1.7986655235290527
3.034698963165283,5.741226673126221
-0.1308917999267578,-0.3137826919555664
-4.117286205291748,-3.109622001647949
-8.022832870483398,0.07168049924075603
-8.5563063621521,1.3696074485778809
-0.295865498483181,-2.5697827339172363
5.418920516967773,-1.9488930702209473
-1.699817180633545,-8.679425716400146
-2.4796009063720703,-7.607483863830566
-3.3946990966796875,-9.572112560272217
-9.5137357711792,-9.569990634918213
-12.56396770477295,-10.195434093475342
-1.2078403681516647,-3.4601449966430664
-4.879128932952881,-0.32801631838083267
-6.160378456115723,-0.039196000434458256
3.573739528656006,0.9289264678955078
-1.9782423973083496,0.15522239729762077
-5.3787946701049805,3.255915641784668
2.6813864707946777,9.776878356933594
5.127525329589844,8.942270278930664
-2.222108840942383,8.274877071380615
3.8633108139038086,8.660900592803955
8.334863185882568,10.37299633026123
3.8904547691345215,6.328725814819336
6.875753402709961,3.5522103309631348
7.411646842956543,1.5327811241149902
1.4362096786499023,-1.2350916862487793
3.953433036804199,-3.002309799194336
4.128825664520264,-4.095220565795898
3.722548484802246,-8.622157573699951
5.484187602996826,-3.0596494674682617
4.294061660766602,-5.334842205047607
0.7706761360168457,-11.565721035003662
-4.018306732177734,-8.286118507385254
-8.793950080871582,-7.096362113952637
-5.496478080749512,-4.246485233306885
-2.6947021484375,-0.31327009201049805
0.6278634071350098,-3.955078125
0.031030199024826288,-2.744591236114502
-1.8116474151611328,1.3350367546081543
-0.9065151214599609,0.29560329392552376
-1.1730194091796875,1.5220165252685547
-5.119669437408447,5.301344394683838
-0.5123138055205345,2.9009461402893066
5.509531497955322,5.258691310882568
-1.4717578887939453,6.983840465545654
-3.809082508087158,6.4095258712768555
1.3099193572998047,2.7919650077819824
-2.864241600036621,2.6030540466308594
-4.314291477203369,0.6436347961425781
4.068350791931152,-0.22511480376124382
4.676151275634766,-0.5745888128876686
-5.847537517547607,-0.21513700485229492
-0.2194523997604847,3.1353354454040527
3.1334757804870605,2.218174934387207
-4.2052388191223145,0.38627389818429947
0.2907991036772728,2.0911216735839844
9.669291973114014,3.4804582595825195
5.589032173156738,3.111398220062256
-0.2920388989150524,5.585086345672607
5.449783802032471,5.860376358032227
4.666030406951904,7.316625118255615
3.239870071411133,4.769265651702881
6.353175640106201,2.647233009338379
6.4278244972229,0.9070038795471191
0.6495118141174316,0.8390069007873535
-1.348114013671875,3.048396110534668
-5.263864994049072,2.935504913330078
-4.018044471740723,2.5687336921691895
-0.8528590202331543,1.1409640312194824
-0.517427884042263,-1.3576149940490723
2.1335363388061523,0.9914637356996536
4.980027675628662,-0.5676627159118652
-0.36873821169137955,-0.44665340334177017
-3.758823871612549,0.8271455764770508
1.829671859741211,0.5534768104553223
1.569509506225586,2.1849989891052246
-0.8458852767944336,0.40645599365234375
6.660985946655273,1.1055588722229004
8.386027812957764,1.6478300094604492
3.973066806793213,1.610863208770752
2.7991890907287598,4.3608784675598145
2.483236789703369,1.3401508331298828
-0.3371595963835716,2.250981330871582
-2.97696590423584,5.386853218078613
-1.6367435455322266,2.282118797302246
-2.4897098541259766,1.163923665881157
-3.8868308067321777,-1.1527776718139648
-1.4246463775634766,0.08358960039913654
-8.017385005950928,3.562009334564209
-7.948088645935059,3.69412899017334
-2.5321245193481445,0.5963563919067383
-3.3225417137145996,-2.1381258964538574
-3.94437313079834,-0.9532809257507324
2.803504467010498,-3.5257816314697266
8.132028579711914,0.8382081985473633
-5.313289165496826,1.6011714935302734
-1.4865517616271973,-3.926408290863037
1.214444562792778,0.6052852049469948
-2.4552464485168457,-3.8051843643188477
1.347196102142334,-2.409636974334717
10.540580749511719,1.1957526206970215
2.7765870094299316,1.2607812881469727
0.5565882101655006,-2.105712890625
-6.845831871032715,-2.2881031036376953
-4.324650764465332,-3.1873345375061035
-4.162168502807617,-2.938234806060791
-1.0396838188171387,2.5979995727539062
4.213976860046387,-1.5197396278381348
3.411722183227539,-3.9267659187316895
-6.428658962249756,-1.2556672096252441
-5.666875839233398,-3.6659598350524902
-3.6735057830810547,-0.8144617080688477
-6.444978713989258,-0.7086396217346191
-0.9860395640134811,-3.5343050956726074
5.972909927368164,-2.842986583709717
-0.5448460951447487,-3.056931495666504
-3.0216455459594727,-3.371763229370117
3.7802577018737793,-1.4852166175842285
-4.633927345275879,4.609334468841553
-3.809535503387451,0.2683640085160732
4.664409160614014,-0.16623739153146744
3.316366672515869,1.0767698287963867
1.8390417098999023,-1.0059118270874023
6.070041656494141,3.1954407691955566
3.4575343132019043,3.1034350395202637
3.808283805847168,-0.8954644203186035
2.9603958129882812,-1.8495917320251465
-0.3720403090119362,-0.8861780166625977
1.979506015777588,-0.23245809599757195
5.387997627258301,1.7448663711547852
-2.8510451316833496,-2.3525357246398926
0.1149773970246315,0.18447639420628548
4.188394546508789,-3.2640576362609863
-6.270802021026611,-1.7644405364990234
-4.522645473480225,-0.05791190080344677
-3.7424087524414062,3.8713693618774414
-5.624794960021973,1.9541144371032715
-9.019410610198975,-0.17107730731368065
-4.473447799682617,-1.1558055877685547
-0.6080270186066628,-0.9991049766540527
-2.427363395690918,2.1270275115966797
-6.0425639152526855,3.032219409942627
5.280005931854248,-2.8793692588806152
-0.31063560396432877,-3.110063076019287
0.49325231462717056,-7.4501752853393555
2.1712899208068848,-3.9331555366516113
10.023021697998047,-1.7632007598876953
-0.5773543938994408,-3.750896453857422
-0.2912045083940029,-9.050416946411133
-2.0727038383483887,-7.180595397949219
3.702712059020996,-7.536864280700684
-1.6881704330444336,-7.555806636810303
-1.650547981262207,-8.77530574798584
-6.549990177154541,-9.769928455352783
-1.546931266784668,-7.146549224853516
-7.360577583312988,-8.952414989471436
-12.645316123962402,-1.3247966766357422
-3.3077120780944824,-4.210102558135986
0.8541464805603027,-1.9683241844177246
-8.360719680786133,-0.733482763171196
-4.220569133758545,4.15339469909668
0.7932900637388229,9.436047077178955
2.7826786041259766,11.114609241485596
-1.5300750732421875,12.13616132736206
7.892489433288574,11.127805709838867
15.149891376495361,10.45914888381958
7.795572280883789,12.304484844207764
5.8686017990112305,13.124370574951172
12.677574157714844,13.70607614517212
7.4947357177734375,13.131117820739746
0.0631571002304554,6.101930141448975
2.954387664794922,10.534584522247314
9.477043151855469,4.822397232055664
2.5752663612365723,6.188404560089111
-2.2357702255249023,1.0099173337221146
3.1406044960021973,-1.9335627555847168
-4.988217353820801,-2.049863338470459
-8.68382453918457,-2.199995517730713
-5.341792106628418,-6.738591194152832
-3.3298492431640625,-5.561470985412598
-1.953577995300293,-11.189615726470947
0.5193471908569336,-10.564792156219482
-2.377307415008545,-8.238685131072998
-4.196560382843018,-5.104362964630127
-7.248866558074951,-5.452215671539307
-11.258935928344727,-2.2856593132019043
-7.696318626403809,-2.778768539428711
1.4301061630249023,3.732573986053467
2.561497688293457,3.179454803466797
3.225374221801758,6.401050090789795
2.4422049522399902,8.390510082244873
-3.7135720252990723,8.794069290161133
-9.273064136505127,8.311808109283447
0.43303970247507095,7.9625725746154785
7.126665115356445,10.302567481994629
10.931766033172607,8.82488489151001
11.263155937194824,9.119892120361328
12.851178646087646,8.97073745727539
3.678607940673828,1.9843339920043945
-0.1534103974699974,1.237642765045166
5.105781555175781,0.25724170729517937
7.401871681213379,-0.6882190704345703
3.941202163696289,-1.803886890411377
1.8967628479003906,-5.70836067199707
-4.700946807861328,-5.695855617523193
-5.620002746582031,-8.12314748764038
-1.8967270851135254,-7.079136371612549
-0.3679395094513893,-8.561980724334717
3.875458240509033,-6.000018119812012
3.9255857467651367,-5.971658229827881
-3.6970973014831543,-7.563674449920654
-7.083404064178467,-5.1354169845581055
-8.81890058517456,-1.807713508605957
-5.608415603637695,-1.4658331871032715
0.5980610847473145,0.6423234939575195
5.323243141174316,-3.492450714111328
2.3836255073547363,-5.733144283294678
-0.3262877091765404,-5.7059526443481445
-5.672192573547363,-3.1374216079711914
-7.091414928436279,-1.8907904624938965
-2.781534194946289,-1.0954617708921432
2.1239161491394043,-5.272114276885986
4.07174825668335,-7.72099494934082
0.917661190032959,-1.832270622253418
0.06377699784934521,-0.14835599809885025
-4.931199550628662,4.289591312408447
-6.305432319641113,4.390084743499756
-1.8553495407104492,7.3128461837768555
4.8432111740112305,3.899657726287842
7.099294662475586,6.843757629394531
2.323293685913086,5.307507514953613
-0.5154014006257057,7.970571517944336
-0.17710920423269272,5.513513088226318
-2.8875231742858887,5.112648010253906
-3.151094913482666,0.09148119948804379
1.9593358039855957,2.960383892059326
2.3534178733825684,-1.2556910514831543
-7.3574066162109375,-2.17742919921875
-11.044621467590332,-6.461739540100098
-8.904683589935303,-7.6525092124938965
-8.811628818511963,-8.253991603851318
-3.4885287284851074,-6.770503520965576
4.675948619842529,-7.540595531463623
8.015000820159912,-11.228060722351074
0.5258322134613991,-9.143996238708496
-2.726268768310547,-4.719853401184082
1.5623211860656738,-1.2179254740476608
3.2925844192504883,-1.220560073852539
2.168452739715576,-1.759505271911621
5.625903606414795,4.5279860496521
10.846853256225586,6.521010398864746
3.822195529937744,9.870290756225586
-4.1970133781433105,7.450592517852783
-2.3795604705810547,9.02799367904663
-0.035238300915807486,6.801128387451172
-2.7948737144470215,9.049737453460693
-5.194985866546631,5.714857578277588
-2.908778190612793,6.779849529266357
-2.070736885070801,6.025207042694092
-6.296539306640625,2.3691773414611816
-4.49596643447876,-2.5028228759765625
2.3166418075561523,0.7001996040344238
3.4311532974243164,-2.551114559173584
-0.029611599165946245,-0.19986629486083984
0.05036590155214071,-3.5767197608947754
6.228399276733398,-5.648767948150635
-1.0124444961547852,-8.880186080932617
-1.755523681640625,-1.1463642120361328
5.4137349128723145,-0.8670210838317871
5.891513824462891,-1.4755010604858398
-2.857351303100586,0.5134106054902077
2.6941537857055664,-5.523288249969482
11.081111431121826,0.06705520208925009
2.6153564453125,1.757955551147461
-0.8963345736265182,-2.191340923309326
4.545331001281738,0.1687883958220482
-4.055154323577881,0.1501321978867054
-8.320248126983643,-1.6704678535461426
-2.658963203430176,3.2926201820373535
-5.350327491760254,0.016868100501596928
-4.910147190093994,-1.6932249069213867
-3.8540124893188477,-3.2355546951293945
-8.361530303955078,-3.155076503753662
-5.4735541343688965,-3.7520766258239746
-0.5942583084106445,-2.506387233734131
-1.55714750289917,-2.1167874336242676
-0.7145286351442337,-2.7130961418151855
3.953862190246582,-3.200507164001465
0.3564118966460228,-2.116227149963379
-1.3907790184020996,0.7435441017150879
2.120482921600342,5.116105079650879
4.656541347503662,4.6624064445495605
6.514883041381836,4.936671257019043
7.401788234710693,6.458675861358643
7.930135726928711,4.623234272003174
6.8389058113098145,8.282041549682617
5.13763427734375,5.023324489593506
2.771270275115967,4.0299296379089355
1.2511610984802246,0.9899497032165527
4.223668575286865,-2.2626399993896484
-1.3997077941894531,-0.8975982666015625
-1.1740326881408691,-2.1515488624572754
-0.7573605328798294,-0.6410360336303711
-6.837451457977295,-4.8424482345581055
-5.616652965545654,-6.649935245513916
-2.0969033241271973,-5.057096481323242
-0.5846023932099342,-5.7090044021606445
-1.7994046211242676,-1.6000866889953613
1.899266242980957,-1.0639548301696777
-1.9047260284423828,-2.404296398162842
-1.9460678100585938,-0.3601551055908203
3.4824252128601074,2.121555805206299
3.786349296569824,6.327056884765625
7.4104905128479,9.575057029724121
7.3783040046691895,10.65061092376709
5.127930641174316,4.3304443359375
3.500699996948242,6.822574138641357
3.328430652618408,9.121429920196533
4.767203330993652,8.19622278213501
2.7906179428100586,7.336318492889404
-2.668452262878418,2.7000904083251953
1.514732837677002,-3.5480499267578125
-2.04850435256958,-2.1782755851745605
-5.985140800476074,-2.8020501136779785
-3.322446346282959,-1.390063762664795
-5.2764058113098145,-1.7938852310180664
-10.4705810546875,-3.53163480758667
-6.341838836669922,-4.908347129821777
-3.3222317695617676,-1.5598416328430176
-4.4922590255737305,-0.009465200128033757
-0.9816288948059082,-0.6021500006318092
1.0740160942077637,1.7960309982299805
-3.1934380531311035,0.12853150255978107
-3.783535957336426,3.1640172004699707
-1.0218620300292969,4.967820644378662
2.3316502571105957,4.594075679779053
3.2158732414245605,3.8002371788024902
6.701457500457764,1.600658893585205
6.997525691986084,-1.1321424692869186
1.2499570846557617,0.14736649580299854
-1.4491915702819824,0.10610819794237614
-2.3649215698242188,-1.5320539474487305
-4.977309703826904,-2.7410268783569336
-1.0054708272218704,-4.62949275970459
3.7375569343566895,-4.430389404296875
3.5163521766662598,-2.657163143157959
-2.7291297912597656,-1.25657320022583
-4.090917110443115,-2.4517059326171875
-7.193207740783691,-1.8952012062072754
-2.2871971130371094,-4.09013032913208
2.3256778717041016,-3.247249126434326
4.319894313812256,0.736546516418457
5.746114253997803,3.2918572425842285
1.3669490814208984,3.8089513778686523
-8.30068588256836,3.3043622970581055
-3.7436366081237793,0.6751775741577148
2.418184280395508,-0.3617763891816139
3.149700164794922,1.1656522750854492
6.739747524261475,4.068541526794434
6.5705060958862305,0.5253911018371582
-0.4335523024201393,-0.0948071014136076
-5.356717109680176,-3.626394271850586
-1.1482716351747513,-4.041647911071777
0.19909139722585678,-2.061140537261963
-0.07869009859859943,-2.7878642082214355
1.8602967262268066,-5.181312561035156
-0.9773612022399902,-6.747758388519287
-4.825150966644287,-5.323982238769531
-4.7350287437438965,-0.9982824325561523
-3.299713134765625,1.1585236340761185
-1.8381714820861816,-0.08983610197901726
1.2188196182250977,-0.9173274040222168
-1.0921835899353027,-2.6100754737854004
-1.1225104331970215,1.8243670463562012
-0.9480475634336472,4.906964302062988
0.5909204110503197,5.859982967376709
-2.4778008460998535,3.5395383834838867
1.6150236129760742,1.0567069053649902
4.247653484344482,-2.9068350791931152
-0.343167781829834,-0.5682468041777611
-4.216313362121582,1.9833087921142578
0.6983519345521927,0.6451129913330078
2.677321434020996,-3.5471677780151367
-2.1053671836853027,-7.940781116485596
3.6827564239501953,-12.407147884368896
2.588355541229248,-2.9553651809692383
-3.120589256286621,-7.265520095825195
-7.507121562957764,-8.185839653015137
-5.22691011428833,-11.595261096954346
-3.6882400512695312,-11.956477165222168
-4.998469352722168,-12.370502948760986
-4.153764247894287,-4.205656051635742
-1.2194156646728516,-6.389093399047852
-3.6745429039001465,-6.309008598327637
-5.244278907775879,-6.137025356292725
-1.1163830757141113,-3.6913394927978516
5.684053897857666,4.399359226226807
3.4487247467041016,9.117984771728516
-0.6031275168061256,9.956622123718262
5.423581600189209,7.072961330413818
8.188176155090332,8.347058296203613
4.462695121765137,11.778032779693604
9.56125259399414,12.670862674713135
8.37181806564331,16.507673263549805
4.351603984832764,9.520494937896729
-1.1597157269716263,7.396054267883301
1.006758213043213,6.556248664855957
1.201796531677246,5.738544464111328
1.0794519633054733,7.237613201141357
1.0253310203552246,1.9894719123840332
-1.04142427444458,-2.8412818908691406
-3.4312963485717773,-3.886997699737549
-3.5026192665100098,-5.274784564971924
-2.6460886001586914,-1.9943833351135254
-2.615976333618164,-5.936276912689209
-2.24226713180542,-8.730292320251465
-0.9581685066223145,-10.008096694946289
-1.0893703252077103,-7.892429828643799
-2.736949920654297,-4.386448860168457
0.9670138359069824,0.42308568954467773
-0.9323596954345703,-2.575993537902832
-0.05561110097914934,-2.8098702430725098
1.86692476272583,-1.9502639770507812
0.7981181144714355,2.543461322784424
-1.6250848770141602,10.327398777008057
2.3885011672973633,9.57958698272705
0.9737730026245117,7.345902919769287
1.8273353576660156,4.779160022735596
0.7556796073913574,2.685856819152832
0.9948015213012695,8.924722671508789
-0.6691098213195801,9.739291667938232
-4.888451099395752,8.735048770904541
0.48221349716186523,4.538846015930176
9.559810161590576,1.0074734687805176
7.182419300079346,1.3611555099487305
8.280682563781738,2.080404758453369
6.767177581787109,0.5192637071013451
-4.353749752044678,-2.727210521697998
-7.176041603088379,-5.53281307220459
-0.8443356305360794,-5.428194999694824
2.9036521911621094,-3.880608081817627
6.657838821411133,-1.630723476409912
5.1638007164001465,-5.5243730545043945
3.234267234802246,-9.661579132080078
-3.455233573913574,-7.626128196716309
-4.124951362609863,-8.778822422027588
-4.523622989654541,0.2380012907087803
0.5385040864348412,3.2520294189453125
5.35963773727417,-0.16112329438328743
3.9679765701293945,-2.1775364875793457
1.370704174041748,-2.4326443672180176
0.5385994911193848,0.6576179713010788
-4.888498783111572,1.2911796569824219
-7.992398738861084,2.504086494445801
-4.463720321655273,-1.9439697265625
-3.346574306488037,-4.384326934814453
-2.429366111755371,-3.8677215576171875
0.04289149772375822,-0.5369066819548607
-1.5129327774047852,1.2595415115356445
-6.649148464202881,-2.095496654510498
-5.65563440322876,-4.566037654876709
-2.4158239364624023,-5.72049617767334
-2.2879719734191895,-1.4226794242858887
4.205334186553955,1.7893314361572266
5.8031439781188965,-2.112460136413574
4.588973522186279,-3.059852123260498
2.972280979156494,-2.5110244750976562
3.3194541931152344,0.42897459119558334
1.005566120147705,6.072735786437988
5.462944507598877,6.770384311676025
2.629244327545166,4.977285861968994
3.1951189041137695,2.91445255279541
2.4277687072753906,0.29250379651784897
-0.9820699691772461,2.2125601768493652
-6.733262538909912,5.595898628234863
-9.206092357635498,1.6390085220336914
-2.6386499404907227,-1.7469406127929688
-5.8516621589660645,-7.087850570678711
-5.12845516204834,-11.288630962371826
1.546037197113037,-6.295764446258545
-2.4895071983337402,-5.258309841156006
-9.942567348480225,-10.206615924835205
-8.877193927764893,-9.686684608459473
-10.065412521362305,-6.72757625579834
-5.921316146850586,-3.8253068923950195
7.653307914733887,2.5164008140563965
7.118391990661621,3.1270384788513184
8.273303508758545,-0.031089799012988806
6.202042102813721,5.724179744720459
0.19222499802708626,8.856892585754395
-1.8455028533935547,6.303012371063232
-3.375113010406494,12.76543140411377
2.707517147064209,8.285582065582275
10.935044288635254,8.384537696838379
12.322962284088135,6.689846515655518
5.945467948913574,6.068539619445801
2.529597282409668,3.2787680625915527
1.6381502151489258,5.0359368324279785
-8.69375467300415,-0.2866029925644398
-4.0802836418151855,-3.6290526390075684
6.249403953552246,-3.875553607940674
2.6717424392700195,-6.604194641113281
-4.215812683105469,-9.447956085205078
-1.9197821617126465,-9.4382643699646
-6.009578704833984,-12.164747714996338
-12.551665306091309,-11.69745922088623
-3.510868549346924,-8.333897590637207
5.262362957000732,-7.951688766479492
5.522549152374268,-7.0546746253967285
-0.3066539950668812,-2.156388759613037
1.2347936630249023,-1.9577383995056152
-4.581248760223389,2.235853672027588
-8.601748943328857,7.127320766448975
-5.901706218719482,5.114579200744629
1.7580866813659668,9.485220909118652
1.4355778694152832,9.650778770446777
2.404797077178955,7.85757303237915
3.2893776893615723,5.678987503051758
-2.9800772666931152,4.713022708892822
-5.199766159057617,3.3461570739746094
-1.069188117980957,4.153752326965332
0.3469109907746315,1.597607135772705
6.9681525230407715,-1.6106247901916504
9.666037559509277,-3.720080852508545
4.814577102661133,-5.322813987731934
2.42537260055542,-3.934037685394287
1.5125751495361328,-2.7747750282287598
0.16781089827418327,-3.7562131881713867
3.6251187324523926,-5.058765411376953
8.719074726104736,-2.0123839378356934
3.8729429244995117,-1.8285393714904785
1.8379807472229004,3.40498685836792
2.143526077270508,4.557931423187256
-4.066288471221924,2.379119396209717
-2.339446544647217,4.187619686126709
-0.4584908112883568,5.337226390838623
-1.5967607498168945,6.603574752807617
-3.6991477012634277,8.743500709533691
-3.308892250061035,6.26223087310791
-2.9124855995178223,4.88276481628418
-6.7176103591918945,3.9190292358398438
-1.3366103172302246,4.202902317047119
3.0279040336608887,1.6480803489685059
1.9516944885253906,0.8562803268432617
3.6681175231933594,-1.3071179389953613
7.630479335784912,-1.466059684753418
3.8056492805480957,0.5463242903351784
3.4140825271606445,0.15020369552075863
6.85194730758667,-1.3864874839782715
7.090044021606445,-2.44215726852417
8.101117610931396,0.38896799087524414
6.751465797424316,3.1504273414611816
1.8216133117675781,3.6728739738464355
2.5307655334472656,2.5760531425476074
-0.5469441041350365,-0.05314350128173828
-2.1849751472473145,-2.3836374282836914
-2.382028102874756,0.8431673049926758
-1.349961757659912,2.9018044471740723
-9.649527072906494,2.177155017852783
-4.6434760093688965,2.371358871459961
-5.184543132781982,-1.5900611877441406
-3.4253835678100586,-2.925229072570801
-4.660332202911377,0.26259420439600945
0.1437664031982422,3.552401065826416
-5.139327049255371,-1.0614514350891113
-8.51200819015503,0.07646080106496811
-5.286765098571777,-3.0464529991149902
4.699194431304932,-0.15771390870213509
1.5664339065551758,2.1485090255737305
4.0322065353393555,3.2427430152893066
5.736827850341797,1.2512922286987305
5.66098690032959,-0.14553070068359375
-3.3520936965942383,-1.8333792686462402
2.788996696472168,-2.186095714569092
7.451045513153076,2.261233329772949
5.3527116775512695,-0.1852750964462757
1.5276193618774414,-3.8818955421447754
4.254782199859619,-4.23433780670166
-2.384483814239502,-4.189848899841309
-3.5806894302368164,-1.956331729888916
-6.913900375366211,1.3267755508422852
-3.4983158111572266,-1.7001032829284668
0.22567510604858398,-3.5073399543762207
-1.8169879913330078,-5.923104286193848
-6.86110258102417,-2.044665813446045
-2.683091163635254,1.2867212295532227
-6.313943862915039,0.5039811134338379
-11.281287670135498,0.10643010027706623
-4.726672172546387,-0.29200319200754166
4.810976982116699,-1.7347335815429688
0.4971146956086159,-0.12564660049974918
1.1996269226074219,-1.542222499847412
4.281961917877197,-0.09126660414040089
4.167985916137695,-1.345992088317871
1.7696261405944824,-1.321089267730713
6.091916561126709,-1.9874095916748047
12.089955806732178,-2.3722052574157715
11.226069927215576,-0.5081057921051979
5.035412311553955,-2.0707011222839355
5.250692367553711,-2.053391933441162
4.46476936340332,-4.2227864265441895
-6.176745891571045,-4.101550579071045
-2.8388023376464844,0.4084945097565651
1.846909523010254,3.604769706726074
-0.1649736985564232,-0.08418560028076172
-10.975563526153564,1.4292240142822266
-2.0473599433898926,-0.9732961654663086
-9.636270999908447,2.176845073699951
-14.28743600845337,2.5331616401672363
-9.271979331970215,3.7949323654174805
-3.225123882293701,1.8779397010803223
-7.475042343139648,0.4514336958527565
-1.3831019401550293,1.1030077934265137
1.8726110458374023,-3.0835866928100586
-1.419830322265625,-0.8689641952514648
-2.8995275497436523,-3.8986682891845703
5.139148235321045,-2.883005142211914
3.707873821258545,-5.460536479949951
4.314064979553223,-5.614495277404785
6.812393665313721,-7.899069786071777
7.262468338012695,-6.112611293792725
0.4296422004699707,-5.474591255187988
3.483414649963379,-9.901940822601318
2.242434024810791,-10.364508628845215
-4.309284687042236,-10.472679138183594
-2.642810344696045,-9.485995769500732
-0.0009537000005366281,-5.611932277679443
-3.1545400619506836,-7.3227643966674805
-6.676244735717773,-6.873106956481934
-2.9929161071777344,-4.643559455871582
-4.39295768737793,-1.9661664962768555
-4.291534423828125,0.6600260734558105
-2.428305149078369,4.417872428894043
1.2072443962097168,5.4639458656311035
6.847047805786133,7.348966598510742
5.951583385467529,11.815202236175537
2.55814790725708,12.471115589141846
8.072876930236816,9.751749038696289
2.1452903747558594,11.935770511627197
0.23703580722212791,8.11920166015625
5.274033546447754,13.42771053314209
7.518148422241211,13.848519325256348
5.195987224578857,6.78480863571167
1.278698444366455,8.802378177642822
2.200484275817871,4.7156453132629395
1.3846635818481445,2.2630929946899414
-3.1751036643981934,4.866528511047363
-0.6337165832519531,-1.5742301940917969
2.88236141204834,-4.167795181274414
0.8530616760253906,-6.732749938964844
-1.4207839965820312,-10.45149564743042
2.4153828620910645,-9.904122352600098
-2.250063419342041,-5.904889106750488
-7.259619235992432,-5.408740043640137
-2.925539016723633,-5.985558032989502
-3.7987828254699707,-5.145025253295898
-2.0227909088134766,-6.730890274047852
3.9788007736206055,-1.8760204315185547
-2.9724717140197754,5.003607273101807
-4.863262176513672,5.465090274810791
-0.18835069611668587,6.01198673248291
-5.492293834686279,5.606114864349365
-2.367675304412842,5.6395649909973145
8.509159088134766,9.167039394378662
6.612670421600342,9.997904300689697
-0.9388923645019531,9.749186038970947
3.148818016052246,10.670709609985352
4.818689823150635,6.647348403930664
3.5144925117492676,6.521892547607422
10.809385776519775,6.530857086181641
13.489210605621338,5.820989608764648
8.098912239074707,2.587616443634033
6.396949291229248,-0.2905130013823509
-0.5022644996643066,-1.0721445083618164
-0.6689310073852539,-3.705573081970215
0.8622407913208008,-0.9778618812561035
0.8685111999511719,-4.383647441864014
-0.05025859922170639,-6.6367506980896
1.999044418334961,-6.9471001625061035
-2.585935592651367,-11.50503158569336
-7.9787492752075195,-8.286845684051514
-7.9950690269470215,-3.470003604888916
-6.49259090423584,-2.585315704345703
-7.531976699829102,-1.9654273986816406
-1.9399762153625488,-0.23353099822998047
-0.9331107139587402,-0.5228399857878685
-1.7819404602050781,-1.4139175415039062
-3.100764751434326,2.0157456398010254
-4.317152500152588,1.4292240142822266
-6.023228168487549,-0.5545138940215111
-4.232847690582275,2.3499369621276855
0.2950311079621315,-2.8751611709594727
-0.8752226829528809,0.06768700201064348
-1.1403322219848633,-1.113569736480713
3.6008834838867188,-2.9301047325134277
0.806272029876709,-3.1868696212768555
-0.8642315864562988,-0.7416844367980957
2.8200864791870117,-1.419079303741455
6.111085414886475,-3.0628085136413574
3.1548261642456055,-3.025341033935547
1.8734097480773926,-5.810868740081787
7.495224475860596,-3.388059139251709
2.605152130126953,-1.9277095794677734
-0.6661891937255859,-5.108332633972168
2.6023268699645996,2.2089242935180664
1.190197467803955,1.9133567810058594
-2.4031639099121094,0.3614664077758789
-3.250741958618164,1.1138916015625
-6.061410903930664,-3.7749886512756348
-6.438076496124268,-2.6154041290283203
-7.497823238372803,0.3530741110444069
-7.529044151306152,-2.2787928581237793
-3.0857324600219727,-2.079129219055176
-4.530489444732666,-3.9969444274902344
-6.36516809463501,-4.8557281494140625
-4.515314102172852,-6.617605686187744
-1.2539029121398926,-5.519211292266846
-4.855513572692871,-10.036230087280273
2.2281765937805176,-3.7032127380371094
0.012087799841538072,3.1331777572631836
1.8712997436523438,0.5917667970061302
5.94027042388916,1.2916922569274902
2.9763221740722656,0.09205340407788754
3.979957103729248,2.5789380073547363
9.097051620483398,8.000326156616211
4.625797271728516,7.744300365447998
-1.1937140673398972,3.834962844848633
4.540979862213135,10.738575458526611
4.453492164611816,7.231318950653076
2.0871877670288086,7.806396484375
4.691648483276367,5.698573589324951
2.1695971488952637,5.521237850189209
-3.604257106781006,-0.07536409888416529
-4.265308380126953,-0.9276151657104492
-7.185506820678711,-3.105652332305908
-1.415693759918213,-1.4413714408874512
-1.0319948196411133,2.488589286804199
-2.231299877166748,0.14617440290749073
-0.24762149900197983,-6.766378879547119
-5.686068534851074,-5.087649822235107
-9.291481971740723,-5.79606294631958
-1.9392848014831543,-4.4600725173950195
5.64117431640625,0.49947500228881836
6.945550441741943,-2.894473075866699
10.155665874481201,-4.893791675567627
7.968401908874512,0.7087588310241699
3.6982178688049316,-1.1408686637878418
-0.6399273872375488,5.90280294418335
1.2254952639341354,3.2567739486694336
1.385343074798584,4.348146915435791
4.137825965881348,4.406702518463135
1.2378811836242676,8.597981929779053
-1.1312007904052734,3.5789012908935547
-8.01767110824585,2.7177810668945312
-11.634647846221924,2.7480483055114746
-6.120002269744873,-3.120553493499756
-4.965090751647949,-1.0025619715452194
-1.065981388092041,-3.212451934814453
0.12571809813380241,-3.326725959777832
1.5838861465454102,-2.162313461303711
-3.1676292419433594,-3.503549098968506
-6.38502836227417,-2.418506145477295
-0.8716821670532227,2.85489559173584
5.4456353187561035,0.6654977798461914
7.7170729637146,1.0916829109191895
9.82816219329834,2.9900312423706055
10.939335823059082,2.689695358276367
6.772124767303467,6.1592817306518555
1.4159917831420898,5.517888069152832
5.608785152435303,4.130089282989502
6.82452917098999,4.372072219848633
3.0428290367126465,3.0542612075805664
3.2891273498535156,0.05021099932491779
2.172565460205078,3.51637601852417
-6.102967262268066,-0.5537033081054688
-8.454585075378418,-0.6132125854492188
-6.16145133972168,0.6924151629209518
-1.8976211547851562,-0.6144284829497337
3.3345580101013184,-3.4021854400634766
5.194258689880371,-4.544436931610107
2.9410839080810547,-7.559311389923096
1.1516451835632324,-1.6596794128417969
-5.2239179611206055,3.3362388610839844
-3.334331512451172,1.452779769897461
1.0185599327087402,3.3832907676696777
8.720648288726807,0.06829500198364258
6.313896179199219,-0.6148815155029297
4.0328145027160645,2.2857189178466797
1.1355280876159668,1.7748594284057617
-6.348121166229248,4.593801498413086
-9.052014350891113,7.775330543518066
-3.8456201553344727,4.15647029876709
-1.8146514892578125,3.585636615753174
1.5381693840026855,2.631080150604248
3.7720084190368652,-1.4608383178710938
-0.8397222310304642,0.8885384351015091
-4.5203328132629395,2.202582359313965
-4.667186737060547,2.364933490753174
2.6726603507995605,0.9346485137939453
-0.1827717013657093,1.821446418762207
7.203149795532227,-1.4752864837646484
7.299506664276123,0.1475691981613636
-1.3457298278808594,3.1510114669799805
-3.2698988914489746,-0.29703380540013313
-2.3022890090942383,5.598580837249756
-1.7639636993408203,2.61533260345459
-1.1381865292787552,1.027679368853569
8.581149578094482,2.6210665702819824
0.4570960998535156,0.7212281227111816
-4.792916774749756,-0.6389260292053223
-4.981207847595215,-0.18950700759887695
-4.399168491363525,-3.5861730575561523
-7.47532844543457,0.6849527359008789
-2.4211525917053223,-2.9964089393615723
4.516029357910156,-3.7963390350341797
2.0093798637390137,-5.338394641876221
2.3903727531433105,-7.5907111167907715
-2.5838613510131836,-1.9930720329284668
-2.2407889366149902,-3.2375454902648926
-4.870271682739258,-1.0007380694150925
-2.345108985900879,-4.211723804473877
0.4120945930480957,-3.3698678016662598
2.131223678588867,-0.6097317114472389
4.353010654449463,3.0490517616271973
3.328585624694824,3.3391356468200684
1.5646934509277344,2.395939826965332
-2.265334129333496,3.8651585578918457
-3.1676530838012695,3.263413906097412
-0.743412971496582,4.264020919799805
2.2536396980285645,5.28564453125
3.6993861198425293,1.8859505653381348
6.5190911293029785,0.5966306105256081
7.885873317718506,-0.07079840172082186
3.2916903495788574,-2.973031997680664
1.5775322914123535,-1.6271471977233887
-1.7744183540344238,-3.40421199798584
-0.34618381410837173,-6.807923316955566
-4.43655252456665,-5.35736083984375
-0.6705523282289505,-4.694068431854248
2.1303772926330566,-0.24354459717869759
-3.8873791694641113,0.7767438888549805
-4.696071147918701,-3.3934831619262695
-5.966758728027344,-1.0880827903747559
-5.087733268737793,-1.058030128479004
-6.95798397064209,1.0342956334352493
-2.9351115226745605,2.665531635284424
1.7548918724060059,3.502941131591797
-1.5112876892089844,-0.11670590378344059
-2.7405500411987305,-2.806425094604492
-0.8477210998535156,1.7412662506103516
5.262970924377441,-3.8297057151794434
2.6264309883117676,-1.9116520881652832
2.657318115234375,-4.9416422843933105
0.2955316938459873,-5.212831497192383
3.1073927879333496,-3.328561782836914
-4.060995578765869,-3.5413265228271484
-0.7440567016601562,-6.991219520568848
4.4045209884643555,-7.605099678039551
4.594945907592773,-10.431110858917236
-5.006539821624756,-9.694647789001465
-5.987274646759033,-9.23689603805542
-10.43088436126709,-4.602169990539551
-12.917518615722656,-5.8158040046691895
-14.230239391326904,-7.571971416473389
-3.5795211791992188,-2.7269959449768066
1.6274571418762207,-4.721963405609131
-0.7497310638427734,1.8065571784973145
1.548159122467041,3.1625747680664062
1.1188744753599167,4.750096797943115
-2.449023723602295,10.062241554260254
7.1433305740356445,8.851051330566406
14.814865589141846,5.236375331878662
13.911545276641846,8.721542358398438
11.933338642120361,5.067312717437744
9.02186632156372,12.1002197265625
-0.26279689744114876,11.23119592666626
0.617671012878418,11.894679069519043
7.791459560394287,11.145853996276855
6.153404712677002,6.343579292297363
4.906058311462402,4.363763332366943
2.143383026123047,1.9366025924682617
-7.370638847351074,6.0721516609191895
-8.769488334655762,0.8124709129333496
-8.072400093078613,0.948178768157959
-2.9847025871276855,-6.397771835327148
-0.8161305636167526,-8.431005477905273
-2.2613167762756348,-8.264446258544922
-3.1497716903686523,-7.596242427825928
-3.8747429847717285,-8.112359046936035
-7.9972147941589355,-6.628680229187012
-2.672898769378662,-9.214305877685547
1.9736051559448242,-2.2260308265686035
5.183196067810059,0.15683170408010483
2.191948890686035,-4.03745174407959
-2.047145366668701,2.087545394897461
-5.949437618255615,3.0048370361328125
-0.366210900247097,5.850791931152344
-0.6737709045410156,13.953661918640137
-1.5368461608886719,7.547497749328613
6.007492542266846,8.395695686340332
5.176687240600586,7.758283615112305
-3.8050413131713867,6.3494086265563965
3.7148237228393555,8.82326364517212
5.514347553253174,7.98799991607666
3.167283535003662,6.126976013183594
7.876253128051758,5.481696128845215
9.17673110961914,1.3651490211486816
5.360579490661621,0.9096980094909668
-0.988006591796875,3.596675395965576
3.5314440727233887,-2.671384811401367
2.9686808586120605,-5.414080619812012
3.303205966949463,-6.1618804931640625
-0.804901123046875,-7.6581597328186035
0.10017160326242447,-5.012726783752441
-3.199315071105957,-2.4013757705688477
-8.128941059112549,-6.344819068908691
-4.626131057739258,-5.945682525634766
-0.6250739097595215,-6.581521034240723
-1.1671662330627441,-4.684925079345703
1.3327598571777344,3.3121705055236816
-0.29402969405055046,2.147197723388672
-5.078887939453125,-3.0260801315307617
-3.947591781616211,-0.7328510284423828
-0.34325119107961655,-0.2707958035171032
2.4909138679504395,0.06890300195664167
1.4611482620239258,2.775144577026367
1.778244972229004,-2.6143550872802734
-2.84879207611084,-2.882695198059082
-7.676851749420166,-3.3387064933776855
-1.7075419425964355,-3.0626893043518066
0.6164193153381348,0.055074701085686684
-0.9520410746335983,1.677381992340088
1.132655069231987,-2.3439526557922363
-3.9303183555603027,-4.968142509460449
-8.61586332321167,0.28803350403904915
-5.730164051055908,4.972732067108154
0.4664421081542969,9.224283695220947
2.059149742126465,7.096421718597412
3.4873604774475098,2.333962917327881
5.527126789093018,2.6134133338928223
-0.007939300267025828,3.211212158203125
-1.5125393867492676,5.691134929656982
1.6508698463439941,5.54889440536499
0.45135021209716797,1.0423778742551804
2.0301342010498047,-2.6993870735168457
2.0680665969848633,-5.125725269317627
2.4130821228027344,-6.237173080444336
-8.824920654296875,-3.7403225898742676
-5.489325523376465,-8.543992042541504
-0.9150742739439011,-9.764432907104492
-6.178224086761475,-15.784406661987305
-5.481088161468506,-16.34676456451416
-2.5533318519592285,-5.496013164520264
-7.763111591339111,-3.572404384613037
-6.398463249206543,0.9644628316164017
-2.617502212524414,-0.13620849698781967
-0.33245090395212173,-3.498983383178711
3.307616710662842,2.0137548446655273
9.134817123413086,8.266592025756836
2.0824313163757324,8.421504497528076
2.3394227027893066,11.419034004211426
3.415036201477051,13.492894172668457
4.354071617126465,7.596111297607422
8.529520034790039,9.00191068649292
11.770379543304443,8.977079391479492
3.94589900970459,4.808259010314941
2.623438835144043,7.224893569946289
-3.536379337310791,1.985180377960205
0.28388500213623047,-5.052757263183594
-1.7931342124938965,-2.4108171463012695
-2.1886229515075684,-3.302621841430664
-0.513613186776638,-5.677247047424316
-3.6836862564086914,-5.198335647583008
-12.919068336486816,-10.307765007019043
-5.471599102020264,-14.127528667449951
-1.0292410850524902,-9.45802927017212
-2.7057290077209473,-5.145657062530518
1.0828614234924316,-3.2907843589782715
2.3961663246154785,-0.352788008749485
-0.9248971939086914,-6.759393215179443
1.4687895774841309,-0.6852983683347702
4.475724697113037,2.5937795639038086
3.040432929992676,2.825319766998291
3.656184673309326,7.846581935882568
-1.552128791809082,3.968799114227295
-5.083644390106201,3.5970568656921387
1.2155771255493164,7.712721824645996
-0.6511688232421875,6.014919281005859
-3.82540225982666,2.872645854949951
1.6190886497497559,2.9382944107055664
-1.8139958381652832,-6.474041938781738
-9.845030307769775,-3.172636032104492
-4.04510498046875,0.07990599609911442
0.45170780271291733,-2.569866180419922
-0.263750609010458,-4.922056198120117
2.429044246673584,-3.4624099731445312
8.206748962402344,-7.125604152679443
6.8955302238464355,-2.6299357414245605
-0.8124113082885742,2.785325050354004
1.1835575103759766,5.4976701736450195
7.839715480804443,5.011999607086182
5.469834804534912,6.6330671310424805
6.31411075592041,4.593026638031006
7.941722869873047,9.332406520843506
2.613067626953125,11.279547214508057
-6.060826778411865,10.42623519897461
-8.61731767654419,6.2627434730529785
-4.876255989074707,6.913363933563232
-1.132524013519287,6.1461687088012695
-0.9061337262392044,1.91572904586792
1.9673466682434082,2.92208194732666
-0.9666085243225098,-0.7929205894470215
-4.128777980804443,-6.290280818939209
-2.6858091354370117,-2.7565836906433105
2.860903739929199,-6.687986850738525
6.103110313415527,-3.0655741691589355
7.550942897796631,-1.551210880279541
5.853986740112305,-7.11294412612915
3.9386749267578125,-1.6454100608825684
3.9046883583068848,-0.5131959915161133
2.1642684936523438,0.0360966008156538
4.050850868225098,4.138588905334473
9.002411365509033,4.977238178253174
4.200220108032227,3.4306764602661133
-1.7958283424377441,4.476189613342285
-2.688312530517578,7.888615131378174
-7.727396488189697,5.876576900482178
-7.6202392578125,7.604038715362549
-5.974411964416504,5.408227443695068
-0.29034610837697983,2.3571014404296875
1.042950227856636,2.510559558868408
-0.5391836166381836,2.3770570755004883
-1.8980622291564941,0.4938364028930664
-5.644166469573975,2.0478248596191406
-7.804250717163086,-0.7491350173950195
-4.728686809539795,-1.7009973526000977
0.4521369934082031,-1.2129902839660645
0.38100481033325195,0.4287600889801979
2.3118972778320312,-2.421736717224121
0.043773697689175606,-3.060173988342285
-4.210352897644043,-3.5802483558654785
-2.478945255279541,-3.2932043075561523
-1.6713738441467285,-2.4214982986450195
-1.6035914421081543,-2.4561166763305664
2.169525623321533,-6.163513660430908
4.51505184173584,-4.279494285583496
1.3183236122131348,-2.922642230987549
0.7580041885375977,-4.677248001098633
1.6138553619384766,-1.9028067588806152
0.31839609146118164,-2.5824546813964844
2.1748900413513184,-6.642210483551025
4.17788028717041,-5.317592620849609
4.390323162078857,-3.3521413803100586
0.37884708493947983,-1.2726545333862305
-4.212009906768799,0.6872653961181641
-6.468939781188965,0.6299734115600586
-6.417238712310791,-2.615797519683838
-1.72041654586792,-2.6549935340881348
0.593709908425808,-0.9530425071716309
1.0335922241210938,-2.098560333251953
-0.17203090712428093,2.831912040710449
-2.1532297134399414,2.2900819778442383
-5.511605739593506,0.8426308631896973
-2.9982924461364746,0.5874752998352051
6.235909461975098,-0.4999876022338867
8.019208908081055,-4.2946696281433105
6.160497665405273,-0.5119680985808372
4.386961460113525,-0.8490681648254395
3.887009620666504,-1.0125517845153809
-3.2120108604431152,-0.8216500282287598
-3.5440564155578613,-3.7351369857788086
4.232299327850342,-2.652585506439209
3.7993311882019043,-3.325212001800537
-3.2500267028808594,-0.6564974784851074
-1.902318000793457,-1.4839410781860352
-2.7819037437438965,0.801241397857666
-13.165450096130371,3.952932357788086
-10.566914081573486,1.876974105834961
-2.1106600761413574,0.7352113723754883
-3.1021475791931152,4.137790203094482
-4.953622817993164,1.411139965057373
0.038003900554031134,1.9121766090393066
-2.9513001441955566,1.0759233683347702
-5.442953109741211,-1.7693281173706055
1.4736652374267578,-0.07532840128988028
8.982348442077637,-2.7178525924682617
9.209108352661133,-2.694582939147949
8.398401737213135,-5.933260917663574
0.800013467669487,-5.674028396606445
1.6004681587219238,-3.5341382026672363
-2.248704433441162,-6.522643566131592
-0.3021598048508167,-6.3727498054504395
3.955078125,-6.763792037963867
6.775379180908203,-8.510839939117432
-5.873095989227295,-9.910273551940918
-4.965734481811523,-7.200789451599121
-6.054937839508057,-6.378579139709473
-10.392475128173828,-3.5264134407043457
-10.940861701965332,-1.8401741981506348
-2.1855711936950684,-1.3875126838684082
-1.2559056282043457,1.954793930053711
-6.881892681121826,6.389331817626953
-3.6306023597717285,8.438897132873535
7.468390464782715,12.102878093719482
4.025459289550781,11.706531047821045
6.408596038818359,11.276662349700928
14.469945430755615,9.913241863250732
8.400356769561768,8.069336414337158
-1.7602324485778809,9.281694889068604
3.243422508239746,4.662561416625977
4.595315456390381,8.086931705474854
5.147147178649902,7.452380657196045
6.006169319152832,4.467654228210449
6.446325778961182,2.7118325233459473
0.24652479216456413,1.3366460800170898
-2.852165699005127,-3.750157356262207
-4.640936851501465,-2.3666739463806152
-2.4829626083374023,-2.6482105255126953
1.446080207824707,-5.934858322143555
-2.600264549255371,-7.866930961608887
-4.771292209625244,-7.357656955718994
-3.711974620819092,-8.916473388671875
-5.2654266357421875,-3.4473657608032227
-4.273664951324463,-3.0372262001037598
-0.8211970329284668,-3.0901193618774414
1.2234091758728027,0.040972200222313404
-0.9243249893188477,1.620030403137207
-4.703199863433838,0.2421260066330433
-2.890777587890625,7.701516151428223
-0.6563066691160202,7.300043106079102
1.671898365020752,4.745972156524658
0.9167910367250443,9.301042556762695
1.1878371238708496,2.967226505279541
0.8130549639463425,5.041623115539551
-1.3993382453918457,8.018350601196289
1.4850974082946777,2.933204174041748
8.290565013885498,3.787529468536377
10.191881656646729,1.2600421905517578
11.12600564956665,-0.6324887275695801
7.257437705993652,-0.024568999651819468
2.235686779022217,2.1821141242980957
2.2704243659973145,0.04426239989697933
-0.1861690916121006,-3.3067703247070312
-0.8155345916748047,-2.6924610137939453
6.87408447265625,-8.222222328186035
6.0109734535217285,-4.534614086151123
-4.558932781219482,-3.6812424659729004
-1.7206192016601562,-4.219305515289307
-3.9322853088378906,-1.1275529861450195
-9.002625942230225,-4.214739799499512
-5.638325214385986,-5.58018684387207
1.255643367767334,-1.3492941856384277
-2.0964741706848145,-1.3832330703735352
-2.3887276649475098,2.3071885108947754
-4.521489143371582,-0.5588889122009277
-5.375397205352783,-2.1616578102111816
-5.7964324951171875,-2.815532684326172
0.4143952950835228,-4.3509602546691895
4.246509075164795,-0.5774736031889915
5.756044387817383,-1.8807530403137207
3.05936336517334,-6.79553747177124
0.018191300332546234,-5.804872512817383
-3.5557150840759277,-6.3575029373168945
-4.762029647827148,-4.153335094451904
-0.8463264256715775,-0.6460905075073242
2.7167320251464844,-3.7922024726867676
3.7677526473999023,-3.8427352905273438
6.496083736419678,-4.014146327972412
1.9123315811157227,-2.9569149017333984
-2.586960792541504,5.250072479248047
-3.4439563751220703,7.438099384307861
-0.09479519911110401,6.281709671020508
-0.8407949656248093,5.111551284790039
1.8211603164672852,5.378854274749756
4.8996806144714355,6.256270408630371
1.1908770352602005,12.611448764801025
-4.583430290222168,9.247803688049316
-2.3871898651123047,5.09876012802124
-2.339613437652588,3.706681728363037
-4.558300971984863,-0.4633783921599388
0.8812428265810013,-0.9758949279785156
-1.4156103134155273,-3.3502578735351562
-5.814516544342041,-12.55495548248291
-5.8420538902282715,-10.963988304138184
-6.0543060302734375,-17.463505268096924
-8.889484405517578,-14.308679103851318
-10.152947902679443,-7.379603385925293
-6.72760009765625,-8.816766738891602
0.4090427979826927,-7.37835168838501
-2.139723300933838,-4.2197465896606445
2.8211593627929688,-1.1263489723205566
7.139265537261963,5.196595191955566
5.318772792816162,14.0455961227417
-0.9171485900878906,11.672329902648926
6.241476535797119,14.216172695159912
6.236076354980469,15.075445175170898
7.215213775634766,11.590635776519775
13.407909870147705,11.560332775115967
10.531079769134521,13.284707069396973
2.845287322998047,9.935152530670166
2.312469482421875,9.534633159637451
-0.02473589964210987,3.6368727684020996
-0.7288575172424316,-0.039815898053348064
3.1691431999206543,-6.283009052276611
0.24858709424734116,-7.196342945098877
-6.440544128417969,-10.916447639465332
-6.507241725921631,-9.158778190612793
-16.228175163269043,-11.719143390655518
-13.514208793640137,-11.717557907104492
-4.479110240936279,-14.203441143035889
0.24977920576930046,-8.827638626098633
3.3426403999328613,-10.94750165939331
7.112634181976318,-9.292459487915039
-0.8523107320070267,-4.290497303009033
-7.796597480773926,-2.321958541870117
-5.259740352630615,2.497720718383789
-0.26917459443211555,6.960034370422363
6.473290920257568,6.052851676940918
9.996354579925537,5.701136589050293
7.393395900726318,8.968424797058105
2.8357386589050293,5.526995658874512
-8.617985248565674,8.174967765808105
-9.145188331604004,7.173037528991699
2.8196096420288086,4.614913463592529
0.22808309644460678,1.8159031867980957
0.7503747940063477,-0.958704873919487
10.540938377380371,-4.124188423156738
-2.3669838905334473,-3.581833839416504
-11.740672588348389,-3.7723779678344727
-0.5342007055878639,-4.543948173522949
6.287896633148193,-7.299697399139404
0.6413459777832031,-6.704545021057129
9.513509273529053,-5.867433547973633
14.671528339385986,-2.0470261573791504
-1.0252714157104492,-1.0750889778137207
-4.759955406188965,-0.24341339245438576
4.842424392700195,1.6773462295532227
2.3575544357299805,4.426443576812744
1.9015073776245117,5.362868309020996
6.73907995223999,4.431593418121338
4.373598098754883,7.063055038452148
-6.002438068389893,8.13150405883789
-3.836548328399658,5.985605716705322
-4.8568010330200195,6.858241558074951
-5.403923988342285,6.654942035675049
3.6963343620300293,4.839539527893066
4.471409320831299,1.1475324630737305
4.139864444732666,0.8486629277467728
1.8091082572937012,-2.3267507553100586
-1.8204569816589355,-1.8667101860046387
-2.0195484161376953,-1.9843697547912598
0.11093620210886002,-0.7731915265321732
1.8685460090637207,-0.3821134939789772
5.331206321716309,-0.4087686911225319
4.834043979644775,-1.2913942337036133
2.097761631011963,0.9279490262269974
3.7976861000061035,2.051687240600586
3.781759738922119,2.9868721961975098
-0.3794192895293236,2.3862361907958984
-1.6146421432495117,4.082441329956055
0.7256150245666504,4.527854919433594
-4.499757289886475,2.918994426727295
-4.5349955558776855,2.5820255279541016
1.1402606964111328,3.6859869956970215
1.772475242614746,5.635988712310791
-2.1061301231384277,3.852415084838867
-1.1860966682434082,-0.27353759855031967
-4.734361171722412,1.1449933052062988
-6.126189231872559,-2.7493953704833984
-1.8425822257995605,-1.225268766283989
-1.0544537752866745,-1.0379313677549362
2.8638839721679688,1.1301516741514206
3.786766529083252,-1.1314033716917038
-6.3521504402160645,-2.179241180419922
-2.6013612747192383,-1.9155144691467285
-1.3359427452087402,-1.0168076306581497
-1.1826395988464355,-4.9524664878845215
-2.6149630546569824,-3.1554222106933594
7.023954391479492,-2.803170680999756
0.06725789979100227,-3.3594608306884766
-3.4340858459472656,-0.5955338105559349
-2.933812141418457,-2.199578285217285
0.5412578955292702,-1.667630672454834
1.8606185913085938,-3.4205198287963867
3.979313373565674,-6.2503814697265625
1.0630249977111816,-3.1568050384521484
4.220616817474365,-0.30264850705862045
-3.0033230781555176,1.4748096466064453
-11.074244976043701,0.2561330981552601
-6.491994857788086,-1.530444622039795
0.6220341101288795,-1.9110441207885742
1.2198805809020996,-0.656282901763916
2.187955379486084,2.71608829498291
6.61768913269043,1.7478585243225098
1.8830537796020508,0.9789347648620605
-10.346078872680664,-0.44957399368286133
-6.46357536315918,1.2649774551391602
4.396533966064453,2.8052449226379395
4.111647605895996,0.6311892718076706
6.201744079589844,0.6565331667661667
11.791002750396729,-1.2904644012451172
6.885635852813721,-4.351687431335449
-3.9181947708129883,-1.5862345695495605
-4.064619541168213,-2.510213851928711
0.8789300918579102,-3.2567620277404785
2.2422313690185547,0.4006863012909889
2.787923812866211,-3.8842082023620605
4.097998142242432,-3.591179847717285
-0.3825544938445091,-1.9549846649169922
-5.781853199005127,-0.46671628952026367
-9.817004203796387,1.533198356628418
-5.681371688842773,2.989494800567627
-1.583552360534668,1.5451788902282715
-2.1797776222229004,-1.0909795761108398
-3.8539528846740723,2.9172301292419434
-1.6894817352294922,3.9728403091430664
-2.0551681518554688,1.1702418327331543
-6.643021106719971,1.3413429260253906
-3.9970993995666504,-1.640641689300537
6.263184547424316,-2.5948047637939453
3.6133289337158203,0.42488571256399155
1.0674238204956055,-3.7959933280944824
2.500641345977783,-1.4295339584350586
6.402719020843506,-4.558193683624268
-4.2697906494140625,-5.7088494300842285
1.2721061706542969,-8.26035737991333
3.8031697273254395,-9.225106239318848
-1.3005733489990234,-10.433125495910645
-7.655656337738037,-9.60838794708252
0.43915510177612305,-9.75269079208374
-3.084421157836914,-8.275914192199707
-5.965626239776611,-6.222426891326904
-1.4168024063110352,-7.225072383880615
0.4576444998383522,-2.4513602256774902
-5.376625061035156,-1.4622807502746582
-0.6924033164978027,-0.348818302154541
2.2168636322021484,3.800487518310547
2.4957776069641113,6.80769681930542
2.5557994842529297,5.95545768737793
9.327542781829834,7.742321491241455
4.6689629554748535,5.950486660003662
3.4492969512939453,5.550789833068848
4.6585798263549805,5.8190107345581055
5.189359188079834,10.634875297546387
4.776597023010254,6.2549591064453125
5.092453956604004,8.715033531188965
5.121099948883057,6.353235244750977
6.436026096343994,1.595306396484375
0.9110093116760254,6.42855167388916
-2.628624439239502,0.9486675262451172
-0.782024934887886,-0.7450342178344727
-2.2158145904541016,-2.098381519317627
-6.011152267456055,-6.1073899269104
-0.14461279846727848,-7.369065284729004
-0.25007719174027443,-5.363106727600098
-5.140352249145508,-9.420621395111084
-2.5539517402648926,-6.090426445007324
-2.020251750946045,-6.685662269592285
-5.691397190093994,-6.10281229019165
-4.3320417404174805,-6.028163433074951
-0.10554789565503597,-1.7296552658081055
-4.403448104858398,2.1416544914245605
-4.269897937774658,2.697157859802246
1.3118743896484375,5.799198150634766
-2.357363700866699,8.307838439941406
-0.51925178617239,9.048926830291748
5.8966755867004395,10.077333450317383
2.073192596435547,9.334218502044678
4.20604944229126,10.893118381500244
7.772064208984375,13.500821590423584
3.9208173751831055,10.150158405303955
8.232510089874268,10.11965274810791
10.8390212059021,7.167661190032959
5.939817428588867,3.061199188232422
3.9160728454589844,4.123377799987793
10.199451446533203,1.097559928894043
5.171012878417969,-1.1271358281373978
-1.1837124824523926,-3.674602508544922
4.865682125091553,-4.861295223236084
3.341376781463623,-7.4086785316467285
-5.788910388946533,-7.627415657043457
-4.868817329406738,-9.414517879486084
-3.247213363647461,-9.353792667388916
-7.836103439331055,-7.7233195304870605
-5.134153366088867,-3.235316276550293
-0.29935840517282486,-1.7935872077941895
-2.333962917327881,0.07491109892725945
-3.1625986099243164,1.0921596735715866
0.21156070753932,0.23277999833226204
-2.701568603515625,0.4387497901916504
-4.911291599273682,5.653393268585205
-0.4098176956176758,1.8591880798339844
-0.17817020416259766,3.002011775970459
-2.686023712158203,3.6684155464172363
2.0990610122680664,-2.850818634033203
0.7251501083374023,-0.05722050089389086
0.21032089367508888,-1.0999202728271484
3.2983899116516113,-4.919195175170898
1.1638522148132324,-1.9242167472839355
-1.2121081352233887,-4.938650131225586
-1.160895824432373,-6.338512897491455
-3.185391426086426,-3.2297372817993164
-4.226672649383545,-2.2402167320251465
1.7674922943115234,-5.962836742401123
4.8789262771606445,-2.8835535049438477
3.031599521636963,-6.622767448425293
4.532372951507568,-1.6076445579528809
3.154146671295166,1.5420198440551758
-1.3788580894470215,2.799367904663086
-1.1123300343751907,1.6254305839538574
0.30286310240626335,4.4228196144104
2.2064208984375,0.7207155227661133
4.472517967224121,-0.10241270065307617
0.3554582968354225,-0.7810115814208984
-4.039335250854492,-3.8124561309814453
-6.926941871643066,-3.3875346183776855
-9.758567810058594,-3.5599827766418457
-8.435654640197754,-9.710526466369629
-5.935907363891602,-8.293354511260986
-9.151959419250488,-6.649518013000488
-7.878541946411133,-5.322372913360596
-3.567051887512207,-3.038346767425537
-9.749042987823486,-0.9720563888549805
-3.4438014030456543,-2.2095203399658203
6.310439109802246,1.372063159942627
3.3292412757873535,3.2232046127319336
2.0782828330993652,5.1296234130859375
10.638821125030518,8.121645450592041
5.9439778327941895,10.071492195129395
6.620001792907715,8.908355236053467
12.084829807281494,9.769201278686523
9.776973724365234,8.568310737609863
6.544280052185059,5.443894863128662
3.201413154602051,9.33680534362793
0.17926689237356186,3.61936092376709
3.8715004920959473,2.996647357940674
-1.6977310180664062,0.22494789212942123
-6.627178192138672,0.35462379455566406
-2.513253688812256,-1.7453193664550781
-5.170631408691406,-1.681959629058838
-10.984659194946289,-6.935060024261475
-7.132506370544434,-4.688990116119385
-5.150365829467773,-7.680952548980713
-4.4266581535339355,-6.592381000518799
-4.369831085205078,-7.0519328117370605
-1.7804980278015137,-5.151891708374023
3.8074135780334473,-4.909718036651611
2.6166796684265137,-0.06446839775890112
-0.7833957672119141,-0.7187008857727051
4.1632890701293945,1.430046558380127
3.502631187438965,2.369856834411621
-0.6402730941772461,0.7023811340332031
4.7870635986328125,6.092309951782227
10.731744766235352,6.5456390380859375
3.2561302185058594,3.8502097129821777
-3.2166481018066406,3.348541259765625
1.8177986145019531,3.857421875
-2.6356101036071777,-0.6113648042082787
-7.820701599121094,-1.1294127255678177
0.8635879307985306,1.1794090270996094
5.446135997772217,-3.511536121368408
-3.024625778198242,1.2247561663389206
-2.2330880165100098,-1.3126134872436523
-0.20468240603804588,-2.3578643798828125
-4.817771911621094,0.34873489290475845
-1.9759535789489746,-1.517653465270996
3.8010358810424805,0.2421141043305397
5.9706807136535645,2.7761101722717285
2.393066883087158,4.845833778381348
4.4677734375,2.5571227073669434
2.284681797027588,4.859590530395508
-1.5122175216674805,6.6709160804748535
1.032400131225586,3.388369083404541
1.5191316604614258,7.178318500518799
-0.5431652069091797,5.284512042999268
1.800227165222168,4.887545108795166
1.629626750946045,5.461513996124268
-1.0664225369691849,6.329691410064697
3.2317757606506348,0.5550146102905273
4.373538494110107,-0.21697280928492546
4.884147644042969,-2.732360363006592
8.076834678649902,-3.915560245513916
4.849350452423096,-2.4636030197143555
2.663123607635498,-1.815497875213623
3.598809242248535,-3.5143613815307617
0.7635951042175293,-2.326178550720215
-2.2950172424316406,-0.8478760719299316
3.0458450317382812,-1.4564752578735352
2.7372241020202637,0.93536376953125
-4.494214057922363,0.45535560697317123
-2.1259307861328125,1.4579057693481445
-0.3291010856628418,5.178868770599365
-7.526922225952148,3.0661821365356445
-7.185482978820801,3.9986252784729004
-1.4502763748168945,5.729055404663086
-2.5006890296936035,3.367459774017334
-2.8819918632507324,3.153538703918457
4.189014434814453,0.9968162328004837
-0.45440200716257095,2.3725032806396484
-0.2628803066909313,2.1589040756225586
2.5367259979248047,3.4251928329467773
-0.8713960647583008,2.69242525100708
0.35163160413503647,-0.5272508040070534
1.922297477722168,-3.4646987915039062
3.8157224655151367,-4.635310173034668
1.2768030166625977,-1.66853666305542
0.9485960006713867,0.17468929290771484
-2.313101291656494,0.17240049317479134
-3.7560343742370605,-0.19929410889744759
-5.93724250793457,-2.3862600326538086
-5.151224136352539,-4.3097615242004395
-4.6173095703125,-1.612257957458496
-2.196502685546875,-0.47490600496530533
-4.702663421630859,2.2606253623962402
-3.633856773376465,-0.3598928079009056
-2.1368861198425293,-2.8668761253356934
-0.1456260960549116,-3.990626335144043
0.9677410125732422,0.018656300380825996
5.527949333190918,-2.0381927490234375
6.270754337310791,-3.908252716064453
-2.247905731201172,-3.756582736968994
-0.968158170580864,-2.1540284156799316
0.8948683738708496,-0.5487323179841042
-1.864182949066162,-0.45911069959402084
-0.6356477737426758,-1.0374665260314941
4.797053337097168,-1.8235445022583008
3.905618190765381,0.2730727009475231
-0.3152132034301758,-1.050722599029541
3.069019317626953,-3.1926751136779785
-1.6518592834472656,2.1169304847717285
-1.0536789894104004,-1.1205316334962845
1.0069608688354492,1.519632339477539
4.302668571472168,-0.07694960106164217
4.802083969116211,-3.0704379081726074
4.347443580627441,-1.622772216796875
3.398728370666504,-0.008988400222733617
-0.19788740202784538,-0.909733772277832
-3.146696090698242,0.2205372042953968
-2.228081226348877,-0.38123130798339844
-1.115560531616211,-1.9824504852294922
-1.21232271194458,1.019597128033638
-0.11031630448997021,1.7229080200195312
-4.571354389190674,1.0182738304138184
-9.164619445800781,5.513894557952881
-7.4918389320373535,3.2390594482421875
-5.686008930206299,4.629933834075928
-4.142963886260986,2.8029322624206543
-1.9848227500915527,0.1105308998376131
0.4509925842285156,0.19925830885767937
0.7480025291442871,-0.3151893988251686
-2.933967113494873,-3.7094831466674805
-2.6870250701904297,-2.4694085121154785
3.781116008758545,-4.49366569519043
5.172979831695557,-5.678319931030273
8.21753740310669,-6.712055206298828
8.687222003936768,-8.61583948135376
6.7159295082092285,-9.329164028167725
-1.6754508018493652,-5.912196636199951
-0.44438838958740234,-8.756065368652344
-1.2217401713132858,-6.341791152954102
-2.9621243476867676,-8.997082710266113
-0.2838730998337269,-12.625885009765625
-1.5673279762268066,-6.016743183135986
-8.626532554626465,-7.3444366455078125
-8.169984817504883,-3.8344740867614746
-8.64095687866211,-3.557312488555908
-11.266839504241943,-0.7662177085876465
-6.801903247833252,1.7511367797851562
3.254389762878418,5.780839920043945
0.06479020230472088,5.016958713531494
3.809189796447754,9.511256217956543
8.069849014282227,8.450567722320557
7.467532157897949,10.467100143432617
2.704489231109619,8.672094345092773
5.21695613861084,11.835265159606934
9.932279586791992,8.512043952941895
6.923115253448486,10.322582721710205
7.489967346191406,8.496153354644775
9.306073188781738,10.186553001403809
5.464577674865723,7.0980072021484375
1.2583613395690918,6.272697448730469
0.30901430174708366,2.9500246047973633
1.9092679023742676,2.535879611968994
-2.7503371238708496,0.7708907127380371
-1.727616786956787,0.4060148820281029
1.8833398818969727,-3.8814187049865723
-5.946588516235352,-5.524921417236328
-6.08748197555542,-7.344615459442139
-6.174683570861816,-8.195793628692627
-3.6657094955444336,-6.5624237060546875
-4.402124881744385,-7.203197479248047
-0.40372610092163086,-8.522224426269531
-4.178643226623535,-6.1576247215271
-0.8471012115478516,-5.515921115875244
-5.243241786956787,-0.23713110014796257
-4.542064666748047,2.2955894470214844
-1.7588496208190918,3.3691883087158203
2.5525569915771484,3.1255245208740234
-2.5130748748779297,5.297088623046875
-2.7402281761169434,10.298359394073486
0.35877231508493423,10.18378734588623
1.2565851211547852,14.13959264755249
1.18927963078022,11.528563499450684
7.708489894866943,8.921277523040771
13.022017478942871,12.292420864105225
12.566578388214111,7.134652137756348
7.154238224029541,6.20352029800415
13.204634189605713,0.9213448315858841
4.32276725769043,-1.2575745582580566
3.078162670135498,-3.0040502548217773
4.132699966430664,-2.7913689613342285
3.687167167663574,-7.264280319213867
1.0840535163879395,-10.629308223724365
-2.3405909538269043,-13.030683994293213
-6.608843803405762,-12.074613571166992
-6.313431262969971,-10.111415386199951
-9.888291358947754,-4.949450492858887
-6.973981857299805,-6.3080668449401855
-4.006290435791016,-2.6393532752990723
-5.276787281036377,-4.198849201202393
-2.853572368621826,-0.9400486946105957
-5.196082592010498,2.4194717407226562
-2.5687336921691895,4.046058654785156
-1.5442967414855957,3.1868457794189453
-1.156020164489746,-0.5448340997099876
2.207612991333008,-0.757300928235054
6.585395336151123,0.7691503316164017
5.131864547729492,-2.6109814643859863
0.6307601928710938,-0.4870771989226341
0.7500051707029343,-2.827143669128418
1.9456744194030762,-4.974269866943359
-3.4364700317382812,-0.6910920143127441
4.537999629974365,-2.910184860229492
7.651269435882568,-4.121291637420654
-1.5650510787963867,-0.96497543156147
-3.9273738861083984,1.2197136878967285
-0.34183260053396225,3.382742404937744
-3.014063835144043,5.11929988861084
-7.154834270477295,3.409910202026367
3.657960891723633,3.7431836128234863
4.201877117156982,5.469393730163574
-5.339622497558594,2.0720720291137695
-5.337989330291748,6.419837474822998
-5.336391925811768,5.477535724639893
-6.234586238861084,2.0770907402038574
-4.787182807922363,-2.0554065704345703
3.8571834564208984,-3.5616040229797363
2.9747366905212402,-7.807433605194092
-1.2067555636167526,-4.702365398406982
-5.080759525299072,-7.716691493988037
-8.283758163452148,-11.8880033493042
-7.602095603942871,-9.908807277679443
-6.6449761390686035,-5.361151695251465
-5.789577960968018,-2.1311283111572266
3.803682327270508,0.8323788642883301
3.1446337699890137,-3.2194137573242188
-3.682410717010498,0.8456826210021973
0.9236931800842285,2.542448043823242
7.950329780578613,9.749364852905273
0.6723762303590775,8.449971675872803
3.4175992012023926,7.4455976486206055
13.938188552856445,10.178053379058838
6.999528408050537,9.990966320037842
4.3132781982421875,10.530829429626465
8.295881748199463,8.855891227722168
-0.6301403045654297,3.1736373901367188
-1.5441060066223145,3.790128231048584
1.6779899597167969,-0.6806015968322754
1.7184257507324219,-1.2076020240783691
-0.06386039778590202,-3.466939926147461
-0.8080720901489258,-5.770313739776611
-2.634453773498535,-6.983387470245361
-8.94155502319336,-9.303998947143555
-7.8484296798706055,-8.962440490722656
-8.966577053070068,-7.154428958892822
-3.172945976257324,-6.341159343719482
0.05817410070449114,-5.228745937347412
0.0731826014816761,-7.397007942199707
-0.9198904037475586,-1.7321586608886719
0.3628373146057129,-0.973820686340332
1.315760612487793,1.0084270685911179
-1.6484975814819336,0.912320613861084
1.7577767372131348,-3.2436490058898926
4.211688041687012,1.8266797065734863
-0.22901300340890884,2.7054548263549805
-1.265275478363037,4.245662689208984
3.5515427589416504,2.9994845390319824
0.4861116036772728,0.6990790367126465
-3.5541534423828125,0.08631939999759197
1.4808893203735352,-1.2423992156982422
3.402829170227051,-4.02987003326416
-4.297506809234619,-4.582035541534424
-2.750849723815918,-4.9024224281311035
-0.2080201916396618,1.811540126800537
-2.7387499809265137,-1.800215244293213
-1.367020606994629,2.9656410217285156
3.173220157623291,0.8963465690612793
5.053603649139404,-0.010240100091323256
2.5046348571777344,3.5773277282714844
2.416074275970459,4.919111728668213
3.3098340034484863,7.317328453063965
0.9481191635131836,9.341347217559814
4.9477338790893555,4.783594608306885
5.359911918640137,5.46954870223999
1.495802402496338,4.323875904083252
-0.2743363007903099,5.6087493896484375
-3.2953262329101562,3.8239598274230957
-3.8448691368103027,7.02136754989624
-4.396474361419678,5.8599114418029785
3.5278797149658203,1.6830921173095703
0.9423732757568359,1.0657191276550293
-1.467585563659668,2.8200268745422363
6.312978267669678,-1.1591315269470215
0.41037801653146744,-0.4285097122192383
-0.38127899169921875,-2.597928047180176
5.669426918029785,-2.1451592445373535
7.052099704742432,-0.46584609895944595
2.4008750915527344,0.1800536923110485
4.099667072296143,-0.9074568748474121
4.28466796875,1.4222383499145508
-1.0335206985473633,3.6435365676879883
1.2458562850952148,4.811239242553711
4.95830774307251,5.707371234893799
0.2441883087158203,3.3057093620300293
-3.7336230278015137,6.583189964294434
-5.805253982543945,6.631970405578613
-6.367588043212891,5.146551132202148
-6.116902828216553,4.046165943145752
-4.476380348205566,4.309332370758057
1.8036365509033203,1.9992470741271973
0.3620744124054909,1.199185773730278
-1.8086791038513184,1.2832880020141602
-2.0709872245788574,-1.0520339012145996
-3.8125038146972656,0.3881216049194336
1.1229156702756882,2.1312475204467773
5.498552322387695,-0.3425956144928932
4.202663898468018,-1.306617259979248
0.8080244064331055,-2.8095483779907227
0.1527904998511076,-2.9181957244873047
-5.833756923675537,0.22586580365896225
-5.74718713760376,0.8750557899475098
2.6783227920532227,1.3154029846191406
0.695955827832222,-1.7630457878112793
-1.6590476036071777,-0.33751729875802994
-1.8993139266967773,-3.6742568016052246
-7.458662986755371,-3.983151912689209
-10.088872909545898,-1.783609390258789
-3.0780911445617676,-4.223811626434326
2.4892807006835938,-3.4152984619140625
1.5734076499938965,-5.261123180389404
5.270528793334961,-4.097306728363037
1.590263843536377,-2.206850051879883
-8.18946361541748,-4.364585876464844
-7.025349140167236,-4.664862155914307
0.020980800036340952,-4.52197790145874
4.112148284912109,-3.2424330711364746
7.55695104598999,-1.2436152249574661
5.740606784820557,1.9200444221496582
3.526771068572998,2.1132826805114746
-1.4905095100402832,-0.5307912826538086
-4.906976222991943,2.617204189300537
2.147245407104492,1.8315315246582031
5.140352249145508,6.589508056640625
4.8302531242370605,4.89422082901001
4.098975658416748,3.8604378700256348
0.14516119845211506,0.6963849067687988
-2.4230480194091797,0.21482709795236588
-0.26029350236058235,0.05642179865390062
1.0794519633054733,-0.30058620497584343
1.9215941429138184,-1.4489531517028809
3.387022018432617,-2.97088623046875
-1.169133186340332,-3.619217872619629
-8.231258392333984,-1.5213251113891602
-5.994307994842529,-2.246379852294922
-3.8025975227355957,-1.8734335899353027
-4.711294174194336,-0.9034156799316406
-3.971576690673828,0.029611599165946245
-1.6365647315979004,0.8890867233276367
-5.353879928588867,1.006758213043213
-7.868754863739014,0.6762385368347168
-7.816421985626221,1.0954021662473679
0.8561850339174271,2.708005905151367
1.5155434608459473,-0.760662630200386
2.0768046379089355,-0.6789206713438034
5.650222301483154,-0.689685270190239
6.997215747833252,-5.062222480773926
2.164614200592041,-3.1404733657836914
3.2756567001342773,-7.061553001403809
7.215142250061035,-10.04568338394165
5.479073524475098,-6.640493869781494
1.1319159716367722,-9.88847017288208
-3.452599048614502,-8.711099624633789
-0.03093479899689555,-10.413074493408203
-9.336674213409424,-11.471498012542725
-7.357823848724365,-12.02477216720581
-3.7627220153808594,-10.438311100006104
0.8298516273498535,-6.1586737632751465
-10.741245746612549,-5.874490737915039
-4.319620132446289,-2.851879596710205
-2.279531955718994,-1.7607808113098145
-7.724189758300781,-2.4570345878601074
-4.535067081451416,1.1651039123535156
4.106009006500244,7.316935062408447
3.3283352851867676,8.685362339019775
4.059469699859619,11.649680137634277
10.056710243225098,9.24004316329956
12.809562683105469,7.100784778594971
8.417892456054688,6.953942775726318
6.5581440925598145,12.06204891204834
6.18131160736084,7.036185264587402
4.064655303955078,9.49850082397461
0.9011148661375046,7.265937328338623
4.553663730621338,4.860413074493408
8.656704425811768,3.1350255012512207
-0.3024459071457386,1.950061321258545
-5.039799213409424,-0.4419564828276634
-2.553272247314453,2.973175048828125
-12.453627586364746,-0.5783199891448021
-9.545135498046875,-0.27663709595799446
1.3723969459533691,-3.0341386795043945
0.9305834770202637,-4.724442958831787
-2.871072292327881,-5.626571178436279
1.826643943786621,-8.172059059143066
-3.282284736633301,-2.596127986907959
-9.203159809112549,-3.930211067199707
-3.263521194458008,-1.2262582778930664
1.0109425336122513,-0.7994771003723145
4.273712635040283,-1.7410635948181152
0.6029367074370384,2.3440003395080566
1.4793753623962402,3.097200393676758
1.0558366775512695,6.560146808624268
-4.6741485595703125,8.284544944763184
-4.057478904724121,9.060406684875488
2.2119641304016113,8.0519437789917
0.6769657135009766,9.167778491973877
3.2039999961853027,6.48043155670166
7.577311992645264,8.974790573120117
6.36826753616333,6.904268264770508
5.1699042320251465,6.857800483703613
5.857968330383301,5.624175071716309
7.047975063323975,2.646183967590332
4.463601112365723,0.5113958939909935
5.546295642852783,-2.768564224243164
3.8083672523498535,-4.967772960662842
-0.33179521560668945,-4.374873638153076
-3.8260340690612793,-6.01954460144043
-3.6875486373901367,-8.307182788848877
-2.5246262550354004,-7.650196552276611
1.1449574679136276,-8.61351490020752
2.3418068885803223,-7.1604132652282715
-0.44169429689645767,-4.369103908538818
-4.812252521514893,-4.980194568634033
-6.200408935546875,-4.465949535369873
-8.456206321716309,-2.698516845703125
-5.911743640899658,0.0828505028039217
-0.48149820417165756,1.6796231269836426
3.524017333984375,-0.23884769529104233
-0.9649395942687988,-2.453923225402832
-1.3411879539489746,-2.262294292449951
-2.1281957626342773,-2.2699594497680664
-0.7697939872741699,-3.675210475921631
-0.2147079072892666,0.15074010007083416
3.8057684898376465,-3.8417816162109375
3.638005256652832,-4.540753364562988
0.8254647254943848,-3.234076499938965
-0.4589200019836426,-2.660858631134033
-1.371443271636963,2.2153615951538086
-0.2811313048005104,1.1237263679504395
3.477931022644043,2.0389199256896973
1.721632480621338,-0.08444789797067642
-1.9208431243896484,1.9593000411987305
0.5590200051665306,3.0211687088012695
-2.0769834518432617,4.967260360717773
-5.317366123199463,3.082275390625
4.159080982208252,1.8294692039489746
2.596426010131836,2.7808547019958496
-3.4402966499328613,1.2290000915527344
-4.120767116546631,5.010485649108887
-4.427599906921387,-1.7340540885925293
-6.552290916442871,-1.8050312995910645
-6.757879257202148,-5.109572410583496
0.8167027682065964,-6.1257243156433105
5.6404709815979,-7.0494771003723145
-3.6562442779541016,-7.564043998718262
-5.795943737030029,-9.104180335998535
-1.3324737548828125,-6.881296634674072
-4.535877704620361,-9.606587886810303
-8.482766151428223,-3.7558913230895996
0.7036328315734863,1.8790602684020996
3.0431389808654785,5.182623863220215
1.8693089485168457,3.605043888092041
-0.7067800313234329,6.155073642730713
3.7978529930114746,4.3778181076049805
0.6170988082885742,12.116456031799316
-1.6108989715576172,8.616948127746582
-1.2181282043457031,7.296574115753174
2.6556015014648438,12.104189395904541
4.250681400299072,5.8495402336120605
7.041800022125244,4.695677757263184
7.657742500305176,5.326187610626221
4.285764694213867,0.3974318876862526
0.03507140092551708,-1.5170931816101074
1.8022894859313965,-1.2925386428833008
-3.434741497039795,-8.349835872650146
3.693699836730957,-3.977525234222412
2.7875304222106934,-4.54484224319458
-3.360295295715332,-9.019768238067627
-5.161070823669434,-7.305967807769775
-2.791309356689453,-7.68122673034668
-6.610095500946045,-10.823357105255127
-0.37235021591186523,-1.9506335258483887
5.066287517547607,-5.299830436706543
5.005943775177002,-3.5697221755981445
-3.3644556999206543,0.8265017718076706
0.5216718092560768,-4.213345050811768
-0.8367062360048294,-1.945042610168457
-4.050767421722412,3.879833221435547
1.025843620300293,3.6506295204162598
4.0933966636657715,5.475401878356934
-2.9796361923217773,7.774496078491211
-7.329857349395752,3.243589401245117
-4.859590530395508,3.357863426208496
-3.481876850128174,3.936946392059326
-5.380523204803467,3.2393574714660645
2.6560068130493164,3.22723388671875
6.3236236572265625,-0.534355603158474
-1.1734604835510254,-2.712130546569824
0.10515449568629265,-3.1066060066223145
1.5422821044921875,-2.260160446166992
0.03485680092126131,-1.8964052200317383
1.8674969673156738,-0.526130199432373
6.877303123474121,-0.9678720682859421
7.765662670135498,1.5854954719543457
5.582582950592041,0.8362293243408203
5.421876907348633,1.6596436500549316
8.264362812042236,4.199540615081787
4.914295673370361,2.6003479957580566
7.496654987335205,0.9786009788513184
4.568493366241455,0.3648995980620384
0.6838679313659668,-0.9055613726377487
-3.170335292816162,4.497826099395752
-5.361998081207275,3.307175636291504
-6.493175029754639,-2.2275328636169434
-2.8480052947998047,-0.7567405700683594
-2.2324681282043457,-1.9931912422180176
-2.9506921768188477,1.751387119293213
-1.414930820465088,3.7366390228271484
-2.949392795562744,-0.5673884972929955
-5.4618000984191895,-1.7886042594909668
1.2475966662168503,-2.624797821044922
4.79050874710083,0.8640409260988235
5.908417701721191,3.716444969177246
6.536424160003662,5.291259288787842
6.0247063636779785,3.9431214332580566
3.332185745239258,3.9103269577026367
2.2826075553894043,4.954993724822998
2.4109244346618652,5.840909481048584
4.15043830871582,6.785881519317627
1.2279272079467773,7.401251792907715
-0.4601120948791504,2.224612236022949
-1.0854482650756836,2.241361141204834
-4.475927352905273,3.0820369720458984
-5.966520309448242,1.7348289489746094
-3.6392807960510254,5.0467848777771
-4.883313179016113,-0.4258393868803978
-3.0074000358581543,-4.351770877838135
-3.707706928253174,-3.195798397064209
-3.194582462310791,-4.620778560638428
-1.157689094543457,0.2581834979355335
0.8594275265932083,-1.5395879745483398
-3.9020299911499023,-0.16584400087594986
-0.4780292883515358,-1.7588376998901367
3.92303466796875,-0.8268833160400391
-3.2745003700256348,-0.5028247833251953
3.783118724822998,0.5897641181945801
6.114792823791504,0.34339431673288345
1.133263111114502,-0.4133344069123268
0.9480118751525879,-2.5975942611694336
4.169583320617676,3.3704280853271484
-4.227268695831299,-1.1666536331176758
-5.414462089538574,-0.7107138633728027
-0.18820760771632195,-0.7146955281496048
0.2528071030974388,-6.2773823738098145
-2.8853535652160645,-3.7185072898864746
-0.10769370011985302,-2.329564094543457
0.36342140287160873,-3.393983840942383
-4.351806640625,-0.8916974067687988
-6.204891204833984,-2.031886577606201
-3.5672545433044434,-1.6322851181030273
2.0130038261413574,0.37364959716796875
-0.7706761360168457,-1.7796635627746582
-0.82992322742939,-1.678466796875
1.7422080039978027,0.9673953056335449
-0.341641902923584,1.2178778648376465
-1.5610694885253906,-0.49312110990285873
1.8140435218811035,1.8276572227478027
3.699803352355957,1.1449456214904785
3.1107187271118164,2.2894978523254395
4.742395877838135,-0.42716260999441147
4.226231575012207,-2.8530478477478027
3.1128287315368652,-4.993855953216553
2.5411367416381836,-2.5545358657836914
4.556703567504883,-2.1095991134643555
3.7699222564697266,-3.30122709274292
0.2611876092851162,-4.875040054321289
-1.0904431343078613,-8.641612529754639
-0.6553410738706589,-4.803836345672607
-0.6017208099365234,-4.459679126739502
-4.4777512550354,-2.1099209785461426
-2.4235010147094727,-3.5162806510925293
-2.6424288749694824,-1.9832491874694824
-4.071056842803955,-0.5806446075439453
-4.747927188873291,2.1305322647094727
-5.320847034454346,4.517972469329834
-3.768932819366455,3.2340168952941895
-4.0854811668396,1.4983534812927246
-2.3896098136901855,3.6516189575195312
2.666926383972168,0.8466839790344238
2.1193504333496094,2.35903263092041
1.857137680053711,2.8056859970092773
-0.29172899201512337,0.3451346978545189
1.2088894844055176,-2.0298123359680176
-2.5932669639587402,-0.9912729263305664
1.3789176940917969,-5.499815940856934
2.713346481323242,0.25407079607248306
0.9436845779418945,-5.815291404724121
-3.2581329345703125,-7.676219940185547
0.8871912956237793,-10.742676258087158
-1.4665722846984863,-10.798060894012451
-5.064964294433594,-11.303246021270752
-3.7815093994140625,-3.702688217163086
0.7111669331789017,-5.948543548583984
-4.683947563171387,-7.914209365844727
-4.954850673675537,-3.907346725463867
0.6387829780578613,-3.8416028022766113
2.0653247833251953,4.067373275756836
-5.298161506652832,7.3844313621521
2.414238452911377,2.7324438095092773
4.828011989593506,5.714559555053711
5.826222896575928,5.113804340362549
5.129039287567139,9.836745262145996
11.67665719985962,10.045325756072998
5.248665809631348,9.63984727859497
0.6820201873779297,7.407283782958984
0.18094779923558235,8.55933427810669
13.922667503356934,5.790472030639648
-7.957327365875244,11.655795574188232
7.374966144561768,5.330467224121094
6.039977073669434,4.564070701599121
-4.378962516784668,2.605593204498291
-9.980666637420654,1.0764241218566895
8.374881744384766,2.8226494789123535
-5.110478401184082,-0.6072044000029564
-9.171068668365479,-3.2892584800720215
2.7156829833984375,-4.838681221008301
3.0479907989501953,-6.8489909172058105
-9.434092044830322,-10.605275630950928
-1.3867735862731934,-3.3871889114379883
2.080965042114258,-4.691827297210693
-4.126989841461182,-8.369052410125732
-2.093648910522461,-9.242796897888184
-1.0317205637693405,-8.114850521087646
0.7522463798522949,-2.274203300476074
1.6562819480895996,3.5868167877197266
0.6200790032744408,-0.8075237274169922
-2.225661277770996,3.621971607208252
4.405176639556885,4.459547996520996
4.403877258300781,6.303918361663818
-3.7130117416381836,7.353734970092773
-2.0282745361328125,10.883903503417969
7.489252090454102,10.388827323913574
-1.7648816108703613,5.835533142089844
3.78340482711792,9.694981575012207
11.719536781311035,5.723476409912109
10.500895977020264,7.447969913482666
-0.3472447022795677,3.627133369445801
4.637300968170166,0.2656101994216442
5.838644504547119,-2.1729588508605957
-0.5378245934844017,-4.388833045959473
-1.358342170715332,-3.418433666229248
8.417749404907227,-2.5241732597351074
1.8934845924377441,-7.338237762451172
-2.223217487335205,-9.36509370803833
0.7169246673583984,-13.106203079223633
0.09704830124974251,-8.123970031738281
-3.036975860595703,-1.0771393775939941
-1.2185096740722656,-4.269373416900635
-0.7833600044250488,-0.74294812977314
-2.633082866668701,-3.8285136222839355
-1.271069049835205,-1.3716697692871094
-5.114173889160156,0.40726661682128906
-4.645013809204102,4.925441741943359
-4.580831527709961,2.8041481971740723
-6.397092342376709,2.4259567260742188
-4.861235618591309,-3.1274795532226562
-0.9541869163513184,-0.9971380233764648
0.05973579827696085,-0.39026740938425064
-0.8647798746824265,1.6143441200256348
0.7762312889099121,-2.4449944496154785
1.1388062685728073,-2.5981664657592773
-1.4393091201782227,-5.156373977661133
-1.8517732620239258,-1.3279914855957031
1.7596125602722168,0.38657188415527344
3.363633155822754,2.7129292488098145
6.894886493682861,-0.44283870607614517
7.2716474533081055,-2.373945713043213
2.5419235229492188,0.35048719495534897
3.650486469268799,4.3251872062683105
0.5522489920258522,6.880474090576172
-4.163932800292969,3.441929817199707
-0.9292840957641602,3.719818592071533
4.0677666664123535,-2.407705783843994
-0.40160421282052994,1.770341396331787
-2.4330854415893555,4.903507232666016
-7.563447952270508,2.893519401550293
-7.095682621002197,1.691877841949463
-7.4242353439331055,-5.641758441925049
-6.5400004386901855,-12.125575542449951
3.710949420928955,-6.126499176025391
4.0969133377075195,-6.502807140350342
-0.9006618708372116,-4.271888732910156
-4.426681995391846,-8.312451839447021
-2.0858049392700195,-12.28330135345459
-2.6494264602661133,-12.8243088722229
-1.2388229370117188,-0.4469155892729759
0.21064279600977898,6.053769588470459
7.599782943725586,4.799306392669678
0.24001600220799446,3.906583786010742
-4.2475104331970215,0.5851984024047852
-2.125561237335205,5.4300665855407715
2.9578447341918945,12.620699405670166
-4.759681224822998,12.393832206726074
-3.487420082092285,10.7979416847229
4.598665237426758,7.5318098068237305
0.010287800105288625,4.063105583190918
0.7700800895690918,5.439853668212891
6.41939640045166,5.180644989013672
3.1073927879333496,0.8320093154907227
-0.5223989114165306,1.2317299842834473
-0.7294893264770508,-3.951561450958252
2.6123523712158203,-2.2858738899230957
4.217731952667236,-2.9089927673339844
0.7693648338317871,-6.1608195304870605
1.0539650917053223,-5.831432342529297
0.7435798645019531,-11.194467544555664
-4.263937473297119,-10.236477851867676
-5.459332466125488,-6.508588790893555
3.017580509185791,-3.726184368133545
5.7059407234191895,-3.165292739868164
0.05335810128599405,-7.20442533493042
-1.8540263175964355,-7.193505764007568
4.200863838195801,-4.712808132171631
-0.848698616027832,-0.20749570801854134
-6.228828430175781,1.4233827590942383
0.7505536079406738,4.49986457824707
2.2354722023010254,2.3469090461730957
-6.944000720977783,0.9374260902404785
-7.039034366607666,4.971301555633545
-0.23941989988088608,3.7952542304992676
-4.591119289398193,7.203912734985352
-4.6469926834106445,4.445374011993408
5.514180660247803,0.4929662123322487
5.3289055824279785,-0.16717910766601562
1.0712503641843796,-0.13520720414817333
-0.3639936074614525,-0.23670200258493423
-1.6864895820617676,1.601552963256836
-2.4247169494628906,1.5956997871398926
-2.333080768585205,-1.3974189758300781
6.359755992889404,1.5639185905456543
11.555612087249756,3.1873226165771484
9.10656452178955,0.7865428924560547
5.955874919891357,4.269564151763916
5.771136283874512,-2.1320462226867676
1.0808587074279785,0.7923483848571777
-0.3465890884399414,4.273533821105957
3.4084320068359375,3.9263248443603516
5.780553817749023,5.495214462280273
-1.6153335571289062,2.503502368927002
-2.000272274017334,0.5964159965515137
-3.1686782836914062,2.3546576499938965
-6.056368350982666,3.9803147315979004
-5.727756023406982,5.236709117889404
0.17865899950265884,4.1266679763793945
-1.3417601585388184,3.1813621520996094
-1.0323762893676758,2.9013633728027344
2.121102809906006,3.6425352096557617
1.0143637657165527,3.9940714836120605
0.10143520310521126,2.8073549270629883
4.942643642425537,0.6066441908478737
7.18618631362915,2.3030757904052734
7.772552967071533,1.9625663757324219
8.34120512008667,2.922046184539795
5.76244592666626,2.974534034729004
1.3513684272766113,0.67687027156353
0.6312490254640579,-0.4111051931977272
-0.9385467320680618,-2.796769142150879
3.124678134918213,-1.32066011428833
0.9146451950073242,-0.4010320082306862
-5.173289775848389,-0.8996964246034622
-7.37457275390625,-0.061082798056304455
-7.610213756561279,-3.6199092864990234
-8.735966682434082,0.17968419939279556
-6.559228897094727,-2.559018135070801
1.8687963485717773,0.09477140381932259
-1.3314247131347656,1.1948943138122559
-5.304467678070068,-0.3172636032104492
-5.312561988830566,2.859354019165039
-1.283276081085205,0.37211179733276367
-4.120314121246338,2.5029778480529785
-0.9995698928833008,2.982449531555176
8.541250228881836,2.7516603469848633
8.343219757080078,-0.5459785088896751
0.3895401954650879,-0.15043020248413086
6.148254871368408,0.8517026901245117
3.782057762145996,1.5464067459106445
-3.9150357246398926,-0.8318305015563965
-2.4982094764709473,-1.5224337577819824
2.4646401405334473,-2.924621105194092
1.7844796180725098,-5.5817484855651855
-3.0370473861694336,-3.630244731903076
1.1956334114074707,-4.367923736572266
-1.4632701873779297,-3.2912731170654297
-7.292687892913818,-3.4965157508850098
-5.978965759277344,-6.813943386077881
-3.074467182159424,-1.1173605918884277
-0.3342748060822487,-3.360724449157715
0.4639625921845436,-3.3341288566589355
0.8611916750669479,-4.590201377868652
1.889955997467041,-1.0253667831420898
-0.9683371335268021,1.1847496032714844
-2.2679567337036133,3.289186954498291
-3.420281410217285,4.009068012237549
-0.8675217628479004,3.055095672607422
3.5910606384277344,-1.5362858772277832
5.273115634918213,-1.1655569076538086
10.149812698364258,1.3277649879455566
6.322050094604492,5.541849136352539
3.727579116821289,1.4254570007324219
-0.9350060671567917,1.1403083801269531
-3.4652233123779297,0.6516336649656296
-0.9367228299379349,-0.29929880052804947
5.03002405166626,1.3160467147827148
3.5163044929504395,-0.9280682355165482
-1.1829733848571777,-0.48363208770751953
-2.632415294647217,1.1751890182495117
-4.811584949493408,2.8264284133911133
-7.479369640350342,2.391970157623291
0.19012689590454102,1.9042491912841797
0.7493019104003906,0.6603240966796875
-0.897359773516655,-2.31400728225708
-1.7635703086853027,-0.20862819626927376
-2.4086713790893555,-0.5317806825041771
-6.484460830688477,3.6377310752868652
-7.445502281188965,1.6903996467590332
1.3915181159973145,-2.1299242973327637
4.987013339996338,-6.666803359985352
1.2188196182250977,-6.670236587524414
3.333866596221924,-5.325186252593994
5.14601469039917,-2.430450916290283
-7.68887996673584,-3.9763927459716797
-7.9639434814453125,-7.572877407073975
-0.7222533226013184,-8.513844013214111
2.9205322265625,-9.484267234802246
2.338898181915283,-8.672654628753662
6.6033124923706055,-8.348691463470459
-1.1321067810058594,-12.645137310028076
-12.874031066894531,-10.109925270080566
-6.250655651092529,-10.21188497543335
-6.988525390625,-7.19684362411499
-3.5729050636291504,-2.326798439025879
4.385387897491455,-4.532623291015625
5.7184576988220215,-1.7230033874511719
-4.863214492797852,0.9253262728452682
1.373445987701416,-0.604248009622097
0.6397247314453125,5.926322937011719
-0.3728628158569336,10.3218674659729
4.954540729522705,10.535931587219238
13.310778141021729,11.540210247039795
6.2325239181518555,5.6922197341918945
3.849029541015625,8.895838260650635
6.392693519592285,10.989046096801758
1.6008496284484863,13.87397050857544
-2.2536516189575195,11.963796615600586
3.315138816833496,7.742738723754883
3.9879202842712402,4.108262062072754
1.6077756881713867,3.5568833351135254
-1.0888218879699707,4.7858476638793945
-0.06943940185010433,2.8537392616271973
-3.8466811180114746,-0.8896231651306152
-6.404626369476318,-3.518044948577881
-0.4543304070830345,-4.043781757354736
4.1457414627075195,-6.927311420440674
-0.603020191192627,-5.953586101531982
-4.722487926483154,-8.882224559783936
-0.9141684323549271,-8.324384689331055
-2.748703956604004,-10.27214527130127
-3.9375662803649902,-7.952392101287842
3.535294532775879,-4.128789901733398
6.5006256103515625,-2.6747703552246094
-2.328503131866455,0.8038997650146484
-3.6028504371643066,-0.8917927742004395
-2.3528099060058594,4.230976104736328
-4.01458740234375,8.462071418762207
-2.04010009765625,8.527934551239014
2.442634105682373,11.039900779724121
3.4019827842712402,10.627877712249756
-1.229083463549614,8.786296844482422
2.2566676139831543,14.033043384552002
2.100837230682373,12.871623039245605
2.4051666259765625,11.457908153533936
6.555533409118652,9.609425067901611
5.542147159576416,4.3122172355651855
6.469416618347168,0.767660066485405
7.140135765075684,5.948090553283691
3.3216118812561035,1.866912841796875
2.3449182510375977,0.16635660082101822
-0.2851247973740101,-2.1093368530273438
0.9470701217651367,-4.755640029907227
-0.1914023980498314,-5.874395370483398
-0.3617405891418457,-5.1573872566223145
-0.11973380111157894,-8.374083042144775
-0.4889727011322975,-7.2275519371032715
-1.0544657707214355,-7.0851922035217285
1.5766263008117676,-6.1217427253723145
-1.0681986808776855,-2.64739990234375
-3.312861919403076,0.6743072718381882
-7.287561893463135,-1.4562010765075684
-1.5917301177978516,-2.0347118377685547
-1.851356029510498,-3.7781596183776855
0.028455299325287342,-1.7890453338623047
2.5607705116271973,2.9636144638061523
-0.5794643983244896,2.554953098297119
-7.236981391906738,0.9326934814453125
-7.8630805015563965,-2.600109577178955
-5.876564979553223,-2.7144789695739746
0.19675489515066147,0.7243633270263672
1.7537713050842285,2.074921131134033
3.570890426635742,5.131542682647705
2.9756784439086914,1.141357421875
0.12705329805612564,-1.8953919410705566
-5.094170570373535,-1.8492341041564941
-0.10668040253221989,1.3683557510375977
3.931128978729248,2.426421642303467
2.59397029876709,0.8571147918701172
3.5018444061279297,-2.7974963188171387
7.708442211151123,-2.447819709777832
1.7994284629821777,0.4801034927368164
-3.6556363105773926,-1.968240737915039
-4.9727559089660645,-2.3200035095214844
-1.4201998710632324,-5.649280548095703
-7.372927665710449,-7.79116153717041
-3.7027835845947266,-9.331011772155762
2.0818352699279785,-5.3475141525268555
-4.765379428863525,-9.900081157684326
-8.471322059631348,-3.135371208190918
-1.9866585731506348,-5.178546905517578
-3.739190101623535,-7.79421329498291
-7.579827308654785,-8.718836307525635
-0.05283359903842211,-5.002546310424805
-0.12193920090794563,2.519965171813965
-7.067441940307617,7.3661088943481445
3.6425232887268066,5.6952595710754395
5.304539203643799,3.9870858192443848
5.12465238571167,3.8837194442749023
3.569662570953369,6.019735336303711
6.771230697631836,8.768975734710693
-2.5478124618530273,8.638966083526611
-3.7366509437561035,5.190896987915039
4.846453666687012,4.889702796936035
6.334960460662842,2.071654796600342
5.321860313415527,1.5954256057739258
6.248033046722412,4.286825656890869
-2.4049758911132812,-2.4751663208007812
-5.401253700256348,-1.8338441848754883
-4.646146297454834,-3.9893627166748047
-2.7394890785217285,-5.5107951164245605
1.6815543174743652,-2.917194366455078
3.9735794067382812,0.6736993789672852
-0.8209109306335449,-5.371952056884766
-2.0920753479003906,-4.981637001037598
-7.227432727813721,-5.634713172912598
-7.5095295906066895,-1.8493175506591797
-4.094839096069336,6.431937217712402
3.614664077758789,3.1987667083740234
5.818808078765869,-0.37229061126708984
5.317795276641846,-1.9367575645446777
0.6677746772766113,-0.095331696793437
-0.21376609802246094,6.687569618225098
-3.625166416168213,5.9467315673828125
-4.6791791915893555,3.6689281463623047
-1.3402342796325684,2.191925048828125
3.3019661903381348,1.4587163925170898
0.5035996064543724,0.3911733999848366
-0.9418963640928268,0.5125046148896217
-3.3233165740966797,0.9693502634763718
-4.132080078125,-4.782116413116455
-1.7368674278259277,-0.3219008073210716
-0.45313838869333267,-3.711271286010742
1.3764381408691406,-3.8236379623413086
3.9976119995117188,-3.6177635192871094
2.1812081336975098,-2.5846004486083984
0.4019498825073242,-2.085864543914795
3.493022918701172,4.905390739440918
3.7220120429992676,1.2908577919006348
0.2796530909836292,3.1467318534851074
4.116702079772949,6.057417392730713
7.380354404449463,6.489658355712891
2.6500344276428223,6.36289119720459
-0.06583929993212223,8.318006992340088
4.4028401374816895,8.336377143859863
2.5051236152648926,3.9627432823181152
-5.341100692749023,5.451035499572754
-1.6727089881896973,3.2294869422912598
3.0553817749023438,1.9173860549926758
-6.141221523284912,1.8573760986328125
-4.527950286865234,-2.4902701377868652
3.22878360748291,-5.236232280731201
-2.212226390838623,-3.565502166748047
-1.6713380813598633,-2.8435707092285156
6.106138229370117,-3.123033046722412
5.935323238372803,-2.0255327224731445
3.185296058654785,-4.430234432220459
6.525325775146484,-5.500364303588867
4.539847373962402,1.315915584564209
2.007722854614258,2.8455734252929688
3.617703914642334,4.366862773895264
1.4103412628173828,7.968246936798096
1.330709457397461,4.213500022888184
5.67852258682251,8.292162418365479
2.415621280670166,6.465804576873779
-2.112758159637451,2.5089502334594727
-2.6094913482666016,2.9291510581970215
-8.567655086517334,4.249119758605957
-11.33040189743042,0.8476734161376953
-3.2543301582336426,1.7618775367736816
-3.9246559143066406,1.3577461242675781
-4.6079277992248535,-1.358175277709961
1.1109709739685059,2.5919318199157715
-0.7428407669067383,-3.2036304473876953
-5.735421180725098,-2.2753238677978516
-2.2441506385803223,0.8871912956237793
3.931760787963867,-0.041329897940158844
4.254364967346191,-0.011670599924400449
3.570866584777832,-0.32072070986032486
1.1175035685300827,-1.8792271614074707
1.0387063026428223,2.7939438819885254
-1.365220546722412,4.002320766448975
-0.5562305077910423,1.2338758260011673
-1.2806296348571777,-0.36115650087594986
1.6130328178405762,2.4845361709594727
3.4936904907226562,-0.9772896766662598
-1.7473936080932617,0.8959650993347168
-10.425126552581787,2.0726799964904785
-4.536104202270508,-1.125657632946968
-0.3163694962859154,-5.037176609039307
-9.15745496749878,-3.810608386993408
-0.9337782859802246,-4.225361347198486
7.490062713623047,-1.0534048080444336
-2.8274178504943848,-6.273221969604492
-7.365107536315918,-4.609203338623047
-1.7211079597473145,-5.200803279876709
0.6907104700803757,-1.1549949645996094
0.32411810010671616,-2.1297454833984375
0.5068064108490944,-3.156161308288574
5.437004566192627,-1.3462066650390625
4.8477888107299805,-2.6029109954833984
-2.5012850761413574,0.6425619125366211
1.2151479721069336,2.513909339904785
5.559420585632324,3.825843334197998
1.3754010200500488,0.24150609970092773
0.20503999665379524,0.5498648062348366
10.926449298858643,-0.8133769035339355
6.297194957733154,1.9774913787841797
4.804706573486328,-0.5517243966460228
3.2466530799865723,-1.762986183166504
0.7036805152893066,-3.7583112716674805
-5.2262067794799805,-1.8151283264160156
-7.8261494636535645,-3.312242031097412
-5.5870890617370605,0.3060818091034889
-2.9741883277893066,2.817261219024658
-4.504084587097168,-2.636384963989258
-7.232868671417236,1.1718392372131348
-7.045888900756836,-0.6011366844177246
-7.188177108764648,1.978909969329834
-7.362186908721924,3.1072020530700684
-4.48683500289917,1.9594669342041016
-4.096198081970215,-0.9614706039428711
4.9668192863464355,-0.3241420164704323
2.366006374359131,-2.916586399078369
-1.1758089065551758,-0.9531735628843307
8.144724369049072,-2.7985334396362305
6.393718719482422,-6.423962116241455
-0.9496808052062988,-9.96469259262085
3.472614288330078,-6.635653972625732
13.832759857177734,-6.895101070404053
3.5987496376037598,-7.740998268127441
-2.424788475036621,-6.672883033752441
1.0358929634094238,-9.062111377716064
-4.60052490234375,-6.280064582824707
-8.852910995483398,-7.468676567077637
-5.470788478851318,-6.688261032104492
-5.073356628417969,-6.404829025268555
-4.8241376876831055,-3.9167284965515137
-3.962576389312744,-3.363668918609619
-12.646496295928955,0.7611632347106934
-10.373854637145996,1.57243013381958
-2.1131277084350586,3.015148639678955
-3.727436065673828,4.668474197387695
-5.826377868652344,8.961451053619385
12.27421760559082,11.971795558929443
15.043699741363525,11.22509241104126
3.9525747299194336,10.648620128631592
7.167685031890869,11.082267761230469
10.88172197341919,10.272765159606934
3.463470935821533,9.905099868774414
3.637576103210449,8.967483043670654
12.287735939025879,9.22609567642212
13.925158977508545,7.351827621459961
3.052961826324463,1.6693830490112305
0.4764438048005104,2.0949244499206543
-2.0276427268981934,0.2343893051147461
-9.490227699279785,-0.5195378884673119
-5.831658840179443,-0.33298730850219727
-1.0530471801757812,-3.1452059745788574
-2.8244853019714355,-3.956162929534912
-1.4812231063842773,-2.471458911895752
-2.571582794189453,-7.430684566497803
-6.607568264007568,-6.223881244659424
-2.704131603240967,-5.450034141540527
-4.5395731925964355,-3.527224063873291
-3.5003304481506348,0.3161191940307617
2.2764205932617188,1.2724995613098145
-0.03316400106996298,-0.3991245850920677
-3.8326382637023926,1.4083623886108398
0.9717345237731934,3.3205389976501465
0.5118488892912865,6.85805082321167
-1.783740520477295,7.252633571624756
1.8221735954284668,3.605532646179199
3.7739992141723633,4.35633659362793
2.3813724517822266,3.7047863006591797
1.029217168688774,7.6882123947143555
1.087021827697754,5.326545238494873
2.200329303741455,1.1113882064819336
5.014908313751221,-1.4463543891906738
8.716464042663574,0.875091627240181
10.762572288513184,4.005444049835205
6.728029251098633,0.8872509002685547
2.160191535949707,0.0428318977355957
1.178121566772461,-4.963016510009766
-0.22323129698634148,-5.412280559539795
0.9413599967956543,-3.5103678703308105
3.6446452140808105,-1.7483711242675781
1.430809497833252,-1.1487603187561035
-1.9957780838012695,-6.074881553649902
-3.950190544128418,-9.368085861206055
-7.195556163787842,-8.57609510421753
-7.581794261932373,-5.707049369812012
-3.3802390098571777,-0.3628253936767578
-1.2943744659423828,-3.8012146949768066
-0.6386280059814453,-5.903565883636475
0.05207059904932976,-5.450987815856934
-3.115987777709961,-5.573761463165283
-2.988255023956299,-2.7033090591430664
-0.40649179369211197,-1.377570629119873
0.29673580080270767,-6.2752366065979
1.7913103103637695,-7.101881504058838
4.103493690490723,-5.166804790496826
1.6358137130737305,-2.002835273742676
-0.7633327692747116,1.5868902206420898
-3.238523006439209,1.0356664657592773
-0.28612609952688217,-2.9485464096069336
-1.0855436325073242,-0.9212254732847214
0.1134634017944336,2.8999805450439453
-0.7985830307006836,5.002236366271973
-1.6832947731018066,8.579671382904053
-1.873159408569336,7.175934314727783
0.9912967681884766,0.747990608215332
1.1822819709777832,1.512312889099121
1.3415098190307617,3.156435489654541
0.8176445960998535,5.980229377746582
-2.5017619132995605,8.184587955474854
-5.568957328796387,1.8904328346252441
-1.176440715789795,-0.80108642578125
-2.1988272666931152,3.823864459991455
-2.4686813354492188,-1.2830018997192383
-0.8950591087341309,-3.080618381500244
-1.7187952995300293,-6.6158294677734375
-8.842122554779053,-8.012783527374268
-4.339289665222168,-7.580733299255371
1.2495995312929153,-3.5131216049194336
-3.446316719055176,-5.618762969970703
1.908433437347412,-7.356441020965576
5.162191390991211,-6.387758255004883
1.176142692565918,-10.711944103240967
-1.1126279830932617,-4.4295549392700195
-0.7480025291442871,6.773793697357178
-3.4647345542907715,4.657340049743652
4.017889499664307,7.903337478637695
6.2844157218933105,3.555774688720703
6.838011741638184,2.1541833877563477
3.9699912071228027,10.738670825958252
0.5497575178742409,14.577531814575195
-9.278833866119385,7.389402389526367
-6.2447309494018555,10.327517986297607
-2.205073833465576,4.964280128479004
4.524445533752441,6.666243076324463
11.37700080871582,6.682872772216797
5.241823196411133,4.880833625793457
-6.806051731109619,-7.145214080810547
-4.772913455963135,-1.8434405326843262
-8.58229398727417,-4.4329047203063965
-1.5523672103881836,-4.601240158081055
8.587408065795898,-1.3519763946533203
6.404447555541992,-7.5141072273254395
1.945173740386963,-13.042473793029785
0.3281712904572487,-9.048545360565186
-6.371891498565674,-9.02177095413208
-2.427816390991211,-4.348587989807129
5.2031755447387695,0.9608030319213867
8.60985517501831,-3.6383986473083496
11.255252361297607,-5.694127082824707
3.767824172973633,-2.572953701019287
-4.5919060707092285,-3.860902786254883
-3.3484339714050293,7.556343078613281
-8.358418941497803,10.975325107574463
-7.927191257476807,5.606603622436523
-0.48241619020700455,8.16032886505127
-0.9749174118041992,1.9407153129577637
-4.845321178436279,0.08455510251224041
-6.327986717224121,3.5680294036865234
-9.237873554229736,3.5857677459716797
-11.183440685272217,-1.3930797576904297
-1.6827702522277832,-0.43576959520578384
-0.16100410372018814,-3.54691743850708
5.492699146270752,-6.649947166442871
9.119832515716553,0.3725767135620117
3.5351157188415527,-4.684269428253174
1.5653371810913086,-4.848897457122803
4.319131374359131,-0.6742476671934128
6.8535685539245605,-3.638947010040283
8.866512775421143,0.053131598979234695
9.959173202514648,5.5060625076293945
10.946083068847656,4.134321212768555
5.575680732727051,4.234468936920166
1.313340663909912,5.279326438903809
2.901029586791992,4.294872283935547
1.4443635940551758,5.303621292114258
-5.985653400421143,8.687984943389893
-1.993107795715332,5.242061614990234
-2.774834632873535,2.354276180267334
-8.559179306030273,0.7288575172424316
-9.072887897491455,-0.7126926630735397
-1.9713521003723145,0.6324887275695801
-4.354596138000488,1.606762409210205
-2.905869483947754,-2.7481555938720703
1.55029296875,-4.877340793609619
3.8500308990478516,-0.9993196278810501
0.7324337959289551,-4.530918598175049
1.711583137512207,0.696563720703125
4.527926445007324,1.1011481285095215
5.928981304168701,-1.697981357574463
6.019353866577148,-0.03330710111185908
6.129658222198486,2.662932872772217
5.518066883087158,4.424750804901123
3.3599138259887695,6.508851051330566
0.45557018369436264,4.487431049346924
2.075362205505371,1.9549846649169922
1.1550068855285645,0.5587339028716087
-3.182101249694824,6.0967206954956055
-4.451501369476318,1.3424038887023926
-5.398714542388916,3.4673690795898438
-5.6336164474487305,-0.545954704284668
-1.8307089805603027,-4.371118545532227
-4.710447788238525,0.7682681083679199
-4.193735122680664,0.6706833839416504
-1.5697240829467773,-0.546574592590332
-7.115268707275391,0.14389749616384506
-6.115293502807617,-2.8487563133239746
-0.7269144058227539,0.2105594053864479
1.8196582794189453,2.037227153778076
-1.7335176467895508,3.716254234313965
5.133986473083496,-2.4250268936157227
0.022482899948954582,-2.5347232818603516
1.5501022338867188,-5.225110054016113
2.8542518615722656,-2.7143001556396484
1.7679572105407715,2.4947285652160645
0.787651464343071,0.3817439079284668
3.9968132972717285,-1.5081048011779785
3.9145469665527344,-4.016661643981934
2.02789306640625,-6.2782883644104
3.2999634742736816,-1.4164447784423828
1.1975765228271484,2.1598458290100098
-3.0354857444763184,-2.349710464477539
-6.363165378570557,-3.123927116394043
-4.286301136016846,-4.419100284576416
-2.2110700607299805,-1.2431740760803223
-2.81374454498291,3.6157965660095215
-4.076910018920898,2.726459503173828
-2.623593807220459,-2.7858614921569824
-6.114101409912109,-0.915062427520752
-1.4153361320495605,-2.034628391265869
-0.22432800382375717,3.5575270652770996
0.5227208137512207,4.928016662597656
2.208852767944336,2.349686622619629
-1.0569334030151367,-1.6748785972595215
0.46143531799316406,-0.9843707084655762
5.835545063018799,-0.37282709032297134
6.70090913772583,-0.3979324921965599
5.947232246398926,-0.23514030501246452
8.182525634765625,-1.2745380401611328
2.292478084564209,-2.106750011444092
-2.289438247680664,-3.1322360038757324
-1.5670418739318848,-4.564964771270752
-0.5377889052033424,-0.8614301681518555
2.601778507232666,-0.09294750168919563
2.7951955795288086,-0.7210969924926758
-2.5899887084960938,-2.3779869079589844
-3.8818836212158203,-2.0798444747924805
-5.247986316680908,3.0489206314086914
-8.760833740234375,5.629849433898926
-4.784488677978516,2.4149179458618164
-0.3199338912963867,1.1540771275758743
-0.6224155053496361,-1.2313008308410645
-0.008380400249734521,2.8999924659729004
0.54671760648489,3.623819351196289
-3.575265407562256,1.8149375915527344
-0.95688097178936,-3.9359092712402344
-3.515768051147461,-2.903294563293457
4.052948951721191,-5.016851425170898
0.4507780075073242,-1.7400145530700684
5.109131336212158,-4.536986351013184
-0.11520390398800373,-5.368554592132568
-0.2542852982878685,-7.504451274871826
-5.181431770324707,-7.690262794494629
-0.24490360170602798,-9.187698364257812
-5.572199821472168,-9.36347246170044
-5.990612506866455,-10.288286209106445
-4.6021223068237305,-7.993531227111816
0.1840830035507679,-7.312655448913574
-4.888546466827393,-7.917654514312744
-1.2340545654296875,-4.206478595733643
3.401792049407959,-1.33131742477417
2.1335244178771973,-2.6100754737854004
-0.5226730927824974,4.809772968292236
2.8526782989501953,3.0269503593444824
7.690882682800293,8.290576934814453
9.880435466766357,10.598540306091309
4.957330226898193,8.097624778747559
9.04858112335205,9.022855758666992
3.6853671073913574,8.228695392608643
-1.500082015991211,6.8672776222229
0.7720232009887695,8.318614959716797
5.680572986602783,7.153475284576416
2.6206493377685547,6.102859973907471
2.1881818771362305,2.0756006240844727
-0.9591341018676758,1.8221616744995117
-0.9988903999328613,-1.0595917701721191
-9.753704071044922,2.0537614822387695
-2.285909652709961,-2.04237699508667
-0.3941773995757103,-4.268479347229004
-1.455223560333252,-4.05048131942749
1.9108057022094727,-8.771944046020508
-2.090764045715332,-7.944595813751221
1.3031959533691406,-4.365444183349609
-3.559696674346924,-4.426026344299316
3.496098518371582,-3.3726930618286133
3.2822251319885254,-3.370797634124756
7.2939276695251465,-5.818080902099609
0.0706434017047286,3.358316421508789
-3.9557576179504395,3.937053680419922
-7.496225833892822,5.844581127166748
-4.379439353942871,6.511127948760986
-3.6758065223693848,2.4311065673828125
5.7984232902526855,6.002223491668701
6.776952743530273,10.602140426635742
0.9713292121887207,8.051788806915283
-4.233765602111816,8.072936534881592
-6.747794151306152,6.404149532318115
-4.433226585388184,1.3356208801269531
2.546072006225586,5.668747425079346
11.732113361358643,4.028594493865967
15.72805643081665,0.3333448991179466
5.0518035888671875,-0.7487058639526367
3.3507347106933594,-0.3643513098359108
4.418885707855225,-1.5030384063720703
-1.3618946075439453,0.8644700050354004
-1.110696792602539,-2.691507339477539
11.6654634475708,-7.2167158126831055
5.135476589202881,-6.5125226974487305
-1.8436670303344727,-6.610894203186035
2.529263496398926,-3.8481950759887695
-3.0454039573669434,-2.377760410308838
-10.559666156768799,-3.6891579627990723
-0.03907680045813322,-2.9596924781799316
2.0154237747192383,-3.8371801376342773
-1.1618494987487793,-1.4655709266662598
0.3966331109404564,4.706883430480957
-1.6827940940856934,3.127765655517578
-6.725108623504639,4.139196872711182
-9.291720390319824,2.3284316062927246
-4.304862022399902,0.036776100751012564
1.4807581901550293,2.486717700958252
1.9356131553649902,-0.10806320235133171
-1.0203003883361816,-2.061617374420166
-4.352283477783203,-0.5271315947175026
-5.718708038330078,-4.132366180419922
-6.0392022132873535,-4.622125625610352
-2.0415782928466797,-0.16440149396657944
5.405950546264648,-2.6090145111083984
9.063720703125,-5.3664326667785645
1.7128229141235352,-7.801723480224609
0.24981500580906868,-4.603123664855957
2.1545767784118652,-1.3829588890075684
-2.051115036010742,-0.5892873182892799
-1.3919353485107422,-0.465238094329834
8.579111099243164,-2.7982234954833984
10.281383991241455,0.45522451400756836
6.516158580780029,-1.645064353942871
6.71924352645874,0.99396713078022
1.107943132519722,4.2481184005737305
-4.775261878967285,4.5088887214660645
-5.7898640632629395,5.783963203430176
-2.4863719940185547,-0.4830598831176758
-1.5660405158996582,0.18352270126342773
-4.332077503204346,-3.838074207305908
-9.380662441253662,-7.290804386138916
-9.010910987854004,-6.033837795257568
-8.688187599182129,-12.612438201904297
-16.3385272026062,-4.603993892669678
-13.374829292297363,-3.5124897956848145
4.622805118560791,-4.734325408935547
-0.7021784782409668,-3.6658883094787598
-3.572571277618408,-5.509376525878906
4.804933071136475,-2.004539966583252
10.164296627044678,5.893182754516602
-0.9655951708555222,5.447149276733398
1.3494133949279785,8.088719844818115
12.409746646881104,7.181811332702637
9.54139232635498,6.624102592468262
9.426426887512207,6.0379862785339355
10.819506645202637,11.284303665161133
5.704402923583984,9.177327156066895
3.116273880004883,10.635519027709961
-5.058717727661133,6.586146354675293
0.5202531814575195,0.9987235069274902
0.4210710898041725,1.3560891151428223
-6.477761268615723,0.3176093101501465
-6.135106086730957,-3.5732507705688477
-4.013431072235107,-0.3192901983857155
-12.712395191192627,-7.523465156555176
-10.630786418914795,-12.39001750946045
-1.10703706741333,-7.828176021575928
-1.7888784408569336,-10.981667041778564
-1.244974136352539,-11.617863178253174
1.3855338096618652,-5.233573913574219
2.360868453979492,-12.98147439956665
3.790426254272461,-5.029690265655518
2.1521925926208496,-2.146446704864502
1.374053955078125,-1.4064788818359375
6.403744220733643,3.6057591438293457
3.1037092208862305,2.1056413650512695
-2.8654098510742188,3.058290481567383
6.285548210144043,6.212067604064941
2.4306535720825195,11.720037460327148
-4.712879657745361,7.513153553009033
-2.0770788192749023,6.278622150421143
0.2965689077973366,5.398952960968018
-3.961944580078125,-0.1395701989531517
-0.4210234060883522,4.650592803955078
2.6084423065185547,2.1123647689819336
-0.1167893037199974,-1.6402840614318848
-1.8142104148864746,-2.127707004547119
3.482937812805176,-5.958521366119385
1.839601993560791,-3.973400592803955
3.241407871246338,-2.1933913230895996
2.812957763671875,-2.080070972442627
5.942821502685547,-1.3479828834533691
0.056755500845611095,-1.7305850982666016
0.3115415945649147,-2.198624610900879
2.955806255340576,1.6843557357788086
0.11167529970407486,2.9315829277038574
-2.4465084075927734,6.145572662353516
3.4923315048217773,3.6832571029663086
0.017249600496143103,2.4642467498779297
-4.2815327644348145,7.242023944854736
-0.6137371063232422,6.431233882904053
-0.08974079973995686,5.63504695892334
-2.646172046661377,3.8956284523010254
2.8504490852355957,1.8138885498046875
6.439602375030518,2.793765068054199
7.717406749725342,3.3356308937072754
3.5833001136779785,0.550389289855957
1.7354130744934082,2.0301461219787598
2.2539615631103516,4.0879011154174805
5.3380608558654785,-0.19974710419774055
5.912566184997559,-0.734257698059082
5.790972709655762,1.8256068229675293
5.03995418548584,0.37522319704294205
2.7692556381225586,3.7828803062438965
-7.754170894622803,-0.8486390113830566
-6.7192912101745605,-0.037467500660568476
-2.7603626251220703,1.851952075958252
-4.4219136238098145,-1.178276464343071
-5.732977390289307,-0.7338047027587891
3.107929229736328,0.5596160888671875
-0.9638667106628418,-0.5493640899658203
-6.492280960083008,1.869058609008789
-3.1859278678894043,5.557703971862793
1.223456934094429,3.7511706352233887
-3.407144546508789,3.4426331520080566
-0.9477853775024414,1.5327811241149902
3.1219482421875,0.8421658724546432
3.901970386505127,5.345392227172852
-3.530752658843994,5.6488037109375
-1.9269108772277832,3.958141803741455
3.7311315536499023,4.566788673400879
1.7231225967407227,1.7465949058532715
-2.5641679763793945,1.4932632446289062
5.251955986022949,0.5819081887602806
-3.151071071624756,3.9407849311828613
-2.419114112854004,-2.327752113342285
-3.7183165550231934,-3.538787364959717
-4.434168338775635,-6.826233863830566
-0.6066083908081055,-4.520773887634277
3.865349292755127,-3.6191701889038086
2.073192596435547,-10.65148115158081
-3.816401958465576,-10.441005229949951
4.754114151000977,-11.31131649017334
-2.4173378944396973,-7.969021797180176
-5.054843425750732,-2.7710676193237305
-2.401578426361084,-1.926100254058838
-3.353595733642578,0.22761819884181023
2.391541004180908,-3.654146194458008
-5.024421215057373,-1.356363296508789
2.1976590156555176,-0.852811336517334
5.952775478363037,5.469727516174316
0.29827360063791275,5.255448818206787
-3.9631128311157227,5.3110480308532715
0.9891033172607422,5.312037467956543
-0.3730059042572975,3.7328600883483887
5.355441570281982,1.915419101715088
5.57253360748291,3.2356977462768555
8.379626274108887,-2.251160144805908
11.27009391784668,-1.147293969988823
2.0432353019714355,-3.4290552139282227
-2.5975704193115234,-2.0305633544921875
-2.151310443878174,-1.40608549118042
-0.39468999952077866,-3.600597381591797
-2.502155303955078,-4.754126071929932
-0.01854900037869811,-5.207586288452148
2.9906153678894043,-3.743422031402588
-2.8180599212646484,-4.909491539001465
-12.550222873687744,0.5679250136017799
-13.21406364440918,3.634655475616455
-8.946037292480469,2.1463990211486816
-5.9630632400512695,-0.048100901767611504
-3.77042293548584,-1.3187170028686523
3.893887996673584,0.22841690108180046
3.9225220680236816,1.7634153366088867
-5.599617958068848,3.1241416931152344
-7.23949670791626,1.9089460372924805
-0.036191900726407766,0.7982611656188965
0.9020686149597168,1.6512274742126465
7.075750827789307,-3.4586548805236816
8.633160591125488,-2.855062484741211
10.508322715759277,-3.928518295288086
3.9554953575134277,-7.761859893798828
-1.7268180847167969,-6.66729211807251
-1.426398754119873,-7.7878594398498535
2.3746252059936523,-8.480143547058105
-2.0044803619384766,-12.739765644073486
-5.384671688079834,-8.571505546569824
1.3837456703186035,-11.729240417480469
-6.139898300170898,-8.050239086151123
-13.805210590362549,-5.608856678009033
-5.169963836669922,-4.870486259460449
-3.9656639099121094,0.4715561866760254
-5.620861053466797,2.188992500305176
1.0232806205749512,1.37481689453125
8.025670051574707,8.003771305084229
5.215656757354736,10.385382175445557
4.953610897064209,9.787440299987793
10.26982069015503,10.62939167022705
6.115388870239258,10.937261581420898
4.695916175842285,10.515713691711426
8.7166428565979,12.082469463348389
5.242395401000977,13.160336017608643
3.574848175048828,11.3242506980896
3.874528408050537,11.090683937072754
0.22728439420461655,3.770172595977783
-1.9271254539489746,4.307949542999268
-1.5050768852233887,4.439795017242432
1.3026237487792969,-0.09436610154807568
0.376737117767334,-0.4310965910553932
-2.0148754119873047,-4.075062274932861
-0.38235191255807877,-12.00723648071289
-3.384280204772949,-8.909773826599121
-6.5038323402404785,-10.000050067901611
-3.532743453979492,-9.553182125091553
1.1229515075683594,-6.7066192626953125
0.9697914123535156,-9.856617450714111
-0.2959132008254528,-8.359146118164062
0.021505400072783232,-3.503108024597168
0.21995309740304947,-3.2204508781433105
-4.969930648803711,2.1436333656311035
-2.139568328857422,2.012503147125244
1.6632795333862305,2.5614023208618164
3.0472874641418457,8.785223960876465
-4.047226905822754,9.378528594970703
-1.1406540870666504,8.340871334075928
-1.2979745864868164,10.598897933959961
-4.378783702850342,8.443665504455566
2.661895751953125,7.5028300285339355
9.387052059173584,11.064708232879639
8.757638931274414,9.690380096435547
8.870303630828857,5.33442497253418
5.291342735290527,3.861856460571289
2.429318428039551,1.44118070602417
1.6850471496582031,2.8936028480529785
4.912221431732178,1.7806053161621094
6.93812370300293,-3.5266518592834473
8.629274368286133,-6.18206262588501
2.5620341300964355,-9.217023849487305
0.16883609816432,-9.731125831604004
-6.4154863357543945,-5.160248279571533
-5.808556079864502,-8.10006856918335
-5.371201038360596,-3.581368923187256
-5.363070964813232,-7.217442989349365
-1.3861417770385742,-8.719229698181152
-0.4889130964875221,-3.533339500427246
-6.445646286010742,-2.8788208961486816
-5.050086975097656,1.9180774688720703
-3.028750419616699,4.206585884094238
-6.820559501647949,-0.7462263107299805
-3.225219249725342,3.2846927642822266
2.2930145263671875,1.3887524604797363
2.4300217628479004,-1.233208179473877
-1.012110710144043,0.95977783203125
-3.0823707580566406,-0.9140253067016602
-1.5385985374450684,-1.184678077697754
-2.331697940826416,-0.3285526856780052
-1.8967628479003906,-0.8528947830200195
8.220183849334717,-2.356266975402832
5.206537246704102,-3.7841081619262695
0.4169822111725807,-0.19712449982762337
4.000568389892578,0.1961945928633213
1.4074325561523438,5.588293075561523
-3.1244874000549316,1.688683032989502
3.0997753143310547,1.4586210250854492
1.7710208892822266,2.1016597747802734
-1.060318872332573,3.4073948860168457
1.3852119445800781,1.038956567645073
-5.2021026611328125,3.5142898559570312
-1.6803503036499023,-2.0823001861572266
1.1467217653989792,-0.4547477141022682
-5.241942405700684,-2.4508237838745117
-2.297067642211914,-4.545104503631592
0.614321194589138,-6.066477298736572
-5.7209014892578125,-7.257997989654541
-9.875261783599854,-7.958662509918213
-2.9987096786499023,-9.139788150787354
-3.916192054748535,-11.869966983795166
-9.542977809906006,-3.7462234497070312
-6.742966175079346,-3.4406065940856934
3.0082225799560547,-0.8418560028076172
-1.8504858016967773,2.021944522857666
-2.520143985748291,2.2799134254455566
5.657446384429932,5.607092380523682
8.09251070022583,6.709086894989014
0.689995288848877,7.710981369018555
4.588437080383301,8.015882968902588
7.857906818389893,10.516023635864258
3.865230083465576,10.256624221801758
9.434318542480469,5.883657932281494
7.908189296722412,5.944609642028809
1.2788772583007812,1.8106698989868164
0.4057526960968971,1.1770247668027878
0.2979874983429909,1.7477154731750488
-4.308211803436279,-3.77504825592041
0.5011916160583496,-3.344261646270752
1.584470272064209,-5.873250961303711
-5.580484867095947,-4.277026653289795
-3.910374641418457,-4.854154586791992
-6.339073181152344,-6.2659502029418945
-11.406517028808594,-8.284425735473633
-4.62568998336792,-5.991971492767334
3.4556150436401367,-2.5127649307250977
1.9892334938049316,-1.102292463183403
0.5387783050537109,-1.8946409225463867
4.231870174407959,-0.6926417350769043
0.3581523895263672,2.0500540733337402
-3.7685275077819824,2.4308204650878906
-0.6300806999206543,5.358779430389404
7.746791839599609,2.0194172859191895
4.606175422668457,1.0943174362182617
0.7202982902526855,1.474916934967041
6.486475467681885,2.666306495666504
-0.4939674958586693,3.955709934234619
-9.241342544555664,-0.7842183113098145
-3.7567138671875,-0.9949923306703568
3.847503662109375,-6.791865825653076
-1.9452214241027832,-6.237387657165527
-1.7595529556274414,-2.1465063095092773
-0.3818869963288307,0.14612670056521893
-6.965458393096924,2.2045254707336426
-8.47470760345459,-0.04010200034826994
-3.568136692047119,-2.003049850463867
5.7970404624938965,-1.1888861656188965
5.692768096923828,4.544830322265625
7.4546217918396,7.606375217437744
6.448030471801758,8.019661903381348
2.6778221130371094,7.606542110443115
-2.2589564323425293,6.750941276550293
0.6094694137573242,7.505464553833008
4.024779796600342,10.274207592010498
5.944299697875977,8.618462085723877
1.9609689712524414,4.648315906524658
1.5395879745483398,4.446136951446533
-1.3440489768981934,2.423405647277832
-0.2518058009445667,1.8363475799560547
-1.4972686767578125,0.6989002227783203
0.5659342184662819,-1.198410987854004
5.663824081420898,-4.966163635253906
4.201626777648926,-6.42085075378418
3.0145883560180664,-5.404567718505859
4.435300827026367,-4.2395710945129395
2.762138843536377,-0.9162188321352005
-1.3632655143737793,-1.1059761047363281
-0.10268690064549446,-1.441645622253418
2.972269058227539,3.0359864234924316
0.009977800073102117,2.1396636962890625
2.1778106689453125,4.907095432281494
2.69240140914917,4.14196252822876
-0.2429484948515892,4.852330684661865
-3.4054040908813477,6.9004058837890625
-9.111547470092773,6.194198131561279
-6.798124313354492,4.642438888549805
-2.7865171432495117,7.807254791259766
-4.846549034118652,2.9667019844055176
1.0309457778930664,4.007589817047119
6.198716163635254,0.7387279719114304
0.5872011184692383,-1.2913703918457031
-1.890397071838379,0.3778218850493431
0.25134090334177017,-0.7068634033203125
-2.4535298347473145,0.1004576962441206
-0.6290317326784134,-3.679502010345459
4.230928421020508,-2.8444290161132812
1.8826723098754883,0.0037789001362398267
2.298295497894287,0.38341280072927475
-0.8066058158874512,-0.7242918014526367
-5.6946516036987305,-2.002739906311035
-4.061317443847656,1.3083696365356445
-1.657867431640625,1.1748672276735306
-3.395569324493408,-1.6002535820007324
-4.546654224395752,0.1711726002395153
-1.1248111724853516,-1.5898704528808594
-4.257464408874512,-1.8120408058166504
-5.015087127685547,-2.014446258544922
1.8736600875854492,-5.237877368927002
1.3140559196472168,-4.068577289581299
-1.1899948120117188,-6.138789653778076
4.931497573852539,-3.7108659744262695
0.4773617163300514,-5.23906946182251
-3.536546230316162,-7.850408554077148
-5.989205837249756,-1.571202278137207
2.019345760345459,-1.857614517211914
4.212439060211182,-1.0061383247375488
-0.29462579637765884,0.3966689109802246
5.4823994636535645,-4.390859603881836
1.6962766647338867,4.574096202850342
3.057706356048584,1.6629457473754883
-7.114827632904053,3.10746431350708
3.791344165802002,3.79941463470459
0.2316712960600853,3.955543041229248
5.868005752563477,1.2579917907714844
6.157565116882324,2.806389331817627
8.431720733642578,-2.4861574172973633
-0.9556412696838379,-1.141965389251709
1.216745376586914,0.9744167327880859
-4.954469203948975,1.1783123016357422
-5.43360710144043,0.7884383201599121
-4.701268672943115,0.7093071937561035
-2.3749351501464844,-0.9675264358520508
-3.5814404487609863,0.3397225961089134
-0.17442699521780014,2.1595120429992676
-3.8097143173217773,-0.7709026336669922
-6.853628158569336,-0.5759477987885475
-9.876036643981934,4.332482814788818
-0.8249759674072266,-0.7141351699829102
-3.0277371406555176,0.9672284126281738
-3.0232906341552734,-1.3979077339172363
0.4216909036040306,-1.4753341674804688
6.56435489654541,-0.8898258209228516
-0.7798671722412109,-4.069125652313232
-1.8006443977355957,-5.202794075012207
3.4583687782287598,-3.65750789642334
8.96822214126587,-6.550025939941406
3.3037900924682617,-5.077087879180908
4.901683330535889,-6.291377544403076
7.1877360343933105,-3.6527514457702637
2.763795852661133,-6.181621551513672
-9.604763984680176,-2.735424041748047
-2.403724193572998,-3.9930224418640137
0.11357069946825504,-5.2780866622924805
-12.759876251220703,-9.123075008392334
-9.822189807891846,-6.95415735244751
0.5486845970153809,-4.51735258102417
-9.180402755737305,-0.5767583847045898
-14.617908000946045,-3.467416763305664
-3.8835763931274414,-1.9101500511169434
-2.190256118774414,-1.2622594833374023
-4.002058506011963,1.4412164688110352
2.2893667221069336,5.407130718231201
11.31964921951294,7.294034957885742
6.720030307769775,8.052539825439453
4.72639799118042,6.769418716430664
7.548892498016357,8.047795295715332
12.86536455154419,4.965364933013916
10.047328472137451,7.663094997406006
10.738730430603027,6.999540328979492
12.22076416015625,7.851672172546387
7.25938081741333,6.952965259552002
0.22579429671168327,5.049002170562744
-1.688063144683838,4.951846599578857
-2.461719512939453,6.223034858703613
-0.5301951989531517,4.556095600128174
-2.400493621826172,-2.3044943809509277
-5.215167999267578,-0.29206279665231705
-6.616246700286865,-3.829348087310791
-4.963243007659912,-5.671870708465576
-7.90247917175293,-5.547916889190674
-4.4901251792907715,-9.50537919998169
-0.13753180392086506,-10.490858554840088
-1.1053205281496048,-6.026136875152588
-4.975593090057373,-6.316351890563965
-7.2129011154174805,-0.657200813293457
-3.0394673347473145,-1.4427781105041504
-2.7168989181518555,1.547074317932129
-0.09585619904100895,4.199337959289551
7.7594757080078125,3.9499640464782715
6.195950508117676,9.406232833862305
-3.4523487091064453,8.601570129394531
-1.7052054405212402,10.543906688690186
0.2527474984526634,11.838054656982422
0.8260846138000488,7.195329666137695
5.703520774841309,9.365618228912354
12.385702133178711,5.231189727783203
8.823621273040771,6.674432754516602
7.048249244689941,5.85094690322876
2.6616573333740234,2.9863715171813965
2.185976505279541,0.42307380586862564
4.525923728942871,-2.1639585494995117
4.5172810554504395,-5.538153648376465
0.7406949996948242,-2.5919198989868164
4.181551933288574,-7.071828842163086
-6.974077224731445,-5.9574127197265625
-10.61631441116333,-8.30470323562622
-5.602657794952393,-3.6487817764282227
-2.3969292640686035,-3.566765785217285
-3.7839293479919434,-3.9966464042663574
-2.6644229888916016,-2.608788013458252
1.1397957801818848,-2.034473419189453
0.23512840270996094,-1.5593528747558594
-7.188093662261963,0.3401637077331543
-0.79865463078022,-0.8539081364870071
1.9790172576904297,2.275514602661133
2.789306640625,-4.329204559326172
1.6881227493286133,-3.278636932373047
6.975793838500977,-2.071380615234375
2.8288841247558594,-4.522502422332764
-1.9925832748413086,-0.766909122467041
0.10412929579615593,-4.674196243286133
-0.14355179853737354,-4.921174049377441
-3.2656311988830566,-4.332911968231201
-0.7700681686401367,-4.851698875427246
0.9414196014404297,-3.317415714263916
-2.661597728729248,0.9911537170410156
-3.386068344116211,-1.590561866760254
-2.7065396308898926,-0.6261348724365234
-5.512678623199463,1.256883144378662
-6.566739082336426,4.994106292724609
0.723421573638916,6.833505630493164
-1.2343645095825195,7.799899578094482
-1.0873199254274368,4.735708236694336
5.5548787117004395,3.57893705368042
5.060243606567383,4.680871963500977
-1.174485683441162,4.5136213302612305
-1.3005375862121582,4.425501823425293
0.3851770982146263,-2.932870388031006
0.02573729958385229,-5.578768253326416
-6.630182266235352,-4.5482635498046875
0.6956577301025391,-7.736635208129883
0.8152484893798828,-10.20427942276001
-10.550642013549805,-14.964568614959717
-10.53529977798462,-15.39677381515503
-8.334946632385254,-9.938549995422363
-4.830431938171387,-8.89371633529663
-1.1099815368652344,-8.460628986358643
-0.9787917137145996,-5.022895336151123
3.6669135093688965,0.6096243858337402
3.218257427215576,2.2781848907470703
-0.8743882179260254,4.395401477813721
1.166224479675293,8.653736114501953
14.3257737159729,13.166654109954834
11.005675792694092,14.497721195220947
8.882737159729004,11.820220947265625
12.945795059204102,14.723682403564453
3.6365270614624023,11.93937063217163
-4.0053606033325195,10.138547420501709
3.3661603927612305,9.318065643310547
5.278372764587402,3.8211822509765625
1.801002025604248,1.7608046531677246
-3.2476186752319336,-0.5055547133088112
-3.0923843383789062,-4.676663875579834
-9.085643291473389,-7.785367965698242
-12.71517276763916,-10.540366172790527
-9.626543521881104,-11.66524887084961
-2.2151947021484375,-9.171462059020996
0.45957569032907486,-11.662399768829346
-3.6629676818847656,-12.939953804016113
-2.6490330696105957,-8.901369571685791
-1.605832576751709,-7.149183750152588
-1.0964394360780716,-4.628622531890869
1.5512585639953613,3.47900390625
5.781495571136475,-0.5617975816130638
6.249642372131348,4.212713241577148
3.2935738563537598,9.027838706970215
-0.48525329679250717,7.360124588012695
0.746762827038765,9.121835231781006
-0.09465220384299755,8.883607387542725
-3.7252068519592285,6.7102789878845215
-2.6328086853027344,8.874619007110596
-0.8578777313232422,6.03785514831543
-5.844235420227051,-1.9890546798706055
-3.2368063926696777,-1.4225244522094727
2.0850062370300293,-2.912259101867676
-1.800692081451416,-5.208480358123779
2.8107762336730957,-2.2652029991149902
6.306648254394531,-6.091403961181641
1.9391298294067383,-9.889793395996094
4.549014568328857,-4.822039604187012
7.203078269958496,-4.074680805206299
2.7001023292541504,-2.133309841156006
4.129791259765625,0.1842379942536354
6.066501140594482,-0.34590959548950195
5.5176496505737305,1.0152935981750488
3.1472206115722656,7.81320333480835
4.37546968460083,7.57976770401001
0.865471363067627,7.481098175048828
-4.0740966796875,6.860876083374023
-1.6898393630981445,4.3819427490234375
-1.1276841163635254,4.837250709533691
-0.6817460060119629,6.513559818267822
-1.9138097763061523,6.048917770385742
-1.5014290809631348,-0.08941889740526676
-5.120706558227539,-0.67138671875
-2.0283937454223633,-4.554688930511475
1.8651843070983887,-4.283344745635986
1.6582965850830078,-2.0308375358581543
5.142712593078613,-2.968132495880127
5.841624736785889,-5.888307094573975
-1.3675570487976074,-5.300724506378174
-3.0014634132385254,-3.180563449859619
3.111886978149414,-1.0642170906066895
3.5419344902038574,5.080044269561768
4.466152191162109,2.9802322387695312
4.422211647033691,-1.1897683143615723
1.5221714973449707,4.245138168334961
-6.982266902923584,6.834471225738525
-4.52425479888916,9.06829833984375
-3.5622119903564453,11.811983585357666
-0.31572580337524414,4.945504665374756
2.9181599617004395,1.9301533699035645
6.607842445373535,3.625154495239258
1.4351367950439453,1.954817771911621
-3.4427404403686523,3.8863301277160645
-4.820442199707031,3.341984748840332
-4.909002780914307,-3.6353349685668945
-1.8955707550048828,-3.359508514404297
4.2636871337890625,-4.320347309112549
-0.3324269875884056,-6.343865394592285
-2.4127721786499023,-0.41855569928884506
-4.569613933563232,-0.30030010268092155
-5.798280239105225,-4.430508613586426
-9.822297096252441,-3.267395496368408
-3.121340274810791,-1.3899445533752441
-1.3067126274108887,-2.2809505462646484
-2.4753689765930176,0.6716609001159668
-2.2124290466308594,0.07938150316476822
-1.023411825299263,-3.384125232696533
0.6550431251525879,0.8221626281738281
3.289973735809326,0.7515072822570801
4.962718486785889,0.07007120177149773
7.623624801635742,-1.3249397277832031
4.3351054191589355,-5.991733074188232
-2.6126503944396973,-3.727853298187256
-1.6183853149414062,0.28322940692305565
-3.3182144165039062,3.142428398132324
-5.5832743644714355,3.7317395210266113
2.8493881225585938,-1.9198894500732422
0.1237034983932972,3.539252281188965
1.350712776184082,-3.3943891525268555
1.447594165802002,3.3296704292297363
0.03141159890219569,4.9338698387146
-7.135987281799316,2.5578975677490234
-3.2019615173339844,5.4039716720581055
-0.8302807807922363,3.635108470916748
1.1035680770874023,-0.48843618482351303
4.299664497375488,1.467275619506836
7.941794395446777,-2.5741219520568848
3.136754035949707,-2.546823024749756
2.5566935539245605,-3.6141514778137207
1.9512653350830078,-5.261480808258057
3.786337375640869,-3.8109540939331055
4.346907138824463,-1.5056490898132324
5.338704586029053,-4.171490669250488
-2.0275115966796875,-4.421257972717285
-2.92128324508667,-4.103052616119385
-11.315429210662842,-2.3412704467773438
-8.433663845062256,1.9881725311279297
-6.532299518585205,5.429387092590332
-5.411875247955322,0.15170570462942123
-6.701052188873291,-0.7648944854736328
-1.6015052795410156,1.100325584411621
-4.5104265213012695,-0.5398273095488548
-3.7691473960876465,3.236401081085205
-3.8471341133117676,2.5801658630371094
4.436385631561279,-0.9044408798217773
0.9840846061706543,-2.427208423614502
6.0546040534973145,-6.955921649932861
6.442403793334961,-3.6672234535217285
4.705226421356201,-3.818023204803467
-1.37559175491333,-6.055748462677002
-1.0862947255373,-7.660102844238281
3.4376144409179688,-9.96103286743164
2.4283528327941895,-10.460162162780762
-1.7521977424621582,-8.348047733306885
0.921332836151123,-8.744609355926514
1.6008257865905762,-9.584009647369385
-9.620606899261475,-9.551465511322021
-11.1580491065979,-7.818448543548584
-0.8365750312805176,-1.9934535026550293
-2.612590789794922,1.3547301292419434
-8.354997634887695,1.7231225967407227
3.116464614868164,3.194546699523926
7.6613664627075195,3.36381196975708
1.657867431640625,5.584216117858887
6.248033046722412,10.8597993850708
9.26905870437622,9.731245040893555
1.806020736694336,7.7748894691467285
-1.6095876693725586,6.559622287750244
5.647420883178711,7.422089576721191
9.01954174041748,8.048021793365479
6.290280818939209,9.986233711242676
9.011507034301758,7.287180423736572
5.357003211975098,4.297232627868652
-0.33936500549316406,1.020193099975586
-5.638766288757324,1.0217785835266113
-3.2806396484375,1.755821704864502
-5.397617816925049,1.0122060775756836
-2.9228806495666504,-1.6953110694885254
-2.2385120391845703,-6.373929977416992
-4.169774055480957,-4.9803972244262695
-2.770102024078369,-3.7484288215637207
-2.1461844444274902,-4.276251792907715
-2.502894401550293,-3.2001852989196777
-1.3620257377624512,-6.679046154022217
-1.8532395362854004,-6.762540340423584
-1.0963916778564453,-1.3645529747009277
-4.577422142028809,0.02454519970342517
-4.099535942077637,5.496370792388916
-1.1292576789855957,6.139981746673584
0.09492640383541584,4.267287254333496
2.6969075202941895,6.104588508605957
5.662524700164795,7.878720760345459
0.673520565032959,7.490825653076172
0.6914854049682617,10.88792085647583
0.30153989791870117,11.495256423950195
4.202938079833984,5.6465983390808105
5.824685096740723,6.55362606048584
12.458360195159912,3.6806344985961914
11.206495761871338,4.942011833190918
4.4655680656433105,1.986551284790039
5.046224594116211,-0.31832460314035416
2.681553363800049,-2.9407501220703125
-1.236867904663086,-3.2868504524230957
5.477392673492432,-3.018522262573242
4.8207879066467285,-6.962549686431885
-0.36258701235055923,-10.646295547485352
-1.1082767695188522,-8.74696969985962
-0.5996226891875267,-9.417152404785156
-7.849633693695068,-5.4511189460754395
-5.901813507080078,-2.5619149208068848
-0.9136676788330078,-4.638242721557617
-5.771243572235107,-4.958367347717285
-3.1842947006225586,-1.0144352912902832
-1.4415264129638672,-0.6653428077697754
-4.658365249633789,2.2997260093688965
-4.886198043823242,5.970180034637451
-1.8816113471984863,1.666426658630371
1.8854260444641113,-0.131571302190423
0.26143789291381836,-0.8829712867736816
3.3973336219787598,-5.07354736328125
1.9109845161437988,-0.40885210037231445
-3.4575581550598145,-1.8630266189575195
-2.2373557090759277,-7.856500148773193
-0.5227923020720482,-6.615543365478516
-1.0199666023254395,-5.0313591957092285
3.2660603523254395,-5.435466766357422
5.593109130859375,-1.0019540786743164
-0.9466409683227539,-5.829668045043945
-1.0392069816589355,-7.17090368270874
2.667081356048584,-2.8610944747924805
-2.3105859756469727,-0.4699110984802246
1.46254301071167,4.6062469482421875
6.218433380126953,4.272890090942383
3.9813876152038574,1.4562368392944336
5.3145527839660645,2.1382927894592285
3.074979782104492,3.999042510986328
-0.6717681884765625,8.171236515045166
-1.659989356994629,10.66654920578003
-4.248607158660889,6.44993782043457
-2.4406909942626953,-0.3758072853088379
3.721773624420166,-2.8301119804382324
-5.405640602111816,-7.295560836791992
-4.017150402069092,-3.110063076019287
-4.953861236572266,-6.483769416809082
-13.74204158782959,-9.847140312194824
-18.645954132080078,-7.589924335479736
-9.048497676849365,-5.713295936584473
-0.6749749183654785,-2.856111526489258
-4.157531261444092,-5.086827278137207
2.723860740661621,-2.5905966758728027
6.567621231079102,-1.062309667468071
-0.34841299057006836,3.4752249717712402
-6.047117710113525,8.934521675109863
4.599785804748535,8.365535736083984
9.391200542449951,12.640845775604248
11.316883563995361,10.23470163345337
18.762528896331787,9.637081623077393
18.047499656677246,13.848388195037842
4.536712169647217,9.441757202148438
-0.8823751658201218,11.374032497406006
-2.386903762817383,3.985321521759033
3.5764694213867188,-0.11047120206058025
0.8810043334960938,-0.8302211761474609
1.3400673866271973,-3.0411243438720703
-1.1480926722288132,-2.8480052947998047
-6.428802013397217,-6.400191783905029
-19.031226634979248,-10.788178443908691
-16.07835292816162,-8.681952953338623
-3.5063624382019043,-8.062171936035156
-1.0549663752317429,-8.323299884796143
-0.11945960111916065,-9.507739543914795
4.0799736976623535,-9.086430072784424
3.107130527496338,-7.971704006195068
-8.767294883728027,-6.372249126434326
-5.407226085662842,-1.7751693725585938
3.563070297241211,-2.7715444564819336
6.965816020965576,1.5349149703979492
2.652597427368164,1.788473129272461
13.344788551330566,2.0177125930786133
9.001028537750244,6.567847728729248
-3.5421133041381836,3.679382801055908
-4.72261905670166,7.068073749542236
0.8727431297302246,5.956780910491943
-6.434941291809082,-2.4239659309387207
-0.10654930025339127,-0.46297311782836914
4.851484298706055,-1.7994403839111328
3.3833861351013184,-3.197312355041504
-5.28864860534668,-0.13173820450901985
-4.226505756378174,-3.742659091949463
-7.151329517364502,-4.698026180267334
-3.2431483268737793,-0.9315013885498047
0.2901911921799183,-3.9113640785217285
9.600412845611572,-1.5056610107421875
8.47100019454956,0.31546350568532944
4.298055171966553,-0.970614030957222
3.569185733795166,0.09645219892263412
-0.14243129640817642,3.2014846801757812
0.5445719137787819,1.5720486640930176
3.782045841217041,4.553020000457764
1.087355613708496,6.8453192710876465
3.720998764038086,3.3573508262634277
2.7486801147460938,3.63161563873291
-6.176102161407471,1.801598072052002
-4.60817813873291,3.154897689819336
2.720630168914795,5.717480182647705
1.3855576515197754,1.7257928848266602
3.3138275146484375,-1.1066675186157227
9.798252582550049,-0.37620071321725845
2.2521138191223145,-0.2747296914458275
0.16441350802779198,2.1579623222351074
-0.8292316645383835,1.0423064231872559
0.6371378898620605,-0.4965782165527344
2.147054672241211,1.8920302391052246
5.876219272613525,1.6774773597717285
5.107402801513672,4.663681983947754
-0.18484590575098991,6.220054626464844
-2.7425646781921387,4.476034641265869
-1.2567758560180664,4.876303672790527
-1.8007993698120117,4.6920061111450195
-3.6881446838378906,5.010437965393066
0.664055272936821,5.703449249267578
2.3155808448791504,5.504143238067627
-4.338419437408447,4.295766353607178
-1.2006164342164993,2.9817581176757812
-0.18291469663381577,1.2970566749572754
-2.1140575408935547,0.10604860261082649
-0.4135251045227051,2.207064628601074
1.3048171997070312,1.2133598327636719
1.6483664512634277,-1.4275670051574707
-3.047049045562744,-0.8934379369020462
-2.641177177429199,-0.889444425702095
0.1105905044823885,3.5391688346862793
-0.8864998817443848,-0.7514358311891556
-2.0138144493103027,-0.576472282409668
3.6979317665100098,-0.6396651268005371
3.695833683013916,0.8206844329833984
-5.057156085968018,0.3582477942109108
-9.471309185028076,0.5755424126982689
-3.82920503616333,0.5446195974946022
-5.464458465576172,1.6208767890930176
-4.154467582702637,-0.29423240572214127
7.775020599365234,-4.661214351654053
5.547237396240234,-2.9488682746887207
3.427278995513916,-6.223011016845703
0.5516291037201881,-6.249403953552246
-4.4396162033081055,-2.8220534324645996
-3.7726402282714844,-5.185091495513916
-1.712179183959961,-1.0324954986572266
5.796480178833008,-3.8295984268188477
0.5478978157043457,-3.864622116088867
7.58671760559082,-6.118404865264893
-9.77247953414917,0.7061600685119629
8.805584907531738,-6.444799900054932
-12.170183658599854,6.941878795623779
-2.4976372718811035,0.12187959626317024
-3.832077980041504,1.4321684837341309
8.55398178100586,1.7144560813903809
-5.807816982269287,-2.343308925628662
12.462174892425537,-1.390218734741211
1.336061954498291,3.931546211242676
5.3565263748168945,-3.8970947265625
-4.291975498199463,-2.516794204711914
2.692592144012451,0.8186101913452148
-5.703580379486084,-5.305802822113037
6.263637542724609,0.27391910552978516
-0.9466289728879929,-2.171814441680908
4.344820976257324,-2.8664588928222656
1.382911205291748,-2.665531635284424
-3.416287899017334,-2.4258852005004883
-10.592424869537354,-1.4487624168395996
-3.1667113304138184,4.433584213256836
-5.705523490905762,-0.058829798363149166
-7.438325881958008,-0.46569108963012695
-2.6610374450683594,0.20475389435887337
1.2975215911865234,-1.9187450408935547
-2.928328514099121,2.125275135040283
-5.542910099029541,0.1835465058684349
3.822445869445801,1.7863988876342773
2.6484131813049316,-5.150008201599121
1.0681868344545364,-2.9738903045654297
0.0554441986605525,-3.8510918617248535
4.655253887176514,2.6643872261047363
2.4541258811950684,-4.366481304168701
2.296125888824463,-2.5151491165161133
1.0361074656248093,-9.56200361251831
10.850811004638672,-7.753872871398926
-2.2285819053649902,-11.0884428024292
-5.865001678466797,-9.211182594299316
-5.746948719024658,-6.647861003875732
-0.5006194114685059,-6.8158745765686035
-10.326194763183594,-8.923149108886719
0.7721185684204102,-7.89790153503418
0.3607749938964844,-5.149567127227783
-2.8856992721557617,-1.1407017707824707
-8.748948574066162,1.240539625287056
0.37271980196237564,4.217040538787842
-0.661468505859375,9.109807014465332
2.4312734603881836,9.02700424194336
10.078346729278564,8.914029598236084
11.414170265197754,8.256888389587402
4.25037145614624,13.568723201751709
6.243467330932617,9.041213989257812
1.0794997215270996,12.978744506835938
5.286967754364014,13.736534118652344
3.2273173332214355,11.406004428863525
5.240237712860107,12.860274314880371
6.2751054763793945,8.350682258605957
7.642853260040283,8.9790940284729
-2.2384166717529297,3.627002239227295
-3.527402877807617,-2.5564074516296387
-2.1207690238952637,0.09479519911110401
-0.8201122283935547,-4.306328296661377
-5.449163913726807,-4.711449146270752
-0.8501768112182617,-6.754624843597412
-2.771914005279541,-11.491644382476807
-4.45483922958374,-10.435163974761963
-3.289496898651123,-10.80334186553955
-4.926109313964844,-11.0481858253479
-3.849625587463379,-7.263028621673584
0.1557112019509077,-8.177506923675537
-1.1707782745361328,-3.4346818923950195
-0.6968498229980469,-3.5321593284606934
2.307593822479248,0.9030581265687943
6.286132335662842,5.645406246185303
-1.3329863548278809,5.399191379547119
-1.1730670928955078,12.213480472564697
0.8020638674497604,9.041881561279297
0.34971240907907486,11.912035942077637
0.686180591583252,15.212535858154297
7.014477252960205,12.06294298171997
8.794045448303223,12.850689888000488
6.828701496124268,11.973679065704346
2.2268176078796387,8.781301975250244
4.677748680114746,4.551577568054199
6.181907653808594,1.8251419067382812
4.821968078613281,-1.429736614227295
3.9833784103393555,-4.520523548126221
5.33144474029541,-4.951488971710205
-0.6883621215820312,-10.295557975769043
-4.773998260498047,-11.682820320129395
-7.282614707946777,-8.335638046264648
-2.0223259925842285,-12.741649150848389
-1.4008522033691406,-7.068681716918945
-0.20385980606079102,-6.9414496421813965
-0.4166721925139427,-9.14369821548462
3.3208250999450684,-7.013833522796631
-6.834161281585693,-4.519462585449219
-7.99715518951416,0.7307648658752441
-6.408822536468506,9.778058528900146
-4.5859694480896,2.550077438354492
-5.295753479003906,3.1318187713623047
0.4671334847807884,0.8742929250001907
2.6358723640441895,-1.0324835777282715
0.09288789704442024,-0.20684000104665756
-6.749320030212402,2.569746971130371
-1.60444974899292,-0.18723009154200554
-1.2802720069885254,-2.7353882789611816
-2.2684097290039062,-5.103576183319092
5.260193347930908,-4.971158504486084
12.548601627349854,-2.1044135093688965
3.4829258918762207,-2.865731716156006
-1.0772346705198288,-4.797482490539551
2.3972511291503906,-0.7546305656433105
-1.4772415161132812,0.2342700958251953
-3.760957717895508,-0.505828894674778
7.534515857696533,1.7349481582641602
6.556248664855957,-0.00966790015809238
2.4065256118774414,-0.8557915687561035
-3.9358973503112793,-0.42345520108938217
-4.2517900466918945,-1.9067883491516113
-6.064391136169434,1.2665629386901855
-8.609354496002197,1.4957904815673828
-2.897787094116211,-1.4695048332214355
5.910348892211914,-1.7479181289672852
0.5676507949829102,-5.252468585968018
-4.236102104187012,-3.0428171157836914
-1.5279054641723633,-7.378673553466797
-6.049108505249023,-6.364238262176514
-11.404860019683838,-7.600152492523193
-4.588937759399414,-4.533243179321289
-3.730285167694092,4.546952247619629
-5.140471458435059,3.7564754486083984
-0.21402839571237564,3.383910655975342
0.7733464241027832,2.0179033279418945
1.401221752166748,5.1711320877075195
2.270686626434326,6.011295318603516
6.415557861328125,10.190975666046143
1.0440350323915482,5.449199676513672
2.1366357803344727,4.595065116882324
5.835831165313721,7.371234893798828
5.685436725616455,4.634606838226318
10.204625129699707,1.382458209991455
8.833348751068115,0.7633209228515625
3.8594961166381836,-6.304502487182617
2.9500246047973633,-5.050921440124512
-1.4087915420532227,-2.6235342025756836
-2.22550630569458,-1.160264015197754
1.964271068572998,0.1214503962546587
1.7168164253234863,-1.1008858680725098
-3.4137606620788574,-9.671878814697266
-3.4285545349121094,-5.8486223220825195
-6.376457214355469,-1.6430854797363281
-10.792434215545654,-0.760960578918457
-5.87615966796875,2.740955352783203
-1.008307933807373,0.4233003035187721
-0.8313655853271484,-1.715242862701416
-1.6739606857299805,1.542341709136963
4.429388046264648,1.109635829925537
0.6414294242858887,-0.07630589883774519
-0.17217399552464485,1.8105268478393555
-2.2934317588806152,1.3055801391601562
5.595004558563232,-0.07008309941738844
0.6345868110656738,4.599595069885254
-2.087891101837158,1.0550975799560547
0.42777061462402344,-1.1990547180175781
4.156899452209473,-0.9867311269044876
-2.836024761199951,-6.07607364654541
1.4214396476745605,-2.8786182403564453
4.819631576538086,-0.42870040982961655
-1.6127467155456543,-1.2819290161132812
-5.544555187225342,1.656663417816162
-1.8105149269104004,0.834810733795166
-3.459310531616211,-0.15709400177001953
1.405775547027588,5.500543117523193
3.2525181770324707,2.6387453079223633
4.913651943206787,5.173158645629883
-1.2758255004882812,8.641421794891357
-0.334930382668972,8.82103443145752
0.41414499282836914,8.388245105743408
4.287385940551758,8.869373798370361
5.720770359039307,3.9124369621276855
7.78658390045166,3.0021071434020996
3.5574913024902344,3.7580251693725586
-1.0581731796264648,3.0140161514282227
-4.941427707672119,1.8181920051574707
-4.059791564941406,1.389312744140625
0.6194233894348145,0.5636930093169212
2.6828885078430176,-0.671851634979248
5.2101850509643555,-0.3283857926726341
5.096471309661865,-3.8384199142456055
1.1481046676635742,-2.124965190887451
-3.540933132171631,0.3251314163208008
0.6651520729064941,-0.10983940213918686
1.198100969195366,-1.761317253112793
4.384851455688477,-0.04023309797048569
9.084606170654297,-1.696455478668213
8.538341522216797,1.841747760772705
-0.8420466631650925,1.7624378204345703
-3.5004615783691406,5.322790145874023
-1.6503453254699707,3.0655860900878906
-2.216935157775879,4.192817211151123
-2.09505558013916,5.821418762207031
2.402794361114502,2.0256757736206055
-3.036165237426758,2.786576747894287
-6.2430620193481445,-0.03193619893863797
-7.451379299163818,0.745689868927002
-7.021224498748779,3.9159655570983887
-3.528141975402832,1.123654767870903
1.1682391166687012,1.1245130747556686
1.2811541557312012,-1.2289047241210938
3.3601999282836914,-1.1249660700559616
2.230989933013916,-2.946197986602783
1.0335922241210938,0.16207700595259666
-0.2997398003935814,-1.3735532760620117
1.17583267390728,-3.3371925354003906
-1.606154441833496,-2.122926712036133
0.39125680923461914,-4.470920562744141
2.3468852043151855,0.19631389528512955
3.790771961212158,-0.1658915914595127
-1.2047529220581055,1.8030166625976562
1.4188051223754883,1.1719346046447754
-1.4255881309509277,-3.094327449798584
-5.5267333984375,-1.5854597091674805
-6.296932697296143,0.7116913795471191
-1.0234475135803223,1.5659570693969727
0.5311011895537376,-1.8566370010375977
-6.0918450355529785,-1.0679007321596146
-2.757871150970459,-3.6733388900756836
-1.1788129806518555,0.5392909049987793
-4.368126392364502,-1.9033193588256836
-6.63912296295166,0.12977119535207748
4.912102222442627,-1.494157314300537
-3.1040191650390625,-2.7666211128234863
-0.14932160265743732,-5.912637710571289
0.5166530981659889,-0.2322077937424183
7.936000823974609,-0.7409095764160156
0.37142038345336914,1.7946600914001465
1.480722427368164,0.1759170927107334
3.1005501747131348,-3.9366722106933594
2.6421070098876953,2.0237326622009277
-3.5930275917053223,0.5447864904999733
5.836188793182373,5.624103546142578
7.2579264640808105,6.132650375366211
5.176854133605957,-0.44095519930124283
4.7142863273620605,1.2564301490783691
2.709627151489258,2.687358856201172
1.2968063354492188,1.6854286193847656
-2.5990962982177734,4.977774620056152
-5.664634704589844,2.1300196647644043
-1.11161470413208,0.9921550750732422
-1.8622517585754395,0.5092262849211693
-5.420088768005371,1.9454598426818848
-5.601871013641357,2.9120326042175293
-2.6192545890808105,5.353832244873047
-7.729232311248779,3.132760524749756
-7.960760593414307,-2.885878086090088
-2.8341174125671387,-1.5190958976745605
-4.653966426849365,-0.7741689682006836
0.2040266990661621,1.0030149668455124
-0.4044293984770775,0.9612560272216797
1.8874764442443848,-8.739054203033447
2.4890899658203125,-9.288251399993896
7.6952338218688965,-8.090221881866455
1.2276172637939453,-6.615340709686279
1.2526750564575195,-1.455986499786377
4.625523090362549,-4.640913009643555
-0.4325985908508301,-9.90220308303833
-3.390073776245117,-8.670186996459961
4.769563674926758,-6.268107891082764
2.9330015182495117,-5.054783821105957
-7.663679122924805,-3.7006258964538574
-9.011781215667725,-8.913695812225342
-5.404913425445557,-8.436882495880127
-7.323098182678223,-6.585288047790527
-8.443450927734375,-3.0808210372924805
-3.3162474632263184,-1.082468032836914
1.2552976608276367,-2.513301372528076
-6.231367588043213,-5.511808395385742
-6.1911702156066895,-2.488267421722412
-1.8454432487487793,3.2018423080444336
3.0102014541625977,7.820188999176025
2.041745185852051,6.495392322540283
6.819403171539307,6.10116720199585
12.692463397979736,2.372097969055176
7.849085330963135,6.345796585083008
6.101679801940918,9.059453010559082
9.903383255004883,12.642812728881836
7.435810565948486,11.333727836608887
4.999113082885742,6.413543224334717
6.18966817855835,7.684671878814697
7.1645379066467285,5.0748467445373535
1.5882134437561035,7.226431369781494
-1.896965503692627,5.877184867858887
2.768874168395996,0.6020903959870338
-4.48983907699585,-1.2768983840942383
-4.565572738647461,1.3896822929382324
-0.8507847785949707,-7.037556171417236
-2.934598922729492,-4.186463356018066
-6.800687313079834,-7.107901573181152
-2.7872204780578613,-10.115575790405273
-4.317426681518555,-5.196821689605713
-6.461191177368164,-8.743476867675781
-5.774080753326416,-8.029723167419434
-6.160128116607666,-2.2728562355041504
-8.170819282531738,-2.2150397300720215
-3.367304801940918,-0.31059980392456055
1.9241094589233398,4.291796684265137
4.870200157165527,8.63504409790039
2.7625203132629395,6.012904644012451
0.39899349212646484,10.356926918029785
-2.78778076171875,10.818922519683838
-1.3422846794128418,8.768630027770996
2.5908350944519043,11.803483963012695
7.30520486831665,10.398507118225098
14.4539475440979,9.249341487884521
11.162912845611572,12.734830379486084
6.593585014343262,5.711686611175537
5.987060070037842,3.061389923095703
3.6834001541137695,2.925121784210205
2.9502272605895996,-1.2628555297851562
3.551340103149414,-0.3641963005065918
1.6958236694335938,-3.3502697944641113
0.3452301025390625,-6.927454471588135
-3.220844268798828,-8.309519290924072
-4.358506202697754,-7.869541645050049
-3.1612634658813477,-7.445716857910156
-2.918827533721924,-6.562173366546631
-3.555452823638916,-3.7277936935424805
-2.2450923919677734,-8.402764797210693
-1.7678499221801758,-7.191598415374756
-5.7834625244140625,-3.192269802093506
-1.0285258293151855,-1.6056299209594727
-0.3245710954070091,-0.08515119552612305
-4.619300365447998,-2.560722827911377
1.03058822453022,-6.072235107421875
-1.0947226732969284,-4.918348789215088
-3.8393020629882812,-3.528761863708496
-0.4281044006347656,-2.8435230255126953
1.5757083892822266,1.0484576225280762
-0.7832884788513184,-0.9968400001525879
0.09795430116355419,-4.997014999389648
-0.14028550125658512,1.0634899139404297
-0.6430745124816895,2.0034074783325195
-2.61305570602417,2.4113893508911133
-3.429865837097168,2.430140972137451
0.7624626159667969,3.721797466278076
4.017269611358643,2.287125587463379
2.1315813064575195,8.821415901184082
-0.8756279945373535,5.427408218383789
0.8550882339477539,2.8119921684265137
-0.6944060325622559,5.152535438537598
-5.018877983093262,0.34630298614501953
-0.1362919993698597,0.4257678985595703
2.817380428314209,3.117704391479492
-1.4806389808654785,-3.151118755340576
-4.385077953338623,-5.814409255981445
-7.4146270751953125,-8.111560344696045
-8.392918109893799,-10.454118251800537
-5.7225823402404785,-7.609617710113525
0.2897500991821289,-4.350495338439941
1.4788627624511719,-8.25737714767456
4.348564147949219,-9.61449146270752
0.23634430021047592,-9.00040864944458
-2.3291587829589844,-5.4047346115112305
-1.6853570938110352,0.9923577308654785
1.3762354850769043,0.058889398351311684
5.216836929321289,-2.2617697715759277
-0.21092889830470085,3.6298632621765137
3.699767589569092,5.113983154296875
5.198979377746582,10.889160633087158
-0.0631809001788497,8.729887008666992
-3.211855888366699,6.089484691619873
1.197350025177002,7.73770809173584
2.278625965118408,8.852088451385498
-8.523392677307129,6.045937538146973
-5.305135250091553,7.7520012855529785
1.2102603912353516,4.2122721672058105
-1.0837913304567337,-1.0912538319826126
0.389099083840847,-4.2205810546875
3.364288806915283,-5.6221604347229
2.6549696922302246,-4.853451251983643
-1.856684684753418,-0.6388425827026367
-1.3164520263671875,-5.993616580963135
4.48300838470459,-7.755589485168457
3.60105037689209,-7.990574836730957
1.62888765335083,-5.143499374389648
5.903983116149902,-1.6134977340698242
2.988898754119873,-3.9227843284606934
-2.2667765617370605,-3.4297585487365723
-0.8833765983581543,-2.6144862174987793
5.910003185272217,1.1248469352722168
5.804240703582764,1.5646696090698242
-0.5221844092011452,2.431797981262207
-1.5108227729797363,1.821911334991455
-3.5283446311950684,4.217004776000977
-7.457077503204346,4.554617404937744
-6.125140190124512,5.3649187088012695
-3.9169788360595703,3.6547303199768066
0.45779939740896225,2.0294666290283203
-6.5268874168396,-0.4891395941376686
-5.343282222747803,-1.6533970832824707
-4.404234886169434,-3.1952977180480957
-4.182898998260498,-3.501760959625244
-1.8446803092956543,-1.4394879341125488
4.8584818840026855,-3.238189220428467
2.9794692993164062,-2.7855515480041504
0.8900046348571777,-1.1590241640806198
3.7470459938049316,2.174663543701172
3.6353111267089844,4.241549968719482
3.009486198425293,1.330864429473877
8.749771118164062,4.474318027496338
9.408354759216309,5.081534385681152
6.868410110473633,6.514108180999756
4.711437225341797,8.313536643981934
2.146732807159424,4.785633087158203
0.7848978042602539,4.738223552703857
-1.1227607727050781,3.896450996398926
4.205989837646484,2.9034018516540527
3.044295310974121,1.214003562927246
-1.7601609230041504,1.0813236236572266
-3.8320183753967285,-0.9494900703430176
-6.9211602210998535,-1.688838005065918
-8.559978008270264,-2.617824077606201
-4.143941402435303,-3.39277982711792
0.2794026955962181,-3.473949432373047
1.484358310699463,-1.088404729962349
4.647254943847656,-0.33806558698415756
1.3709306716918945,-0.8101463317871094
-5.170023441314697,2.6635169982910156
4.71498966217041,1.1630535125732422
7.023036479949951,4.492306709289551
5.675399303436279,4.734039306640625
9.912919998168945,6.9222092628479
10.674011707305908,7.274758815765381
2.2307753562927246,5.460548400878906
-1.3105988502502441,7.86588191986084
2.087235450744629,4.777538776397705
1.2154818326234818,1.8886923789978027
-2.4857044219970703,0.8581160753965378
1.4359593391418457,-1.6028642654418945
-1.6663074493408203,-3.057575225830078
-10.131239891052246,-3.2297730445861816
-9.46742296218872,-5.131781101226807
-7.71183967590332,-3.0925631523132324
-9.349298477172852,-2.9416441917419434
-4.734396934509277,-2.268648147583008
-1.0686873644590378,-3.80934476852417
-3.2558083534240723,-0.15226599760353565
-1.6669631004333496,-0.4507898911833763
-0.44100280851125717,1.4377713203430176
-3.1894445419311523,3.3224105834960938
3.6481738090515137,2.3142218589782715
4.6897172927856445,2.171933650970459
0.7535933703184128,2.678823471069336
3.0328750610351562,0.5673766136169434
8.180642127990723,0.09659529663622379
0.3552556037902832,0.7204890251159668
0.16870500519871712,-0.9542226791381836
3.9412617683410645,-0.6420732289552689
-0.8758783340454102,-5.831897258758545
-5.4131388664245605,-5.6270599365234375
-0.24900440126657486,-5.778181552886963
-0.6797432899475098,-3.836238384246826
2.1642208099365234,-5.768108367919922
-3.5833358764648438,-4.22438383102417
-2.847719192504883,-5.680227279663086
-4.954564571380615,-4.592394828796387
-3.633737564086914,-4.720640182495117
-6.02041482925415,-0.3533006086945534
1.909041404724121,-0.749671533703804
2.5444984436035156,2.528202533721924
-1.4997124671936035,1.471269130706787
-2.004373073577881,3.066551685333252
2.77022123336792,1.969611644744873
-2.0412087440490723,1.757824420928955
0.21234750747680664,1.8435120582580566
7.465767860412598,2.4396181106567383
7.492184638977051,0.9794473648071289
1.3937950134277344,1.0025619715452194
2.231144905090332,-1.0916829109191895
2.3091554641723633,0.7339239120483398
0.694131925702095,-0.5093694105744362
-2.606821060180664,-2.528667449951172
3.4750938415527344,-3.5150647163391113
1.1679769307374954,-2.2588491439819336
-2.88543701171875,-3.1800389289855957
-4.329359531402588,-0.5550384894013405
-2.4117588996887207,1.7772316932678223
-5.02626895904541,-0.7062315940856934
-3.6494970321655273,-1.8990635871887207
-2.5291085243225098,-0.5049943923950195
-0.16503330320119858,1.6249299049377441
-3.427302837371826,5.002248287200928
-0.9089469909667969,4.127657413482666
-1.690208911895752,2.4941205978393555
-1.0989069938659668,1.4637112617492676
0.33141370862722397,0.4256128892302513
-0.09518859907984734,0.4927992820739746
-1.287245750427246,2.042078971862793
4.176950454711914,-0.5927323922514915
2.8566360473632812,-4.176449775695801
-0.9833574295043945,-5.089521408081055
2.7745485305786133,-9.738993644714355
3.1630992889404297,-3.357720375061035
-4.937481880187988,-5.594289302825928
-4.9988508224487305,-7.167184352874756
-0.12190340086817741,-10.323035717010498
-1.8575668334960938,-10.665309429168701
-7.893788814544678,-11.178553104400635
-3.655421733856201,-6.273448467254639
-2.595353126525879,-3.9884090423583984
-4.7158002853393555,-5.8615922927856445
-5.1372528076171875,-2.4093031883239746
1.2312530726194382,-2.0865559577941895
5.160975456237793,3.7459492683410645
0.8593559265136719,5.7769775390625
2.514958381652832,6.099879741668701
3.965437412261963,5.781090259552002
5.255472660064697,8.590805530548096
5.770230293273926,10.535645484924316
8.190786838531494,12.336087226867676
5.61603307723999,9.313249588012695
2.2368669509887695,8.80289077758789
1.2180685997009277,4.4042229652404785
0.28297899290919304,7.150983810424805
3.125166893005371,5.621778964996338
4.652094841003418,4.9672722816467285
-0.8853912353515625,1.2034893035888672
-0.699770525097847,0.24491550400853157
-2.4543404579162598,-4.48685884475708
-5.229759216308594,-3.5156965255737305
-2.8326988220214844,-1.4426708221435547
2.068352699279785,-3.633570671081543
1.4228463172912598,-7.778644561767578
-0.6981492042541504,-8.732259273529053
-1.8467068672180176,-9.569406509399414
-4.0421366691589355,-4.849076271057129
-1.7810821533203125,-0.6908773630857468
-2.3494601249694824,-1.8095135688781738
-1.2627363204956055,-3.3823370933532715
1.8964409828186035,-1.6694307327270508
-0.446164608001709,-1.954805850982666
-3.136169910430908,6.095278263092041
-1.4481067657470703,8.324241638183594
0.1343965996056795,3.767216205596924
-0.6013631820678711,7.179462909698486
1.943647861480713,5.797076225280762
4.8506975173950195,7.547938823699951
1.139211729168892,9.933006763458252
-0.13140439987182617,5.86477518081665
4.545116424560547,5.01171350479126
7.290291786193848,1.2902379035949707
5.339229106903076,-0.16933679580688477
8.315372467041016,2.4295449256896973
6.729412078857422,2.375662326812744
-0.08516309782862663,-2.360212802886963
-0.23375749588012695,-5.4200053215026855
-2.1335959434509277,-8.286654949188232
1.2864947319030762,-7.41347074508667
2.98464298248291,-2.9792428016662598
3.035914897918701,-4.209804534912109
-1.0492801666259766,-9.173619747161865
-3.6661505699157715,-7.084929943084717
-4.114341735839844,-8.73781442642212
-1.3361096382141113,-4.222679138183594
-0.8178591728210449,1.7791032791137695
3.0774474143981934,1.9446611404418945
3.8614869117736816,-1.1339783668518066
-2.507174015045166,3.7076830863952637
-6.038665771484375,-0.22393470630049706
-3.310537338256836,2.751600742340088
-9.152615070343018,1.4542818069458008
-2.6267528533935547,-1.1455416679382324
1.3981342315673828,-0.3098965063691139
1.1128664016723633,-1.848435401916504
-0.5573033913969994,-0.5919932946562767
-2.7849316596984863,-1.8462300300598145
-5.990195274353027,-0.9484171867370605
-4.50061559677124,-1.5244364738464355
-3.1287789344787598,-2.516484260559082
1.7934083938598633,-2.6428699493408203
5.928957462310791,1.007068231701851
6.309747695922852,-2.534353733062744
3.1182050704956055,-1.3947725296020508
4.347729682922363,-1.9290804862976074
2.265334129333496,-1.8467426300048828
0.5667328834533691,-1.2125133723020554
2.954578399658203,3.603827953338623
6.05320930480957,3.747987747192383
3.2210230827331543,4.881834983825684
0.7719159126281738,7.262265682220459
-3.631901741027832,2.4898648262023926
0.8834958076477051,1.3229608535766602
-9.765768051147461,2.680337429046631
-8.875501155853271,-2.905869483947754
2.2158145904541016,1.509857177734375
-3.781461715698242,-4.324960708618164
-6.66501522064209,-7.173728942871094
-2.2574663162231445,-4.92178201675415
-3.614532947540283,-7.118773460388184
-10.126090049743652,-8.834564685821533
-6.512606143951416,-4.080390930175781
-4.698669910430908,-1.665186882019043
2.9633283615112305,-0.9319663047790527
4.610693454742432,1.6428589820861816
3.643941879272461,1.6348958015441895
6.6269636154174805,0.2897739037871361
5.148601531982422,7.3419928550720215
-2.8122663497924805,4.204666614532471
-1.4702916145324707,6.585526466369629
4.178428649902344,8.903467655181885
3.8681864738464355,8.190488815307617
6.870794296264648,6.344926357269287
11.02374792098999,7.443606853485107
3.0738353729248047,2.9352664947509766
1.7886161804199219,2.034139633178711
-0.7410048693418503,1.6580700874328613
-6.490433216094971,-1.8625497817993164
1.4012932777404785,-2.548360824584961
2.3604750633239746,-4.33880090713501
-4.4342875480651855,-7.73392915725708
-4.787492752075195,-6.745266914367676
-3.0666589736938477,-10.674691200256348
-11.079931259155273,-11.080622673034668
-6.43773078918457,-7.788252830505371
2.05765962600708,-5.393886566162109
5.545496940612793,-6.557714939117432
0.402831993997097,-4.28774356842041
2.879774570465088,-5.527305603027344
1.5968918800354004,-3.052687644958496
-6.240129470825195,4.0012359619140625
-6.225323677062988,7.149744033813477
0.2801180072128773,7.1318864822387695
2.5432825088500977,9.143507480621338
-0.7068037986755371,4.458856582641602
3.4946084022521973,3.049600124359131
3.7189722061157227,6.562483310699463
-5.888640880584717,4.042446613311768
-4.205954074859619,3.250610828399658
-2.300560474395752,1.9411683082580566
1.3036489486694336,-2.445709705352783
6.901788711547852,-1.931595802307129
6.87558650970459,-3.318166732788086
4.1406989097595215,-3.126060962677002
1.5290379524230957,-4.750573635101318
-4.998898506164551,-4.4973015785217285
-2.071821689605713,-1.6694188117980957
3.7362217903137207,-2.426004409790039
6.318950653076172,2.0096659660339355
6.298375129699707,-0.3113269992172718
6.724071502685547,0.1343130972236395
2.9854416847229004,4.291427135467529
-1.327073574066162,2.592182159423828
-1.0852813720703125,5.758261680603027
-2.186107635498047,5.355978012084961
-0.9759067744016647,5.3969502449035645
-1.533365249633789,4.553699493408203
0.5791902914643288,3.469693660736084
-3.0792951583862305,3.7383556365966797
-3.572070598602295,5.3870320320129395
-1.5408635139465332,2.1947741508483887
-0.46811100095510483,4.640841484069824
-1.5311121940612793,-1.2350677698850632
7.834947109222412,-0.26034120470285416
7.516694068908691,0.9904146194458008
2.642333507537842,1.1683344841003418
4.817485809326172,2.732515335083008
7.661044597625732,0.8433579653501511
3.0468344688415527,-0.49474239349365234
4.194760322570801,2.9613137245178223
6.448781490325928,1.5266060829162598
3.7625908851623535,2.530956268310547
-4.670405387878418,-2.7079105377197266
-1.1166691780090332,-0.7278203964233398
0.16738180071115494,-1.0250567644834518
-3.7310123443603516,-0.008618800202384591
-3.0865073204040527,1.3271093368530273
-2.031588554382324,-0.6528615951538086
-3.789818286895752,-1.160430908203125
-6.204378604888916,-2.18808650970459
-3.466928005218506,-0.7229567319154739
-1.5046119689941406,2.1816253662109375
-5.471193790435791,3.856027126312256
-0.9290695190429688,0.8316397666931152
1.3610243797302246,0.4811882972717285
0.4665375128388405,-1.9565701484680176
1.5936851501464844,2.8018712997436523
2.415788173675537,2.739083766937256
-0.8071184158325195,3.2808899879455566
1.382589340209961,3.946197032928467
3.8439154624938965,-0.35507678985595703
5.237281322479248,-0.22290950641036034
3.127729892730713,-0.21924970671534538
7.348918914794922,-2.9748916625976562
-5.218625068664551,-2.154827117919922
-5.479717254638672,-3.414440155029297
-2.970576286315918,-1.395106315612793
-2.1026015281677246,-0.6749629974365234
-2.9560089111328125,-3.339874744415283
4.983723163604736,-2.4869322776794434
4.948282241821289,-6.540560722351074
-4.519975185394287,-2.1832823753356934
-6.926131248474121,-2.8037190437316895
-7.101762294769287,-0.8374571800231934
-3.9017438888549805,-1.8195748329162598
-7.736873626708984,-0.08068080060184002
4.0946364402771,-1.4002323150634766
4.787468910217285,2.351963520050049
1.5796303749084473,-1.3733983039855957
-7.620227336883545,-0.601494312286377
-2.413320541381836,2.964937686920166
-0.20247699692845345,-2.4177074432373047
-1.2229443341493607,0.24962430819869041
5.621504783630371,-0.6314157694578171
15.650248527526855,-0.07375480141490698
8.956193923950195,-2.629375457763672
5.457711219787598,-0.39376020431518555
1.7155170440673828,-2.310609817504883
3.597402572631836,-0.6302595138549805
-2.184009552001953,-1.2498735636472702
-1.6827821731567383,-2.5066137313842773
2.810060977935791,1.8958687782287598
1.6676902770996094,1.9612312316894531
-7.75378942489624,1.3658642768859863
-6.589770317077637,5.250120162963867
-3.434324264526367,0.5225301161408424
-8.745872974395752,2.2116899490356445
-8.983469009399414,-0.26034120470285416
-1.002669334411621,1.0729432106018066
-1.4754295349121094,0.3501296043395996
-7.375800609588623,0.032746801152825356
-3.347349166870117,-2.8541207313537598
-0.0007152999751269817,-1.1093378067016602
1.4446377754211426,-3.5794854164123535
0.8228064328432083,-5.894756317138672
4.282736778259277,-7.38835334777832
5.227756500244141,-6.809389591217041
1.5136480331420898,-7.915806770324707
-1.306760311126709,-4.094946384429932
3.446340560913086,-3.6824464797973633
3.8974404335021973,-6.841623783111572
4.493856430053711,-10.8817458152771
1.6065120697021484,-11.29448413848877
-1.9456267356872559,-12.406110763549805
-6.124281883239746,-6.495833396911621
-5.990171432495117,-5.575776100158691
-11.27316951751709,-3.8490772247314453
-4.46934700012207,-2.057003974914551
3.2567381858825684,-5.058789253234863
1.7601966857910156,-2.6700377464294434
-5.393016338348389,2.391982078552246
0.025844599585980177,5.879509449005127
-0.8567451685667038,8.973956108093262
-2.433300018310547,9.770917892456055
5.085349082946777,12.608695030212402
15.999186038970947,8.711183071136475
9.603416919708252,10.209619998931885
4.556596279144287,9.948182106018066
4.2908549308776855,12.960398197174072
-0.19195079803466797,14.149630069732666
-0.9750604629516602,6.651473045349121
2.3803234100341797,7.16177225112915
8.898556232452393,4.832494258880615
5.700874328613281,1.940929889678955
-0.7280468940734863,3.1205296516418457
0.6672143936157227,-0.9913086891174316
-3.0668020248413086,-4.07789945602417
-4.828441143035889,-5.914926528930664
-1.1951447278261185,-7.175421714782715
2.276623249053955,-5.70446252822876
1.5678167343139648,-6.931519508361816
-3.299129009246826,-9.200000762939453
-6.549406051635742,-7.252371311187744
-3.5054564476013184,-4.675137996673584
-0.02427099971100688,-2.3816347122192383
-1.1748552322387695,-1.449751853942871
-2.143728733062744,0.931096076965332
3.2630443572998047,3.131985664367676
-2.1121859550476074,2.3521780967712402
-7.147419452667236,5.296838283538818
-0.42662620544433594,8.764386177062988
5.710947513580322,6.556522846221924
-0.46826601028442383,9.783315658569336
-0.3082871064543724,7.622241973876953
5.5585503578186035,8.92016887664795
3.693544864654541,9.638631343841553
-0.04111529793590307,6.7731499671936035
8.866262435913086,8.866333961486816
14.034175872802734,7.6987504959106445
4.627621173858643,3.838527202606201
5.691623687744141,0.046098199672997
9.285259246826172,0.5811334028840065
0.917804166674614,-1.4827728271484375
-0.6858944892883301,-1.8238067626953125
2.0985007286071777,-0.3565073013305664
-0.37742849439382553,-5.1169633865356445
-2.1935343742370605,-7.136332988739014
-2.051997184753418,-8.102655410766602
-4.77142333984375,-11.604571342468262
-4.0335893630981445,-5.34135103225708
-4.759466648101807,-2.056097984313965
-5.444800853729248,-4.18776273727417
-3.645789623260498,-1.8604755401611328
-4.918086528778076,-1.5634894371032715
-5.415797233581543,-3.217470645904541
-1.950395107269287,1.6422033309936523
-0.5497932061553001,0.7883548736572266
-2.2019505500793457,-3.601086139678955
-1.2350081652402878,1.7113804817199707
1.75018310546875,-1.7675161361694336
-2.528238296508789,-0.6558418273925781
-4.26335334777832,2.318596839904785
0.9682297706604004,-1.0413408279418945
3.7087559700012207,-4.987800121307373
-3.6312341690063477,-2.694523334503174
0.2962828055024147,-4.301249980926514
8.166241645812988,-1.4304280281066895
-1.124429702758789,0.6445168703794479
-4.925596714019775,-0.7522463798522949
8.093106746673584,-0.11348719708621502
2.953219413757324,0.2901911921799183
-7.546532154083252,-4.011034965515137
4.512190818786621,-0.234067402780056
5.528390407562256,3.49578857421875
-4.428958892822266,0.18974540755152702
-0.565040111541748,1.0924100875854492
0.7201790809631348,-0.9544610977172852
-4.547691345214844,-6.494319438934326
-3.739762306213379,-1.4948606491088867
-3.668355941772461,-3.822660446166992
-0.6780744343996048,-4.277670383453369
-2.3522138595581055,-3.035271167755127
-7.876121997833252,-7.985734939575195
-5.100357532501221,-7.154572010040283
-3.405141830444336,-8.090484142303467
-7.11820125579834,-8.402013778686523
-6.511259078979492,-9.27116870880127
3.441905975341797,-0.033783901017159224
-1.5639662742614746,0.1038432028144598
2.2466301918029785,-1.3630867004394531
6.377780437469482,0.7383465766906738
6.841111183166504,4.129648208618164
4.128158092498779,5.835127830505371
5.7106733322143555,9.833312034606934
4.596972465515137,5.432403087615967
1.7273783683776855,7.413148880004883
1.5432357788085938,10.77800989151001
4.219269752502441,11.318361759185791
7.161617279052734,7.1257829666137695
4.5368194580078125,5.581259727478027
-3.5881638526916504,0.8840321749448776
2.5964975357055664,0.15585419721901417
-2.083730697631836,2.138793468475342
-7.983458042144775,1.7614483833312988
-3.560960292816162,-2.270030975341797
0.21756889298558235,-3.4992218017578125
-7.847857475280762,-6.316936016082764
-6.372010707855225,-9.473347663879395
-1.2460588663816452,-4.104399681091309
-2.6603221893310547,-7.808899879455566
1.8335342407226562,-7.427048683166504
4.847979545593262,-3.019428253173828
7.683348655700684,-6.750273704528809
4.64930534362793,0.2724648080766201
1.3478279113769531,3.581249713897705
4.569423198699951,0.6011844053864479
5.970513820648193,5.397796630859375
-0.699925422668457,1.0916352272033691
0.4586696997284889,5.7015180587768555
3.027498722076416,9.852135181427002
-4.738008975982666,10.337138175964355
-7.762360572814941,4.038190841674805
-5.814456939697266,4.274129867553711
-7.108139991760254,1.5045523643493652
-5.313241481781006,1.7296075820922852
-3.4179210662841797,2.910184860229492
0.8836984634399414,-1.6110658645629883
-0.5912065878510475,-3.9809346199035645
-2.375006675720215,-2.3270010948181152
-3.2231926918029785,-4.08860445022583
1.3872146606445312,2.1599769592285156
2.620053291320801,1.9714593887329102
5.260860919952393,-2.097177505493164
9.444546699523926,0.7554292678833008
10.154569149017334,1.8490076065063477
6.237328052520752,1.5131950378417969
2.2809743881225586,7.283675670623779
5.4613471031188965,4.226481914520264
4.316961765289307,4.274392127990723
0.9356380254030228,3.931915760040283
2.2523999214172363,-0.8460401743650436
2.1894216537475586,2.9549121856689453
-5.038356781005859,4.955089092254639
-5.219149589538574,2.635633945465088
-3.5850882530212402,3.114926815032959
-4.6306610107421875,0.12173649854958057
-0.779879093170166,-1.9003987312316895
5.4976701736450195,-1.2806415557861328
3.632199764251709,-1.761782169342041
1.4939427375793457,1.124572828412056
-0.8066177368164062,-1.363062858581543
-1.5186667442321777,-1.863539218902588
1.8345117568969727,-0.3891944885253906
5.726325511932373,2.685832977294922
6.64973258972168,2.465081214904785
5.380427837371826,2.613985538482666
2.9465794563293457,0.8694291114807129
-0.9699583053588867,-0.08742810226976871
-4.42129373550415,3.2065391540527344
-3.395688533782959,5.414402484893799
-5.313587188720703,3.8103222846984863
-1.387465000152588,0.1180053036659956
0.5521535873413086,-5.255436897277832
0.32962560653686523,-4.367542266845703
-1.4911413192749023,0.45511718839406967
2.203226089477539,-1.467752456665039
-1.593017578125,3.788316249847412
-4.0221452713012695,-4.425442218780518
0.6450414657592773,-3.8704752922058105
1.688706874847412,1.0766149312257767
-0.0030518000130541623,2.6734113693237305
-1.9826292991638184,5.971109867095947
0.04762410186231136,5.247914791107178
-3.109133243560791,1.773369312286377
-2.331829071044922,1.9436955451965332
4.017508029937744,3.652942180633545
4.713749885559082,4.5287370681762695
-3.0408143997192383,2.434396743774414
-1.608109474182129,2.1339893341064453
-2.5478601455688477,-3.910064697265625
-3.456282615661621,-3.074526786804199
-4.5555949211120605,-0.28780700638890266
2.2649645805358887,-0.9824395179748535
5.804598331451416,-4.9309611320495605
-0.826263427734375,-5.749785900115967
-3.02884578704834,-6.8386077880859375
0.5869030952453613,-4.565119743347168
-0.45140981674194336,-0.9695053100585938
-1.4538884162902832,-5.869698524475098
-7.6210856437683105,-0.15264750458300114
7.824230194091797,-5.252265930175781
2.391183376312256,-1.9699931144714355
-1.9039511680603027,-0.03405810100957751
-0.7111310958862305,0.21826030686497688
3.8005948066711426,6.857848167419434
-9.659326076507568,-0.8732438087463379
-10.015761852264404,0.2116083912551403
6.443071365356445,3.454101085662842
6.6620707511901855,0.8143187314271927
0.9233952313661575,3.987133502960205
11.121702194213867,4.287219047546387
10.380518436431885,-3.494906425476074
-1.7426252365112305,1.1904358863830566
-3.005087375640869,-3.4314990043640137
3.520381450653076,0.05069970153272152
0.2736211009323597,0.7803081721067429
-4.1638970375061035,-0.6637095659971237
1.5986323356628418,-1.0624408721923828
1.726686954498291,2.0284414291381836
-4.057598114013672,1.6878724098205566
-6.236076354980469,-0.47305818647146225
-7.398462295532227,4.179680347442627
-6.868648529052734,2.1512389183044434
-5.014002323150635,-1.2903332710266113
-2.5975942611694336,0.8473634719848633
-0.4105805978178978,-0.8051276206970215
1.7282962799072266,-0.950014591217041
-2.42159366607666,2.0482540130615234
-4.188787937164307,-7.22881555557251
1.9186615943908691,-6.642091274261475
3.3037900924682617,-8.90042781829834
1.2264251708984375,-8.362269401550293
2.4538516998291016,-0.8240461349487305
5.49471378326416,-6.597554683685303
-5.028045177459717,-8.694636821746826
-3.611612319946289,-9.971582889556885
0.5656838044524193,-9.646964073181152
1.4463424682617188,-5.649697780609131
-4.910111427307129,-7.250809669494629
-7.025539875030518,-7.327365875244141
-7.004153728485107,-6.529045104980469
-7.852602005004883,-7.208144664764404
-12.671256065368652,-0.37703510373830795
-3.405439853668213,-1.087808609008789
1.7936229705810547,0.20477769896388054
-1.1674165725708008,-0.281906109303236
-0.38388971239328384,0.9133101254701614
5.790865421295166,8.85775089263916
3.693532943725586,9.731197357177734
6.469154357910156,10.094928741455078
8.58393907546997,8.35268497467041
15.005433559417725,4.3038249015808105
8.750855922698975,10.672008991241455
8.179080486297607,8.920276165008545
5.544495582580566,13.954603672027588
2.7698278427124023,10.512387752532959
2.0293474197387695,6.698393821716309
2.272653579711914,4.106581211090088
0.1069306954741478,2.725374698638916
0.3429054841399193,5.53126335144043
-4.576003551483154,3.030240535736084
-2.6776909828186035,-4.299139976501465
-5.709290504455566,-5.296230316162109
-2.3632287979125977,-7.86517858505249
-2.0918846130371094,-5.159580707550049
-1.6533613204956055,-4.2331695556640625
-4.716277122497559,-6.243312358856201
-3.4958362579345703,-9.425175189971924
-1.6281604766845703,-7.687985897064209
0.12513400055468082,-7.642769813537598
0.889134407043457,-1.072990894317627
1.9536733627319336,-0.11456009931862354
-5.037546157836914,0.24343730881810188
-5.957019329071045,3.188955783843994
-0.9125710278749466,5.678057670593262
2.2698521614074707,6.855499744415283
-0.42270418256521225,10.890531539916992
4.470670223236084,10.572242736816406
2.3883819580078125,7.921576499938965
0.10023119859397411,7.0685505867004395
-0.4978657141327858,7.944285869598389
7.102334499359131,6.338298320770264
7.310843467712402,9.198451042175293
9.658622741699219,6.662273406982422
8.549928665161133,0.42147640138864517
5.727672576904297,2.073788642883301
-0.3636360168457031,1.0238289833068848
3.219175338745117,-0.34580230712890625
0.940394401550293,-0.2964616008102894
2.5807619094848633,-5.144977569580078
2.7544140815734863,-5.905425548553467
-0.8808373659849167,-4.945731163024902
-4.191446304321289,-7.040464878082275
-3.969883918762207,-8.452749252319336
-6.769096851348877,-6.943249702453613
-4.478514194488525,-7.413947582244873
-1.8849372863769531,-5.41914701461792
-0.6018519029021263,-1.9424080848693848
-3.246927261352539,-1.5227556228637695
-4.886162281036377,-3.5721182823181152
-2.7351856231689453,0.1801013946533203
1.6247034072875977,-1.1278749257326126
0.5199790000915527,1.2299537658691406
1.396334171295166,1.0978341102600098
4.363071918487549,1.9957542419433594
-5.604648590087891,0.0076770997839048505
-7.030296325683594,1.307976245880127
0.7048249244689941,-0.8521317690610886
2.7393698692321777,0.4223465919494629
-1.110386773943901,1.5262365341186523
4.52951192855835,1.45111083984375
-0.35464759916067123,-0.30553340911865234
-7.614994049072266,1.519918441772461
-7.625269889831543,6.820440292358398
-0.5829215049743652,5.888092517852783
2.7395129203796387,2.8677940368652344
1.6002416610717773,0.9767770767211914
2.579796314239502,0.7857322692871094
2.2516846656799316,4.3235182762146
-3.087913990020752,3.92916202545166
-4.191136360168457,3.123629093170166
-1.645493507385254,-0.7013679295778275
4.261481761932373,-0.6989479064941406
2.1331191062927246,-4.835820198059082
-1.3448834419250488,-7.355153560638428
-4.9411773681640625,-3.5266518592834473
-6.520688533782959,-8.177483081817627
-8.19408893585205,-6.971597671508789
-3.800320625305176,-9.756946563720703
2.2902488708496094,-16.576457023620605
-3.9055228233337402,-7.111716270446777
-10.999226570129395,-1.3153076171875
-2.6165366172790527,0.5627750977873802
-6.579732894897461,-0.07909540086984634
-4.516148567199707,1.7833471298217773
7.55610466003418,-0.4553676024079323
14.550936222076416,8.843672275543213
6.8418145179748535,8.238637447357178
1.4917373657226562,7.347595691680908
2.177155017852783,12.978601455688477
2.906322479248047,8.35949182510376
8.79606008529663,4.720139503479004
13.782119750976562,10.053884983062744
8.43665599822998,4.446399211883545
5.158758163452148,4.9813032150268555
-4.666101932525635,5.181586742401123
-5.884099006652832,-7.603394985198975
-4.521083831787109,-4.531300067901611
-2.1662235260009766,-3.811979293823242
-0.40438178926706314,-6.689727306365967
0.38998130708932877,-7.237768173217773
-8.85467529296875,-10.8046293258667
-11.047983169555664,-13.929915428161621
-4.559683799743652,-9.270620346069336
-1.5222787857055664,-6.283080577850342
-4.0885090827941895,-5.578505992889404
5.4650187492370605,-1.096653863787651
4.1364312171936035,-4.852306842803955
-1.6952753067016602,-1.0996699333190918
-2.0767569541931152,4.549157619476318
2.2110342979431152,1.6460895538330078
4.133212566375732,7.001185417175293
1.6396760940551758,4.116213321685791
2.0033955574035645,6.086087226867676
7.412481307983398,9.406852722167969
-1.3835668563842773,3.059530258178711
-7.015407085418701,1.7789959907531738
-1.410830020904541,2.395915985107422
-1.0431289672851562,-1.9089102745056152
-8.415210247039795,-1.5347719192504883
-1.3259410858154297,-1.7929792404174805
4.482829570770264,-4.475915431976318
0.11721850372850895,-4.890346527099609
-1.9870877265930176,-3.8612008094787598
3.856801986694336,-3.3054232597351074
1.9557595252990723,2.4048447608947754
-1.676011085510254,1.3941645622253418
0.068032699637115,4.690647125244141
6.6425323486328125,4.612267017364502
7.321667671203613,5.486702919006348
4.890024662017822,7.738256454467773
4.775416851043701,6.604397296905518
0.5450963973999023,9.701573848724365
-2.2634387016296387,5.850613117218018
-6.676387786865234,4.404568672180176
-5.575037002563477,6.396973133087158
3.991520404815674,7.261025905609131
0.9488940238952637,3.496229648590088
-2.511286735534668,0.39081569761037827
1.5453815460205078,-0.6434798240661621
2.820909023284912,-3.705441951751709
0.05277399905025959,-3.1279921531677246
4.857516288757324,-3.846466541290283
8.388245105743408,-4.28084135055542
3.4034013748168945,-3.1720757484436035
1.2050747871398926,-2.845335006713867
1.6503334045410156,-2.3611068725585938
4.5029401779174805,-0.049316901713609695
1.000964567065239,-0.2534985914826393
1.9602775573730469,1.8154263496398926
7.670867443084717,3.487110137939453
0.1385807991027832,5.052793025970459
-5.9496283531188965,5.253946781158447
-4.824483394622803,5.598616600036621
-8.0613374710083,5.06131649017334
-8.419227600097656,3.74222993850708
-5.884051322937012,4.123175144195557
-1.2006282806396484,3.049755096435547
0.8688449859619141,3.290832042694092
0.7706761360168457,-0.05366799887269735
0.06343130022287369,-1.5525221824645996
-4.152035713195801,-1.8297314643859863
-6.528139114379883,-2.7086496353149414
-0.7095695286989212,-0.8670806884765625
3.4787535667419434,0.028073799330741167
1.4096498489379883,-3.2659411430358887
4.406642913818359,-4.184460639953613
6.209087371826172,-4.474449157714844
-3.204035758972168,-4.26863431930542
-4.394900798797607,2.362978458404541
-1.112520694732666,1.8809199333190918
-4.513239860534668,-4.305136203765869
-4.67451810836792,-3.107321262359619
1.088273525238037,-3.2297492027282715
5.2774786949157715,-0.436246395111084
2.346181869506836,0.018453600350767374
0.7861495018005371,-2.8231143951416016
2.006351947784424,-5.356895923614502
-1.9687533378601074,-3.4083127975463867
-3.6674857139587402,-4.273831844329834
-1.2740373611450195,-1.9528508186340332
-2.8509020805358887,0.9834408760070801
-0.30535459518432617,-2.5948405265808105
-2.983391284942627,-1.3608217239379883
-1.8465042114257812,-1.4266252517700195
2.293384075164795,-2.0867228507995605
-0.6140946969389915,3.448760509490967
-1.6541361808776855,-0.5281805992126465
0.6165027990937233,-0.47208070755004883
3.4012913703918457,-0.3986477851867676
-3.738260269165039,0.9442328661680222
2.146446704864502,3.5051345825195312
7.959842681884766,3.9060115814208984
4.416346549987793,-2.7716875076293945
0.7475376129150391,0.1073480024933815
4.35481071472168,-1.9146203994750977
5.306911468505859,1.1885643005371094
1.688539981842041,0.2015947923064232
-3.358161449432373,-2.9039382934570312
1.3336777687072754,-3.5903334617614746
0.08802410215139389,-3.1493306159973145
-6.262326240539551,-0.04575250204652548
-5.111062526702881,1.84401273727417
-0.5679607018828392,4.813897609710693
-9.868299961090088,-0.42017698287963867
-10.612642765045166,0.48465728759765625
-3.1412720680236816,1.0428786277770996
-2.042245864868164,0.3139377012848854
-9.504270553588867,6.004488468170166
-3.4090280532836914,2.8371572494506836
1.9608855247497559,-3.049147129058838
-0.44033531099557877,-3.4729719161987305
3.8028478622436523,-3.883028030395508
11.165475845336914,-1.308584213256836
9.837603569030762,-1.6228914260864258
2.380216121673584,-4.499328136444092
-1.0470390319824219,-9.48258638381958
4.808294773101807,-5.9931159019470215
2.588033676147461,-6.071591377258301
3.3318638801574707,-8.494913578033447
2.972733974456787,-5.804288387298584
2.756822109222412,-9.913396835327148
-12.959492206573486,-13.506603240966797
-14.397072792053223,-9.263062477111816
-4.910862445831299,-4.942619800567627
-7.785999774932861,-3.6431193351745605
-9.348154067993164,0.8840560913085938
0.5023002997040749,-1.946699619293213
0.4603147879242897,-0.1296043023467064
-9.836149215698242,7.287633419036865
-2.3425698280334473,8.453202247619629
5.598139762878418,12.718558311462402
6.2860846519470215,13.768601417541504
9.024345874786377,8.900690078735352
16.369307041168213,8.027195930480957
7.809281349182129,8.469080924987793
1.3843417167663574,9.673404693603516
4.223072528839111,6.919848918914795
6.6614508628845215,8.692634105682373
5.406665802001953,5.102443695068359
11.543262004852295,-0.3375887870788574
6.8320512771606445,3.862583637237549
-0.2658247947692871,-0.8513330668210983
-4.941034317016602,-1.0807157307863235
-4.4119954109191895,-1.800394058227539
-10.761606693267822,-7.71101713180542
-2.0470499992370605,-5.910348892211914
-1.6431331634521484,-7.076573371887207
-2.674710750579834,-6.584405899047852
-4.769647121429443,-6.059849262237549
-2.5882601737976074,-6.899702548980713
-5.5571675300598145,-4.225611686706543
-3.4020066261291504,-3.65753173828125
-3.088366985321045,-0.9759187698364258
-1.1604548245668411,2.5500893592834473
-2.3546695709228516,-0.6026506051421165
-0.5977749824523926,5.948746204376221
0.9535074234008789,5.637311935424805
-0.03195999888703227,7.2905659675598145
-3.075289726257324,12.304532527923584
0.7918357849121094,5.847334861755371
0.9777069091796875,7.763087749481201
3.5782217979431152,7.848918437957764
8.089721202850342,3.606736660003662
10.815846920013428,6.462430953979492
6.699371337890625,6.780850887298584
9.10106897354126,3.057980537414551
5.395710468292236,2.864682674407959
4.605448246002197,-1.340031623840332
6.44298791885376,-1.3226747512817383
5.604422092437744,-2.7857422828674316
2.17207670211792,-3.974485397338867
2.1517276763916016,-8.15279483795166
-3.1560420989990234,-8.234477043151855
-9.12555456161499,-6.994462013244629
-4.857730865478516,-4.931366443634033
-2.822566032409668,-4.285013675689697
-4.910910129547119,-8.234870433807373
-3.010284900665283,-7.201218605041504
-1.1526107788085938,-4.433262348175049
-5.439162254333496,-2.8188228607177734
-7.568943500518799,2.8974533081054688
-3.366518020629883,-0.4358172044157982
0.6346940994262695,0.06715060211718082
-0.17319919541478157,0.14621020294725895
5.265164375305176,-2.5411009788513184
3.0927300453186035,3.137791156768799
-1.8404603004455566,-0.6674647331237793
-1.2974858283996582,-4.18020486831665
2.5113582611083984,-1.566159725189209
-5.228102207183838,-1.9452452659606934
4.168152809143066,-3.2117605209350586
5.510270595550537,1.1870861053466797
-1.9167542457580566,-3.761756420135498
-0.2864838019013405,-4.156363010406494
3.368198871612549,-1.020801067352295
-2.9744625091552734,-2.906978130340576
-3.90852689743042,4.930639266967773
0.2721906080842018,5.941426753997803
1.4564990997314453,4.120147228240967
0.33191438764333725,0.9297370910644531
0.4100203886628151,4.0692925453186035
2.759397029876709,5.093646049499512
1.9205689430236816,6.072521209716797
-4.937469959259033,3.8137197494506836
-4.681217670440674,1.1245130747556686
1.7905473709106445,2.9973387718200684
-2.670729160308838,0.8848906308412552
-0.11030440218746662,-0.25823120027780533
-3.208315372467041,-2.7010679244995117
-4.502427577972412,-10.963666439056396
-4.370772838592529,-10.370612144470215
-8.588790893554688,-19.0210223197937
-6.8279266357421875,-8.441293239593506
-6.473851203918457,-5.1658034324646
-4.483020305633545,-6.806612014770508
-2.9381871223449707,-3.626883029937744
1.7667531967163086,-4.262053966522217
4.517674446105957,-0.09812120348215103
4.493701457977295,7.622063159942627
6.0752034187316895,12.843966484069824
3.303980827331543,8.931195735931396
4.424953460693359,10.356152057647705
3.169858455657959,11.090469360351562
8.720827102661133,10.645484924316406
8.558809757232666,17.834913730621338
4.744195938110352,11.294138431549072
3.5555124282836914,5.098521709442139
2.7575135231018066,7.172393798828125
0.19859079271554947,-0.8841276168823242
4.849398136138916,0.47044750303030014
-3.3159255981445312,-1.9914746284484863
-3.5973548889160156,-8.024966716766357
-3.91770601272583,-8.313727378845215
-7.325589656829834,-10.935187339782715
-11.45719289779663,-12.326407432556152
-1.391446590423584,-11.397945880889893
-1.1096835136413574,-12.205910682678223
-2.6256680488586426,-13.151884078979492
-3.6588072776794434,-12.165117263793945
2.809023857116699,-7.2564005851745605
-2.434825897216797,-4.249203205108643
-3.847014904022217,0.93779556453228
4.263675212860107,0.004303499881643802
7.393002510070801,0.517427884042263
3.0250191688537598,2.479410171508789
0.7970929145812988,5.584168434143066
4.512465000152588,8.215177059173584
-2.916264533996582,10.037589073181152
-8.208096027374268,5.3762078285217285
-0.6568670272827148,5.676615238189697
3.917515277862549,4.820418357849121
0.11144880205392838,1.7276644706726074
0.9682655334472656,4.114580154418945
-0.6063580885529518,-1.6655802726745605
-4.135894775390625,-0.578463114798069
-5.877089500427246,-5.22538423538208
-1.487576961517334,-3.257894515991211
5.498671531677246,-5.341446399688721
5.989110469818115,-3.824782371520996
2.899658679962158,-5.714964866638184
6.358301639556885,-0.41255950927734375
2.14078426361084,-1.519477367401123
0.5428076162934303,0.18035169690847397
4.2493462562561035,1.7484664916992188
4.325127601623535,4.263424873352051
5.588006973266602,1.2871384620666504
2.2968411445617676,4.6070098876953125
-1.6255497932434082,6.371462345123291
-1.0073184967041016,8.19101333618164
-2.0241260528564453,7.10291862487793
-6.082189083099365,3.7430882453918457
-1.1498332023620605,2.088141441345215
4.991316795349121,3.2248616218566895
0.5698204040527344,-0.7734894752502441
1.6416192054748535,2.834177017211914
3.9713144302368164,1.2600183486938477
-3.301095962524414,-3.265094757080078
-2.3343920707702637,-2.199411392211914
3.830993175506592,-1.9500136375427246
2.6189684867858887,-1.24969482421875
4.377484321594238,1.8599987030029297
5.355978012084961,0.8884072303771973
4.646265506744385,1.4096379280090332
1.5430569648742676,2.9856204986572266
3.7563085556030273,1.7598271369934082
-1.5395760536193848,1.2952804565429688
-3.1210899353027344,8.117592334747314
1.5451550483703613,5.976831912994385
-3.1887173652648926,3.302943706512451
-3.5242199897766113,4.390764236450195
2.854776382446289,1.2357711791992188
1.3567566871643066,4.382216930389404
-5.486905574798584,5.169057846069336
-2.793574333190918,-0.2064942941069603
-1.0056018829345703,-1.8439054489135742
-6.202113628387451,-2.172362804412842
-2.09505558013916,-3.1867384910583496
5.938661098480225,-0.35560131072998047
-0.7962942123413086,0.2348184958100319
-3.73915433883667,-4.672670364379883
-0.33726688474416733,-2.658712863922119
-3.408825397491455,-0.1405119989067316
-2.323615550994873,-1.2802839279174805
2.4308204650878906,-0.9347795695066452
0.631701871752739,-1.1951208114624023
1.2192487716674805,-3.2832741737365723
1.977705955505371,-1.6618609428405762
-3.0986785888671875,1.0984182357788086
-2.3184895515441895,-1.2508511543273926
2.9686570167541504,2.8404712677001953
3.3771276473999023,-2.861642837524414
-0.2685666084289551,-6.380259990692139
3.0553698539733887,-1.434934139251709
-1.4024734497070312,0.12083049863576889
0.6473183631896973,-0.9143590927124023
-10.167872905731201,4.2594313621521
2.0795464515686035,-5.050361156463623
4.385673999786377,-2.845156192779541
0.2583385072648525,-0.39218660444021225
-5.724740028381348,2.3572802543640137
8.68295431137085,0.9811639785766602
-7.447993755340576,0.9476423263549805
-7.3883771896362305,-3.290855884552002
-0.5874514952301979,1.2515664100646973
7.43633508682251,2.8650999069213867
-1.224362924695015,-0.7058262825012207
6.61470890045166,-0.29888149350881577
2.8784632682800293,-2.189469337463379
-3.2953977584838867,0.1784205064177513
5.431568622589111,-3.5965323448181152
-1.1889100074768066,-0.8218646049499512
1.859128475189209,-7.208395004272461
1.974499225616455,1.7214417457580566
7.071495056152344,-4.425656795501709
-9.036600589752197,-1.8481731414794922
-0.6146788969635963,-0.9527921676635742
-4.362475872039795,3.6571383476257324
-1.5899419784545898,-0.3359675034880638
-6.3668012619018555,3.8902878761291504
4.051446914672852,-1.5346288681030273
-4.035556316375732,0.23900270462036133
-5.544865131378174,2.4126648902893066
-6.805419921875,3.4268975257873535
3.205132484436035,-3.0973434448242188
-5.581772327423096,-0.01014470006339252
1.5980839729309082,-1.9660115242004395
4.728543758392334,-1.9878506660461426
6.768620014190674,1.3234615325927734
-7.12655782699585,-6.000149250030518
3.1081199645996094,-6.714785099029541
1.7446279525756836,-3.1206369400024414
-0.5725502967834473,-6.408929824829102
-3.6684036254882812,-8.53886604309082
3.9218544960021973,-8.02762508392334
-6.066489219665527,-12.209367752075195
-4.790079593658447,-10.607731342315674
-2.804684638977051,-6.829643249511719
2.0904898643493652,-11.795341968536377
-5.114912986755371,-5.456805229187012
-2.8046250343322754,-6.775355339050293
1.1222363263368607,-2.3890256881713867
-3.1795501708984375,-0.08907319977879524
-5.786442756652832,3.221595287322998
5.300283432006836,0.8572220802307129
7.426285743713379,8.945274353027344
5.0727009773254395,7.51492977142334
10.268950462341309,7.735836505889893
6.4704060554504395,10.032689571380615
3.1124114990234375,11.087584495544434
6.3137054443359375,6.6161274909973145
4.771661758422852,13.617956638336182
3.46524715423584,6.7307353019714355
4.300200939178467,10.900545120239258
0.8185148239135742,5.986130237579346
-0.3156900033354759,5.5107831954956055
0.2988695912063122,4.445910453796387
-3.695225715637207,1.1722922325134277
-0.4419684037566185,-1.3073325157165527
-2.5307655334472656,-2.42995023727417
-4.7180891036987305,-4.505908489227295
-2.2155165672302246,-6.773209571838379
-1.6007542610168457,-9.011554718017578
-3.6766886711120605,-6.27591609954834
0.7532119750976562,-8.166134357452393
0.4373311996459961,-6.254482269287109
-3.8571715354919434,-5.206286907196045
-0.5243777856230736,-6.083989143371582
-0.4817963019013405,-0.7571219652891159
-3.1119585037231445,1.4018654823303223
0.006306199938990176,3.7401556968688965
2.073049545288086,6.139969825744629
-0.03241299884393811,7.549786567687988
3.175640106201172,6.611847877502441
3.1682848930358887,5.0356268882751465
1.1545538902282715,5.410122871398926
1.7516255378723145,9.175193309783936
2.190375328063965,10.40719747543335
3.2505393028259277,8.717644214630127
7.235908508300781,9.057843685150146
10.63910722732544,2.503979206085205
6.665527820587158,3.963625431060791
5.911970138549805,1.4882564544677734
5.833733081817627,3.345954418182373
-0.5474210157990456,-0.999903678894043
-2.698361873626709,-3.086256980895996
3.3236145973205566,-6.537055969238281
1.4839649200439453,-6.6520094871521
-0.12009140104055405,-4.96218204498291
-1.2494683265686035,-6.137871742248535
-3.396785259246826,-5.143451690673828
-4.0970563888549805,-4.708337783813477
-5.2269816398620605,-3.924131393432617
-3.195476531982422,-1.8836259841918945
-1.7821311950683594,0.8855223655700684
-4.633355140686035,0.0011444000119809061
-2.4050474166870117,0.6599903106689453
-1.7336368560791016,0.06694789975881577
-2.582550048828125,2.6261091232299805
-3.0057191848754883,2.9825448989868164
2.357912063598633,2.811765670776367
-1.50986909866333,0.10446310043334961
-5.6749701499938965,-2.5357604026794434
-1.9887089729309082,-2.5833606719970703
0.8682013303041458,-4.136908054351807
-3.977358341217041,-2.4927735328674316
1.5671968460083008,-1.7906546592712402
3.1401753425598145,-5.491387844085693
-1.3384342193603516,-6.0456037521362305
-0.8909224718809128,-3.4931063652038574
0.9978293627500534,-1.6471028327941895
3.1998157501220703,-0.4925727844238281
5.25890588760376,-1.127767562866211
5.879509449005127,-2.3929238319396973
5.2396416664123535,3.279542922973633
2.3142099380493164,3.438413143157959
0.5295037850737572,1.7092108726501465
-1.77382230758667,1.5091419219970703
-3.0796051025390625,4.523062705993652
1.2705683708190918,0.6303905695676804
2.9677271842956543,2.086043357849121
-4.572713375091553,-2.635645866394043
-2.3427486419677734,-5.312585830688477
-5.059397220611572,-5.105304718017578
-11.584913730621338,-7.086241245269775
-10.274767875671387,-10.32015085220337
-6.024932861328125,-6.938040256500244
-14.860200881958008,-7.47600793838501
-6.620478630065918,-7.096278667449951
0.0190377002581954,-3.6495566368103027
-6.494033336639404,-2.509582042694092
-0.8623600006103516,-3.172588348388672
10.08138656616211,3.709089756011963
2.9018044471740723,2.9935479164123535
1.1822819709777832,5.1363348960876465
11.841118335723877,9.92954969406128
8.054959774017334,10.223710536956787
9.127795696258545,10.625708103179932
13.162219524383545,9.62148904800415
8.506321907043457,4.143214225769043
2.8171658515930176,6.953895092010498
3.04262638092041,9.17600393295288
-1.9809842109680176,5.3151726722717285
1.8074989318847656,-0.32215118408203125
-0.18340349197387695,-2.371847629547119
-4.267072677612305,-5.378091335296631
-6.921958923339844,-4.468822479248047
-6.018722057342529,-2.4491429328918457
-9.616696834564209,-7.789146900177002
-8.271956443786621,-9.004616737365723
-2.1646857261657715,-10.42088270187378
0.03917220048606396,-10.291075706481934
-1.557457447052002,-5.271470546722412
-0.5145430937409401,-3.3446431159973145
0.6237148866057396,-2.996695041656494
-0.8967875689268112,-1.0082125663757324
-1.5780448913574219,-0.9014487266540527
5.819201469421387,0.9278296679258347
4.031896591186523,3.878319263458252
0.8195877075195312,5.587458610534668
3.689563274383545,7.56983757019043
5.974888801574707,6.676959991455078
-2.349114418029785,7.696211338043213
-1.993262767791748,5.518996715545654
4.273486137390137,6.4458489418029785
0.6768345832824707,-0.4876137152314186
-1.5396833419799805,-1.1172174662351608
0.4593968018889427,-0.24013519287109375
-0.999760627746582,-0.025892299599945545
-5.231595039367676,0.06805660203099251
-0.888216495513916,1.23213529586792
0.2590179070830345,-2.8730273246765137
4.113352298736572,-2.159595489501953
2.3543238639831543,-0.06545780226588249
3.767693042755127,1.9812464714050293
3.8093924522399902,4.277610778808594
0.8679748326539993,4.8328399658203125
0.3231048956513405,0.9530186653137207
2.9251456260681152,3.698122501373291
3.0916929244995117,2.448451519012451
-0.818324089050293,1.980900764465332
0.5600214004516602,4.351699352264404
-1.7387032508850098,5.036580562591553
-3.571784496307373,5.006122589111328
-0.35859350115060806,5.926942825317383
-0.3516554832458496,4.516184329986572
2.728152275085449,1.2216687202453613
5.69685697555542,1.6114354133605957
5.930066108703613,-0.7856488227844238
6.26063346862793,-2.9383063316345215
2.097618579864502,-1.9870758056640625
2.1942734718322754,-2.1391749382019043
5.332696437835693,-1.6065359115600586
1.8753647804260254,1.3210296630859375
-0.1447082031518221,0.5661367997527122
4.160892963409424,-0.4862428084015846
2.474081516265869,-0.5940794944763184
-4.127979278564453,-0.5587219819426537
0.5818485841155052,3.758883476257324
-3.4440159797668457,3.0176758766174316
-8.102977275848389,0.975334569811821
-7.537376880645752,-0.15069250017404556
-2.4235129356384277,-0.5032778158783913
-6.058454513549805,2.627396583557129
0.31855110079050064,1.2462258338928223
4.384589195251465,2.0494461059570312
-3.872215747833252,4.106533527374268
-3.2832741737365723,-0.39480920881032944
1.838231086730957,1.6301393508911133
-0.47451261430978775,1.8766403198242188
-0.20121339708566666,-0.3950953111052513
8.694088459014893,-1.4759540557861328
4.3753981590271,-0.11214019730687141
-2.6164770126342773,1.2820124626159668
2.5417327880859375,2.809572219848633
-2.3773789405822754,4.230678081512451
-6.430351734161377,0.5956768989562988
-0.6995916366577148,-0.5417228117585182
-1.54646635055542,-2.74200439453125
-5.531024932861328,-5.730128288269043
-3.794264793395996,0.0872969999909401
-2.708733081817627,-0.5828380957245827
-2.964198589324951,-3.266453742980957
-1.0102034360170364,-4.143714904785156
3.195071220397949,-6.096339225769043
5.993258953094482,-4.977750778198242
1.17583267390728,-3.8274765014648438
-0.8216618746519089,-5.843567848205566
-4.305469989776611,-1.0870575904846191
-4.580557346343994,-0.5054115876555443
0.5968213081359863,0.03359320107847452
1.5932559967041016,0.15231369994580746
4.100453853607178,1.4226078987121582
0.6300926208496094,2.037060260772705
3.1475186347961426,0.9413958340883255
-2.48795747756958,1.629185676574707
-0.8849381655454636,2.016472816467285
-2.4271607398986816,3.953838348388672
7.781040668487549,4.897820949554443
-1.4275670051574707,5.939626693725586
9.451735019683838,-1.068866327404976
3.6359548568725586,-0.9747744351625443
2.0267724990844727,-2.051401138305664
-1.2595534324645996,-0.7945418357849121
5.492258071899414,3.1167984008789062
-3.3586978912353516,-0.6328344345092773
-4.203689098358154,-1.7580032348632812
-1.3009428977966309,0.36095380783081055
-0.04971030168235302,2.9947280883789062
-2.8432607650756836,-0.2599000930786133
-4.207372665405273,3.6229729652404785
-5.6647419929504395,0.7317423820495605
-5.3688645362854,1.3009190559387207
-8.21695327758789,1.3686776161193848
-6.076669692993164,2.1459102630615234
-3.814065456390381,1.6079068183898926
0.4647374153137207,-0.01829860033467412
-0.042796097695827484,-3.245818614959717
-0.9499669075012207,-6.671655178070068
3.782939910888672,-5.484259128570557
3.8867592811584473,-3.696000576019287
0.1441240031272173,-3.1119704246520996
7.127618789672852,-7.294464111328125
6.879878044128418,-9.465634822845459
1.5885114669799805,-11.836814880371094
5.540788173675537,-8.236610889434814
7.379579544067383,-10.573065280914307
-3.649282455444336,-7.765161991119385
-10.845375061035156,-12.610065937042236
-5.961489677429199,-7.8286051750183105
-10.19599437713623,-6.509530544281006
-8.575451374053955,-1.9256353378295898
-4.13895845413208,-1.9040346145629883
-2.3422598838806152,-4.08865213394165
-9.051167964935303,-2.036154270172119
-3.1081438064575195,3.0499696731567383
-3.1199216842651367,5.917692184448242
-0.5372881889343262,7.182073593139648
6.870615482330322,7.340133190155029
13.076913356781006,6.374228000640869
10.811448097229004,4.556119441986084
7.309377193450928,7.575869560241699
6.110358238220215,6.29953145980835
1.978158950805664,6.519961357116699
3.0344367027282715,7.637465000152588
11.35706901550293,9.518182277679443
8.332324028015137,7.519650459289551
7.423794269561768,6.674408912658691
1.384437084197998,5.779993534088135
-0.93826062977314,3.1852245330810547
-5.359077453613281,4.853785037994385
-4.0821075439453125,1.6162753105163574
0.95152847468853,-0.06337170023471117
2.6580333709716797,-2.4114489555358887
-4.4467926025390625,-5.36116361618042
-1.117098331451416,-7.174575328826904
-5.8982253074646,-6.993114948272705
-11.847388744354248,-6.8172454833984375
-4.1240692138671875,-7.649075984954834
1.65557861328125,-5.389285087585449
-4.671609401702881,-3.228926658630371
-2.6286721229553223,-2.5784730911254883
0.6604074686765671,1.4768719673156738
-5.982720851898193,3.191041946411133
-3.2390356063842773,2.410125732421875
2.077209949493408,6.170499324798584
0.4622339829802513,11.208844184875488
-1.0120868682861328,10.123646259307861
1.2084723263978958,10.642492771148682
1.2079954147338867,10.74000597000122
3.6257028579711914,9.148144721984863
7.072150707244873,14.067411422729492
13.174211978912354,12.016689777374268
11.941063404083252,5.015778541564941
11.33723258972168,3.265511989593506
8.0422043800354,-0.4079103097319603
2.1482229232788086,0.9193062782287598
4.104435443878174,1.4344573020935059
0.9271979331970215,-1.4547467231750488
-1.2534499168395996,-6.6902756690979
-0.4953622817993164,-9.047877788543701
-0.9935498237609863,-10.890555381774902
-6.297290325164795,-7.07629919052124
-5.618929862976074,-2.8632521629333496
-5.924832820892334,-5.557596683502197
-5.002963542938232,-7.071542739868164
-8.533036708831787,-5.470883846282959
-3.9525270462036133,-4.735708236694336
-6.024074554443359,4.001760482788086
-5.283081531524658,0.2623439021408558
0.026881699450314045,-0.4902958869934082
1.9588470458984375,-3.8913369178771973
0.9689450263977051,-4.79050874710083
3.782474994659424,-0.3363370895385742
3.9159417152404785,0.33568140119314194
-0.05886550061404705,-6.8830132484436035
-1.4138460159301758,-5.40851354598999
4.693114757537842,-8.292317390441895
0.8900284767150879,-5.5226922035217285
2.0854830741882324,0.11808870360255241
3.970503807067871,1.7012596130371094
-1.0620356351137161,-4.133713245391846
-6.931483745574951,-0.8971095085144043
0.07162089925259352,-0.05807879846543074
0.9908437728881836,4.672396183013916
0.48701759427785873,7.4578166007995605
-0.1565098948776722,8.493351936340332
0.2530694007873535,4.7248005867004395
-5.156707763671875,5.283403396606445
-6.625235080718994,2.6939034461975098
-6.564199924468994,4.771935939788818
1.3141512870788574,6.150758266448975
-1.6784310340881348,-0.37215951830148697
-1.7995834350585938,-6.417810916900635
-2.309274673461914,-7.147824764251709
-1.75246000289917,-8.112847805023193
-5.714070796966553,-5.196964740753174
-2.9792189598083496,-9.34537649154663
-3.762233257293701,-11.844193935394287
-0.8152961730957031,-14.942443370819092
-7.416820526123047,-6.530165672302246
-8.041691780090332,-3.5086750984191895
3.7410616874694824,0.11866089887917042
1.3810515403747559,2.9625296592712402
0.17594100907444954,1.165628433227539
13.04994821548462,3.174102306365967
9.325730800628662,8.5196852684021
-2.831268310546875,8.33371877670288
3.9962410926818848,15.779399871826172
5.651795864105225,12.827467918395996
3.547847270965576,10.22651195526123
9.586095809936523,6.794440746307373
8.850264549255371,7.2510600090026855
1.402592658996582,6.4339280128479
-2.0468711853027344,4.033708572387695
-3.553938865661621,-2.258288860321045
-6.087672710418701,-5.287647247314453
1.2872695922851562,-5.110609531402588
-1.701962947845459,-3.561699390411377
-4.297149181365967,-4.428160190582275
-6.537342071533203,-5.491042137145996
-10.76592206954956,-8.040738105773926
-8.36498737335205,-5.890333652496338
-1.3585805892944336,-4.1915059089660645
1.9610404968261719,-3.472614288330078
5.1709771156311035,-2.064037322998047
5.029785633087158,-1.7363548278808594
1.644289493560791,-1.0542511940002441
0.16422269865870476,-0.6983757019042969
-2.6856303215026855,1.2818217277526855
2.576470375061035,3.3789873123168945
1.3337254524230957,5.618190765380859
0.605475902557373,2.2205710411071777
2.97701358795166,-0.2562881074845791
2.2416234016418457,1.132667064666748
-5.41386604309082,0.755155086517334
-3.2181382179260254,2.157890796661377
1.6359806060791016,-2.001798152923584
-4.036283493041992,-7.644236087799072
-3.663325309753418,-7.803082466125488
5.543792247772217,-4.989910125732422
-0.42160749435424805,-2.845942974090576
-5.549716949462891,-1.6973495483398438
-2.1621346473693848,2.6631712913513184
0.9858012199401855,-1.020359992980957
2.8490066528320312,1.8087387084960938
4.161226749420166,6.400156021118164
7.69500732421875,3.454887866973877
4.573309421539307,10.75657606124878
1.603376865386963,9.971463680267334
4.16712760925293,4.667007923126221
2.052605152130127,7.643711566925049
1.0305523872375488,6.595861911773682
0.7409214973449707,7.5022101402282715
-1.2522101402282715,6.2668561935424805
-4.161512851715088,3.589653968811035
0.19209379330277443,-1.0448812693357468
1.1101245880126953,-1.680314540863037
-3.9348244667053223,1.5054583549499512
3.8273096084594727,-0.37070509046316147
3.21580171585083,-2.571702003479004
-4.399383068084717,-5.914342403411865
2.2260308265686035,-7.614731788635254
4.630947113037109,-4.794585704803467
1.6652107238769531,-1.517331600189209
1.4259696006774902,-0.991523265838623
4.723036289215088,-2.5566458702087402
4.905045032501221,2.9526233673095703
2.054750919342041,3.5093069076538086
3.9543986320495605,3.9112448692321777
2.784442901611328,7.319271564483643
-2.502906322479248,4.142558574676514
-3.2944321632385254,7.935047149658203
-2.425980567932129,7.53781795501709
-5.36271333694458,5.882465839385986
-4.0138840675354,7.9767584800720215
-1.3207674026489258,5.431246757507324
-0.07954839617013931,1.673126220703125
-0.3026247024536133,-0.44831041246652603
1.9372820854187012,0.027227399405092
0.7295966148376465,-0.7073760032653809
-1.1319398880004883,0.6044983863830566
-1.8978357315063477,-1.7637372016906738
-1.573491096496582,-2.5453567504882812
-0.2948402985930443,-4.172623157501221
-1.8497705459594727,-1.7636775970458984
0.7952094078063965,-3.4603238105773926
-1.7547845840454102,-0.5981922149658203
-3.655517101287842,-0.8511661738157272
-4.004275798797607,-2.025759220123291
-2.49326229095459,-0.35567279905080795
-4.526972770690918,-1.0774493217468262
-2.2980690002441406,-1.2565970420837402
-0.6973624229431152,-0.5117892846465111
-1.7670512199401855,-5.032038688659668
-0.9905099868774414,-2.1251440048217773
0.9180188179016113,-2.6009321212768555
-1.589655876159668,-5.213594436645508
-0.46428438276052475,-2.1839499473571777
1.8523454666137695,-4.871511459350586
0.02653599949553609,-5.552339553833008
2.377474308013916,-1.8705129623413086
0.3399372100830078,-3.8228511810302734
-1.3457298278808594,-0.17627479508519173
-2.728748321533203,-1.12990140914917
0.3932476043701172,0.6990551948547363
1.5149831771850586,-1.959228515625
4.0712714195251465,1.3336539268493652
8.45324993133545,3.8052916526794434
2.8088808059692383,1.2093544006347656
-1.6836166381835938,5.111658573150635
1.6581058502197266,-1.2442349642515182
0.742650032043457,-2.5287389755249023
0.4318714141845703,0.09967089630663395
2.5162100791931152,1.4804482460021973
10.563099384307861,1.8415451049804688
0.21140579134225845,-1.3313531875610352
-7.824099063873291,-2.2410035133361816
-4.477286338806152,-0.8816838264465332
-2.039480209350586,-1.1311768740415573
-8.231687545776367,-0.39222240447998047
-1.5005946159362793,-3.318023681640625
2.6607513427734375,-0.2131701074540615
-5.38402795791626,-0.03558400087058544
-12.634921073913574,0.02573729958385229
-8.170175552368164,4.2685866355896
-4.325199127197266,0.5862117186188698
-7.319498062133789,-1.3272643089294434
-0.30525920912623405,3.0003786087036133
7.656419277191162,0.5500197038054466
4.092037677764893,1.8140912055969238
-2.0722031593322754,1.1911510676145554
2.5030136108398438,-6.107425689697266
11.146533489227295,-2.5593042373657227
6.334137916564941,-4.576504230499268
5.376994609832764,-7.622218132019043
9.677660465240479,-2.3952126502990723
4.248034954071045,-5.246496200561523
-10.03791093826294,-9.306859970092773
-5.513298511505127,-6.963765621185303
-0.9835481643676758,-8.328032493591309
-4.5240044593811035,-8.456003665924072
-7.8258514404296875,-6.514143943786621
-3.1699180603027344,-6.735408306121826
-5.156457424163818,-7.431423664093018
-13.563394546508789,-2.682638168334961
-8.624446392059326,-1.8744349479675293
-3.154897689819336,-0.881349965929985
-2.5704145431518555,2.702057361602783
-2.077651023864746,5.087018013000488
6.737399101257324,6.472277641296387
8.01708698272705,13.524472713470459
8.226418495178223,7.835853099822998
11.401224136352539,9.105682373046875
8.998167514801025,6.7420125007629395
7.432103157043457,7.770645618438721
6.743526458740234,7.046747207641602
9.606635570526123,7.884716987609863
5.804729461669922,5.5205583572387695
6.790566444396973,5.196881294250488
3.7479043006896973,4.744696617126465
-0.5010009184479713,2.0771384239196777
-6.708347797393799,0.5244851112365723
-4.151344299316406,0.19073490053415298
-6.623327732086182,-1.1875628679990768
-4.35565710067749,-2.007019519805908
-2.101922035217285,-3.92758846282959
-1.8364191055297852,-5.706369876861572
-5.650138854980469,-7.480120658874512
-4.7139763832092285,-5.037164688110352
-5.337941646575928,-5.401015281677246
-3.3577561378479004,-4.392349720001221
-3.134918212890625,-4.242336750030518
1.7216086387634277,-2.068912982940674
0.6875395774841309,-1.050579473376274
-2.8795957565307617,2.28348970413208
0.4543900117278099,5.920565128326416
4.349887371063232,1.4750361442565918
-0.11093620210886002,6.6672682762146
3.3154845237731934,6.075727939605713
5.673670768737793,6.391382217407227
-2.683377265930176,10.820770263671875
-2.8726816177368164,8.154606819152832
7.049667835235596,3.6104321479797363
9.037864208221436,6.971073150634766
9.252142906188965,4.306888580322266
9.997498989105225,7.45844841003418
8.679008483886719,4.3021559715271
-2.2813916206359863,0.03839730052277446
-3.486299514770508,-5.4618239402771
2.4875402450561523,-4.5893073081970215
1.6760945320129395,-4.869401454925537
-1.4847636222839355,-2.8701424598693848
-0.17036199569702148,-5.666708946228027
-4.54103946685791,-8.27113389968872
-9.316849708557129,-9.578251838684082
-4.1702985763549805,-8.408081531524658
1.0353922843933105,-6.593728065490723
-0.3818631172180176,-1.085209771990776
0.5453706160187721,-4.314172267913818
-2.6787281036376953,-3.2739758491516113
-7.398676872253418,-2.5257110595703125
-8.091986179351807,0.5146503075957298
-2.342343330383301,2.989506721496582
0.5055665969848633,2.4246692657470703
5.434441566467285,-3.0642271041870117
6.400036811828613,-1.5845298767089844
4.131793975830078,-4.578816890716553
0.5986928939819336,-2.0812034606933594
-0.5295991897583008,-0.025570399593561888
-3.922450542449951,-2.839517593383789
-0.6571531295776367,-4.392564296722412
0.49221519380807877,-0.899970531463623
-1.3836979866027832,-1.6641736030578613
1.3751745223999023,4.345190525054932
1.2138605117797852,3.5973668098449707
-3.699672222137451,1.8373370170593262
-2.2382020950317383,1.6529321670532227
-0.6365180015563965,2.2916316986083984
0.8088827133178711,2.294027805328369
-0.5275725945830345,4.753482341766357
1.4044761657714844,5.060231685638428
5.298221111297607,1.9770622253417969
-2.5089025497436523,2.4331212043762207
-4.822146892547607,2.4145007133483887
-4.148757457733154,0.4975796118378639
-2.805507183074951,3.3350229263305664
-5.3588032722473145,-1.2270451337099075
-4.8905134201049805,-4.4097065925598145
6.38965368270874,-4.8680901527404785
1.7545461654663086,-6.923806667327881
-4.337000846862793,-8.324158191680908
-3.3331990242004395,-5.24066686630249
-3.9861559867858887,-11.948919296264648
-10.412001609802246,-6.500804424285889
-8.143746852874756,-1.465439796447754
1.2682557106018066,1.189589500427246
5.514800548553467,3.9599061012268066
0.035226300824433565,3.1174540519714355
5.093872547149658,2.6855945587158203
3.466653823852539,7.838690280914307
1.6643524169921875,10.683214664459229
-4.742240905761719,6.389880180358887
3.155350685119629,10.090148448944092
4.5233845710754395,10.088324546813965
7.836151123046875,3.527188301086426
6.709110736846924,7.793331146240234
8.422136306762695,4.583191871643066
0.7248044013977051,-1.0056018829345703
-0.11767149902880192,-0.016188600566238165
-2.795541286468506,-7.11292028427124
3.6208152770996094,-7.131946086883545
3.851950168609619,-7.755088806152344
2.77707576751709,-8.434557914733887
-4.375314712524414,-10.54757833480835
-4.493343830108643,-8.771932125091553
-8.527636528015137,-10.457909107208252
-6.738948822021484,-9.532642364501953
2.3262858390808105,-5.060148239135742
9.87703800201416,-5.450618267059326
4.623126983642578,-2.294433116912842
-3.121066093444824,-0.5320430174469948
-0.43087009340524673,-1.3161659240722656
-4.119086265563965,1.7275214195251465
-6.967651844024658,4.52345609664917
0.03658530069515109,6.3562750816345215
4.284727573394775,5.895090103149414
-7.589685916900635,4.4141411781311035
-10.11054515838623,1.0124564170837402
-3.8306593894958496,1.8978476524353027
-5.107176303863525,6.194424629211426
-5.093669891357422,3.882324695587158
7.692086696624756,-1.7090678215026855
4.999864101409912,-2.2710442543029785
-1.6798615455627441,-4.132509231567383
1.6314029693603516,-4.204142093658447
-0.19799470901489258,1.0404706001281738
-2.056252956390381,-2.896714210510254
4.842698574066162,0.7245898246765137
10.877645015716553,2.547883987426758
11.336088180541992,0.7981300354003906
6.769120693206787,4.149878025054932
5.150926113128662,5.151772499084473
5.270874500274658,3.6810874938964844
5.465066432952881,5.118346214294434
4.341721534729004,3.848123550415039
4.285931587219238,1.2358546257019043
1.997232437133789,5.186772346496582
-5.68164587020874,5.345141887664795
-8.230328559875488,-1.1911869049072266
-6.524550914764404,0.8093118667602539
-6.913900375366211,0.7958412170410156
-3.556358814239502,-1.0500907897949219
3.2720327377319336,1.3318419456481934
-0.5544900894165039,-0.5904912948608398
-2.2966980934143066,-5.935084819793701
-0.7676482200622559,0.5978703126311302
1.8286466598510742,-1.7346739768981934
-1.6160249710083008,3.2741189002990723
1.0697603225708008,4.183399677276611
8.508110046386719,0.6851792335510254
5.047166347503662,4.971861839294434
4.211711883544922,5.422580242156982
8.032822608947754,5.184054374694824
7.666158676147461,4.262423515319824
-0.32296180725097656,5.175626277923584
1.8414616584777832,5.065572261810303
3.545832633972168,2.1648764610290527
-2.585935592651367,2.3239731788635254
-3.066098690032959,1.9180893898010254
1.2064099311828613,-1.816403865814209
-4.203546047210693,0.041186800226569176
-7.036590576171875,-4.255223274230957
-1.7827272415161133,-2.860736846923828
-7.394123077392578,-0.7217050343751907
-4.962468147277832,-4.175162315368652
-1.2571334838867188,-6.766390800476074
-1.3202905654907227,-3.8191676139831543
-0.8270741254091263,-4.44340705871582
0.5550860986113548,-2.8989195823669434
-3.972136974334717,-1.0379313677549362
-5.648493766784668,-1.4873743057250977
0.6986618041992188,-0.23796560242772102
5.037736892700195,-0.05327459890395403
1.7357230186462402,0.9128928184509277
10.457491874694824,0.23567680269479752
6.744742393493652,4.023301601409912
-1.708364486694336,-4.533970355987549
-3.7598729133605957,0.28193000704050064
0.11855360120534897,0.8170127868652344
0.4457234963774681,-2.2411704063415527
-3.022921085357666,1.934981346130371
1.4661192893981934,-0.7679581642150879
5.57093620300293,-3.4656882286071777
-6.936061382293701,0.33831600099802017
-9.912073612213135,-1.5804052352905273
-0.005841300007887185,0.8350610733032227
-0.5732655897736549,2.324831485748291
-7.674658298492432,-2.696108818054199
3.7899017333984375,-2.638709545135498
4.5967698097229,0.4985690116882324
-4.5850396156311035,0.0399112980812788
-6.1370015144348145,1.6125082969665527
0.7975698262453079,6.542491912841797
-0.39510730654001236,0.006425399915315211
3.5241127014160156,6.027090549468994
7.2673797607421875,0.17250780016183853
10.32334566116333,-0.7587193697690964
5.05603551864624,-0.9407640248537064
0.018155600409954786,-0.8966922760009766
0.5346775054931641,-1.6472578048706055
1.9425034523010254,-0.5462408065795898
2.319014072418213,-5.2541375160217285
-0.26050809770822525,-5.516636371612549
3.1575441360473633,-0.6846904754638672
-0.06623269990086555,-2.5166988372802734
-5.694031715393066,-2.7176976203918457
-5.924415588378906,0.3401637077331543
-1.1856794357299805,-1.9090652465820312
-3.939962387084961,2.0150303840637207
-6.223416328430176,5.418682098388672
-1.512134075164795,0.23655889555811882
-1.6727447509765625,0.9868860244750977
-8.893609046936035,0.36257509142160416
-3.6542773246765137,1.375269889831543
2.449667453765869,2.837216854095459
-1.0440946370363235,1.4446258544921875
1.093447208404541,-0.01583099947310984
7.888627052307129,-2.4535417556762695
2.4169206619262695,-2.8160572052001953
-0.33305879682302475,-4.085886478424072
0.6036162003874779,-5.393493175506592
-0.9121060371398926,-4.70583438873291
-4.7263383865356445,-6.018853187561035
-1.0527967661619186,-10.203945636749268
-0.8135318756103516,-10.407543182373047
-6.088101863861084,-13.0720853805542
-3.5147905349731445,-10.366511344909668
0.323486290872097,-8.182847499847412
-2.616441249847412,-9.722745418548584
-4.794836044311523,-7.356870174407959
2.2720694541931152,-8.50900411605835
-0.9535312652587891,-3.1862735748291016
-0.7884622365236282,-1.8000006675720215
0.3740071877837181,1.8336772918701172
8.883523941040039,3.557002544403076
4.280614852905273,5.6526780128479
6.803345680236816,6.80849552154541
3.134799003601074,8.724009990692139
10.035300254821777,4.518616199493408
-5.634033679962158,11.126577854156494
7.369077205657959,7.4990034103393555
8.173954486846924,12.191176414489746
4.3587565422058105,10.707700252532959
-0.5689620971679688,2.848970890045166
5.6714653968811035,10.3035569190979
-3.4317731857299805,1.0526896268129349
-6.481063365936279,6.5932393074035645
-2.540290355682373,2.730286121368408
0.4523634910583496,-0.3906846046447754
-7.863414287567139,-2.620065212249756
0.7876873016357422,-5.2071213722229
-0.4464865103363991,-3.3294320106506348
-6.101441383361816,-5.080616474151611
0.4852414131164551,-7.424461841583252
-3.1190872192382812,-4.833054542541504
-0.8704900741577148,-8.272433280944824
1.046454906463623,-5.753529071807861
1.137685775756836,-6.121957302093506
-1.1197566986083984,-2.8476357460021973
-0.24031400680541992,1.1430740356445312
2.2385478019714355,-0.8782625198364258
2.218306064605713,-0.11005399748682976
2.862715721130371,5.322551727294922
5.779659748077393,8.036577701568604
-0.10493990033864975,7.512962818145752
-4.275023937225342,9.44288969039917
-3.6680221557617188,10.224807262420654
1.2392759323120117,8.40836763381958
3.6175966262817383,11.360645294189453
9.782326221466064,9.501028060913086
7.698154449462891,6.382381916046143
8.620297908782959,3.961920738220215
-2.4050354957580566,1.860666275024414
2.803492546081543,-1.9776582717895508
2.398979663848877,1.1185287684202194
2.996957302093506,-4.258465766906738
1.7175555229187012,-7.67674446105957
3.5700082778930664,-5.631840229034424
1.0452985763549805,-8.760809898376465
-0.13900999911129475,-5.778765678405762
-3.17838191986084,-5.741012096405029
0.6240963935852051,-5.279481410980225
2.2592782974243164,-3.9644360542297363
1.3174653053283691,-4.840075969696045
-4.178464412689209,2.763831615447998
3.2347679138183594,0.014257399598136544
-4.26257848739624,2.8609752655029297
-9.61369276046753,2.4706244468688965
-3.198528289794922,0.4191279038786888
-2.1365761756896973,1.656508445739746
-7.8978776931762695,1.9688606262207031
-4.467260837554932,0.3502846136689186
-1.420915126800537,1.3435006141662598
-4.612183570861816,-1.32673978805542
-3.7589669227600098,-3.2866597175598145
-0.44329170137643814,-4.147887229919434
-1.1997461318969727,-1.4331936836242676
-0.02005100017413497,-3.86124849319458
0.21215679123997688,-1.8936991691589355
1.5880703926086426,-1.927042007446289
6.7899346351623535,-1.518571376800537
10.073840618133545,-1.9609808921813965
3.191971778869629,-3.0350089073181152
2.8474926948547363,1.2212275713682175
6.346070766448975,1.1376023292541504
-1.3784170150756836,-1.7829537391662598
-1.239621564745903,0.962221622467041
7.602083683013916,1.2500405311584473
4.671120643615723,0.6014109030365944
-3.2632827758789062,2.6681900024414062
-6.767678260803223,-0.08368490263819695
-4.685378074645996,-1.2300611287355423
-9.337460994720459,-0.7890462875366211
-11.981034278869629,-5.738735198974609
1.9589424133300781,-3.2439470291137695
3.394043445587158,-6.226086616516113
-3.4232616424560547,-7.678663730621338
-3.6182284355163574,-7.4330925941467285
-1.1697769165039062,-3.6651253700256348
-6.8279266357421875,-5.495655536651611
-1.7112255096435547,-4.41051721572876
-1.3537049293518066,4.823207855224609
5.804598331451416,0.39287809282541275
5.705225467681885,2.941453456878662
-3.519141674041748,5.336153507232666
-2.256321907043457,3.418457508087158
1.495051383972168,8.457481861114502
-2.1039485931396484,8.37796926498413
-0.8386611938476562,5.463683605194092
9.580409526824951,9.391379356384277
4.033839702606201,6.39948844909668
0.40405988693237305,2.6628613471984863
5.404973030090332,1.969921588897705
2.0156025886535645,1.022505834698677
-1.765882968902588,-0.9903430938720703
0.34098628908395767,2.211630344390869
-0.09790659882128239,-0.7643699645996094
1.8848419189453125,-4.155063629150391
0.167620200663805,-5.660498142242432
-4.679441452026367,-4.90347146987915
1.595914363861084,-5.666518211364746
0.9195089340209961,-3.216695785522461
-8.97294282913208,-6.704461574554443
-0.05247590132057667,-4.7237396240234375
6.626009941101074,-0.01684430055320263
-0.2411961928009987,-4.7444939613342285
-1.3225436210632324,-0.2355455979704857
4.3402791023254395,-3.4836649894714355
1.8255233764648438,-1.6324162483215332
-4.281127452850342,2.967715263366699
1.8385648727416992,3.513789176940918
2.132129669189453,7.668924331665039
-3.6426305770874023,4.598355293273926
-7.311093807220459,-0.20787719637155533
-0.4942179098725319,2.082347869873047
-3.0090928077697754,1.2362360954284668
-2.739989757537842,4.400753974914551
4.247915744781494,2.070140838623047
1.760399341583252,0.2533913031220436
-2.2944092750549316,-2.644956111907959
0.02528429962694645,-1.6906976699829102
-2.9386162757873535,0.5474686995148659
-1.3261675834655762,1.9795536994934082
1.4288902282714844,0.4316568002104759
1.8854975700378418,0.9200335294008255
1.8043279647827148,-0.012171299895271659
8.181214332580566,1.6261696815490723
4.2495012283325195,1.1670947074890137
5.740249156951904,2.476358413696289
6.514298915863037,2.2884488105773926
5.478501319885254,1.2056230753660202
1.9192814826965332,2.693164348602295
2.673971652984619,2.171969413757324
1.5341401100158691,2.2747397422790527
-0.34444328397512436,2.5424957275390625
-4.548537731170654,0.48824548721313477
-3.7949442863464355,4.2885422706604
-4.101049900054932,2.900052070617676
-4.912781715393066,2.056396007537842
-2.952909469604492,4.2702555656433105
2.556788921356201,0.7771611213684082
1.8818259239196777,1.8734931945800781
2.8296351432800293,1.468813419342041
4.986250400543213,1.0348796844482422
2.8856635093688965,3.5441160202026367
4.402565956115723,1.372063159942627
5.6130290031433105,2.041018009185791
6.4626336097717285,1.7988085746765137
8.601903915405273,1.2727856636047363
4.35713529586792,-1.6782522201538086
-2.556753158569336,3.190910816192627
-2.3679018020629883,0.5073070898652077
-1.0820270329713821,-1.1575818061828613
-3.1722187995910645,-3.4323692321777344
-1.5736937522888184,-3.6783814430236816
0.8937715739011765,-0.653994083404541
-4.063451290130615,0.395357608795166
-12.895894050598145,-1.283574104309082
-8.496057987213135,-0.7203578948974609
-4.779458045959473,0.48345331102609634
-5.5445075035095215,0.5257606878876686
0.5246638879179955,3.9447784423828125
5.711042881011963,5.789601802825928
-2.016615867614746,2.476203441619873
-4.268074035644531,2.0770907402038574
-2.0362019538879395,2.6070594787597656
2.5144219398498535,3.7765026092529297
6.387662887573242,3.123164176940918
8.442521095275879,1.6618013381958008
8.152186870574951,1.035153865814209
8.077061176300049,1.447594165802002
-0.2807975001633167,-2.4414896965026855
-5.179154872894287,-2.8585076332092285
-3.6759257316589355,-2.2406816482543945
-1.2937664985656738,-5.406129360198975
-2.1581172943115234,-8.598172664642334
3.417837619781494,-7.211053371429443
-0.5682706832885742,-4.60972785949707
-0.9210824966430664,-3.906428813934326
-10.741424560546875,-3.806447982788086
-9.720182418823242,-4.716062545776367
-6.479060649871826,-3.9940953254699707
3.11661958694458,-4.991388320922852
-0.7686018943786621,-0.7446169853210449
6.257891654968262,-0.8502960205078125
1.127791404724121,3.6817431449890137
-4.71874475479126,3.264451026916504
-8.830797672271729,0.5384325981140137
3.1600236892700195,4.264378547668457
-2.292335033416748,3.525674343109131
9.668898582458496,0.5917787924408913
11.702048778533936,3.842306137084961
4.448902606964111,2.0350217819213867
7.373595237731934,-2.549612522125244
1.6944169998168945,2.7440309524536133
-2.7730345726013184,-0.37456750869750977
-0.262296199798584,1.7055392265319824
6.785750389099121,-1.0722041130065918
0.9019374847412109,-5.545508861541748
1.0071278363466263,-7.564043998718262
1.7082452774047852,3.549349308013916
-3.775966167449951,2.589261531829834
-13.271081447601318,3.923642635345459
-5.621373653411865,2.576768398284912
-4.403841495513916,-3.8996219635009766
-3.1058430671691895,1.2410879135131836
-1.6993403434753418,1.8372535705566406
1.8361091613769531,1.9665956497192383
-6.24772310256958,4.469811916351318
-6.494629383087158,0.1597880944609642
-5.029177665710449,-0.4124284163117409
3.0289053916931152,-0.15357729978859425
1.0084986686706543,-2.5391340255737305
5.1734089851379395,-1.720726490020752
6.273412704467773,-7.4898481369018555
2.795541286468506,-8.1978440284729
-4.316520690917969,-9.087216854095459
-0.18242599442601204,-6.125986576080322
-0.8455514907836914,-5.990362167358398
2.4802684783935547,-7.995617389678955
1.1799812316894531,-12.049269676208496
2.827334403991699,-14.076721668243408
-6.957817077636719,-10.46375036239624
-6.2172532081604,-6.781256198883057
-9.4390869140625,-3.6381125450134277
-10.737228393554688,-2.350032329559326
-3.3521175384521484,-1.7325997352600098
4.399240016937256,-2.3768067359924316
-0.44879909604787827,2.4772286415100098
2.961254119873047,3.6417484283447266
1.5387892723083496,5.092787742614746
0.16444919630885124,10.366606712341309
-2.074551582336426,10.834228992462158
7.9378485679626465,11.007142066955566
12.824523448944092,11.47230863571167
6.0109734535217285,9.673547744750977
8.433175086975098,12.07972764968872
9.444379806518555,9.791290760040283
-4.286074638366699,9.667026996612549
1.2645602226257324,9.062743186950684
4.035186767578125,4.909324645996094
3.6602377891540527,3.0072689056396484
3.966391086578369,-1.5407085418701172
2.5811195373535156,-2.0904064178466797
0.6033777818083763,-4.595983028411865
-4.262709617614746,-4.348945617675781
-6.772887706756592,-4.821348190307617
-2.445971965789795,-6.762814521789551
1.9632935523986816,-8.535301685333252
0.6861566752195358,-8.91118049621582
-2.148270606994629,-8.607041835784912
1.515185832977295,-5.249607563018799
-5.745506286621094,-5.512607097625732
-7.595396041870117,-2.055084705352783
-0.6097673997282982,-0.17571449279785156
1.343214511871338,2.247333526611328
-2.624082565307617,4.149651527404785
2.340221405029297,4.379034042358398
-2.263200283050537,6.986343860626221
-7.415533065795898,7.2141289710998535
-4.469096660614014,6.371867656707764
1.2206435203552246,11.031544208526611
0.09465220384299755,8.503925800323486
2.461695671081543,10.921823978424072
10.650146007537842,7.309746742248535
2.4609923362731934,4.988288879394531
4.077541828155518,7.873165607452393
8.357441425323486,4.500222206115723
4.507851600646973,3.313314914703369
7.532334327697754,2.8717517852783203
8.41737985610962,-1.2996435165405273
4.870748519897461,-2.6793479919433594
0.06275179795920849,-1.130688190460205
3.8157105445861816,-2.800309658050537
-1.9867300987243652,-2.6041746139526367
-3.286111354827881,-3.3797740936279297
-0.6601929664611816,-9.635710716247559
-0.2709865942597389,-10.447311401367188
-5.529260635375977,-3.3413052558898926
-1.4210700988769531,-4.311728477478027
-2.5565505027770996,0.7770299911499023
-8.857786655426025,-2.4986743927001953
-7.535719871520996,-5.3154826164245605
-0.9012699127197266,-3.838515281677246
-0.02280469983816147,-4.22515869140625
-1.7127394676208496,-1.8183231353759766
-2.3768186569213867,1.470017433166504
-3.1476616859436035,-4.8055291175842285
-8.09398889541626,-2.659726142883301
-4.822039604187012,-2.9007315635681152
3.0401110649108887,0.6291031837463379
6.426060199737549,0.304412804543972
1.302039623260498,1.0378599166870117
0.6287931650876999,1.2480974197387695
1.2701630592346191,2.316594123840332
-0.5619049072265625,6.789195537567139
1.388561725616455,3.2976150512695312
4.659831523895264,5.390989780426025
6.277644634246826,3.573024272918701
3.3696889877319336,1.089465618133545
-1.9334197044372559,1.795041561126709
-0.5044937133789062,4.143762588500977
1.8744349479675293,3.7895917892456055
-2.0908355712890625,3.1209230422973633
-6.1789870262146,-2.847003936767578
1.8270015716552734,-8.525478839874268
-5.946636199951172,-7.932543754577637
-15.27336835861206,-9.49922800064087
-2.1581411361694336,-5.838370323181152
0.9476423263549805,-6.748497486114502
-9.135615825653076,-11.412322521209717
-3.014969825744629,-5.88526725769043
5.397450923919678,-6.528162956237793
-6.063663959503174,-5.437421798706055
-7.076919078826904,-6.9829583168029785
2.7416229248046875,-0.43548349291086197
-0.37223100662231445,7.39438533782959
-0.4661440849304199,6.978726387023926
10.630500316619873,6.858241558074951
5.886578559875488,5.665481090545654
4.128766059875488,8.891487121582031
2.593374252319336,9.105539321899414
3.8228869438171387,10.091567039489746
-3.4268856048583984,7.830214500427246
0.33097270876169205,6.6764116287231445
3.964710235595703,8.090674877166748
3.0177950859069824,4.137301445007324
1.4090657234191895,3.608858585357666
0.1350403018295765,0.33310651779174805
-6.97176456451416,-6.168925762176514
0.341641902923584,-3.109622001647949
-3.508126735687256,-2.736079692840576
0.49550529569387436,-9.842586517333984
-0.8977413177490234,-1.3728618621826172
-2.4621129035949707,-7.114684581756592
-0.18306970596313477,-10.610973834991455
-2.156960964202881,-6.991541385650635
-8.408832550048828,-6.805527210235596
1.8435359001159668,-2.0775437355041504
6.194889545440674,3.653717041015625
3.4235596656799316,-2.044963836669922
3.2285332679748535,-3.089749813079834
4.644906520843506,2.482771873474121
-0.3444075956940651,4.623174667358398
-1.0216355323791504,7.3381781578063965
-3.54154109954834,7.05258846282959
1.1020780354738235,4.3045759201049805
1.371753215789795,5.276143550872803
-1.5909433364868164,3.211033344268799
-3.310120105743408,-0.7475019246339798
0.22290950641036034,-0.5485773086547852
-8.716237545013428,-3.963613510131836
-7.112288475036621,-3.34475040435791
-0.4810810089111328,-1.3277053833007812
-0.16412729397416115,-7.362163066864014
-1.0989069938659668,-5.048573017120361
2.2823095321655273,-4.804682731628418
3.672516345977783,-4.001748561859131
1.7637014389038086,-0.6750345230102539
-3.149127960205078,0.3237485885620117
2.592170238494873,-1.165914535522461
7.611322402954102,4.498767852783203
6.287205219268799,1.9504904747009277
4.236733913421631,6.201517581939697
8.84559154510498,7.233083248138428
2.5240063667297363,9.376382827758789
0.18582340329885483,6.960117816925049
0.1140355970710516,6.277370452880859
-1.7258763313293457,6.757092475891113
-1.96455717086792,7.705628871917725
-2.046048641204834,6.3849568367004395
-4.024708271026611,4.923093318939209
-0.9619594365358353,0.15385149978101254
-4.667329788208008,-1.656961441040039
-2.215754985809326,2.0268917083740234
2.379333972930908,-0.8602499961853027
6.591606140136719,-3.9948582649230957
2.607238292694092,-4.858088493347168
7.782447338104248,-5.843937397003174
8.808040618896484,-2.0449161529541016
4.219210147857666,-0.05151030141860247
2.8851985931396484,-1.4705300331115723
6.6716790199279785,1.0123968124389648
4.061150550842285,-0.7868409156799316
2.2766470909118652,1.5358448028564453
3.4499168395996094,3.4859061241149902
-0.5048871040344238,5.154597759246826
-5.391669273376465,0.19025800749659538
-7.080566883087158,3.9876937866210938
-6.876587867736816,4.995882511138916
-4.576480388641357,2.671957015991211
-2.7588486671447754,5.458235740661621
-5.460989475250244,1.056504175066948
-2.377188205718994,2.4655938148498535
-2.822721004486084,0.9035707265138626
-8.269190788269043,0.2383708953857422
-6.329965591430664,3.1612515449523926
0.9059072285890579,5.825293064117432
3.5840511322021484,0.9836912155151367
0.15609259717166424,1.6924142837524414
-1.45796537399292,0.8218765258789062
3.994596004486084,1.5514373779296875
-3.068673610687256,5.0006866455078125
-4.2633056640625,1.527714729309082
6.619727611541748,-1.8983840942382812
7.072305679321289,-2.0612120628356934
-1.8603086471557617,-5.657780170440674
3.868257999420166,-4.344034194946289
2.0357251167297363,-2.1847009658813477
-6.220197677612305,-6.632757186889648
-5.692160129547119,-7.700502872467041
4.237914085388184,-8.496332168579102
2.204000949859619,-8.02239179611206
-0.09390120394527912,-3.844320774078369
-1.9731402397155762,-6.248629093170166
-4.429197311401367,-5.417907238006592
-12.526488304138184,-3.822600841522217
-4.799783229827881,-1.5959858894348145
0.6074905022978783,2.3892998695373535
3.6119818687438965,2.264273166656494
-3.5598158836364746,3.10136079788208
7.312929630279541,0.45063499361276627
0.46073198318481445,3.108084201812744
-0.9127377718687057,3.275740146636963
0.3226875886321068,4.613959789276123
8.38768482208252,3.0319929122924805
0.1349925994873047,1.4482975006103516
-0.9355664253234863,1.4286518096923828
4.666543006896973,0.6531000137329102
11.93537712097168,-0.4822254180908203
5.860245227813721,-2.7257680892944336
8.385705947875977,-5.661177635192871
5.194079875946045,-0.7266402244567871
-4.60357666015625,-3.5558581352233887
-14.13811445236206,-1.5477657318115234
-5.085480213165283,1.732933521270752
-3.4377098083496094,-0.7220268249511719
-1.9143342971801758,-2.0917177200317383
-2.804875373840332,-0.4772663116455078
-1.6002655029296875,-1.0345458984375
-11.877644062042236,4.219818115234375
-10.06765365600586,3.9116740226745605
-11.402463912963867,3.576385974884033
-4.651737213134766,2.321743965148926
7.156884670257568,1.5391230583190918
6.08597993850708,-1.5452980995178223
2.6953935623168945,-1.4364957809448242
5.933976173400879,-2.4588584899902344
-2.7933120727539062,-5.284535884857178
-6.557202339172363,-5.438780784606934
9.033262729644775,-4.650402069091797
12.17414140701294,-5.635976791381836
6.800997257232666,-6.718921661376953
7.458639144897461,-6.587743759155273
0.9167789667844772,-7.44396448135376
-9.607875347137451,-5.698716640472412
-9.636104106903076,-8.519446849822998
-6.495988368988037,-7.15709924697876
-5.189764499664307,-4.609239101409912
-1.1315584182739258,-3.5028815269470215
-3.6695480346679688,-3.840172290802002
-11.48771047592163,-2.3309707641601562
-7.2884321212768555,-0.21330120041966438
-6.460404396057129,3.46682071685791
-7.345855236053467,8.501243591308594
1.1005281656980515,7.048487663269043
11.91316843032837,7.948911190032959
8.088541030883789,6.641113758087158
3.0771851539611816,9.077608585357666
10.374188423156738,7.976138591766357
4.153454303741455,9.796333312988281
-2.090442180633545,7.97731876373291
10.400307178497314,6.65668249130249
13.890635967254639,7.080721855163574
2.3821353912353516,4.1083574295043945
4.635894298553467,1.8837690353393555
5.081725120544434,1.522231101989746
-8.865225315093994,-0.3209710121154785
-5.711245536804199,-3.1118154525756836
5.1993489265441895,-2.3996353149414062
-4.5500874519348145,-6.107795238494873
-5.659663677215576,-5.881285667419434
3.4751534461975098,-6.797051429748535
-4.012691974639893,-9.894025325775146
-5.897819995880127,-7.7729105949401855
-1.8834829330444336,-3.640007972717285
1.85164213180542,-1.9028902053833008
-1.5902400016784668,-0.4852890968322754
-3.6860227584838867,-1.4737725257873535
-1.65177583694458,-1.1130809783935547
-0.7199882715940475,0.4960060119628906
-5.6137919425964355,8.112585544586182
-0.1185297966003418,7.529187202453613
4.19468879699707,5.848276615142822
3.6586642265319824,5.627024173736572
0.5046368017792702,4.195666313171387
4.2636871337890625,6.444764137268066
0.45669078826904297,9.811079502105713
-2.7489185333251953,3.548300266265869
-0.4425048828125,0.5079030990600586
5.9081315994262695,2.019214630126953
10.93686819076538,1.780390739440918
10.71237325668335,4.256486892700195
4.448556900024414,0.11630060151219368
6.3454270362854,-3.4582018852233887
-1.9021987915039062,-5.929398536682129
-5.796027183532715,-4.523932933807373
0.744783878326416,-2.4889588356018066
3.4573912620544434,0.9955524653196335
-1.5488028526306152,-2.488374710083008
-0.49446821212768555,-8.826923370361328
0.9292364120483398,-7.520687580108643
-5.4109930992126465,-5.5266618728637695
-6.930840015411377,0.09955169633030891
-1.0128974914550781,3.3454060554504395
-2.753293514251709,-2.5071263313293457
0.9796380996704102,-3.8086652755737305
4.032492637634277,-5.384516716003418
0.33158060163259506,-1.591956615447998
-1.7986655235290527,3.290247917175293
-0.8133292198181152,-0.6053686141967773
-4.924607276916504,-5.565214157104492
-5.858099460601807,-4.451465606689453
4.383671283721924,-6.496739387512207
4.14423942565918,1.97906494140625
-0.09061099961400032,1.6646146774291992
-1.4905929565429688,-2.3865103721618652
-1.3251423835754395,-1.745307445526123
-9.10177230834961,-2.5760769844055176
-1.7956018447875977,4.871964454650879
-0.950610563158989,7.452023029327393
4.749655723571777,5.145120620727539
4.832303524017334,1.0515450686216354
1.4287710189819336,-3.777778148651123
-3.418123722076416,0.05341770127415657
-0.28063060715794563,7.364940643310547
-1.4923691749572754,8.433210849761963
-3.9197802543640137,4.93546724319458
2.9640674591064453,1.019740104675293
8.041691780090332,-3.5875558853149414
-2.9505491256713867,-2.1064281463623047
-5.333304405212402,-1.407778263092041
-3.112328052520752,-1.8808960914611816
-7.10831880569458,-3.633546829223633
-12.290370464324951,-5.563247203826904
2.2843122482299805,-9.581553936004639
5.328130722045898,-4.937529563903809
-4.098844528198242,-8.166873455047607
-1.3505339622497559,-9.839355945587158
-2.620851993560791,-7.968437671661377
-8.926522731781006,-9.42544937133789
-4.815340042114258,-3.704380989074707
-2.39638090133667,7.107067108154297
8.2938551902771,6.21953010559082
8.112692832946777,7.78195858001709
6.815242767333984,4.602265357971191
4.006636142730713,5.9332966804504395
5.474531650543213,11.56764030456543
-5.233657360076904,11.578023433685303
-4.7882795333862305,10.205399990081787
3.502190113067627,8.336460590362549
5.2771687507629395,5.827236175537109
6.58876895904541,3.7654757499694824
7.261204719543457,8.051812648773193
-1.2095212936401367,-0.5785107985138893
-4.834151268005371,-3.943312168121338
-7.298886775970459,-4.224562644958496
-3.021359443664551,-5.023384094238281
3.8274526596069336,-4.920697212219238
2.302062511444092,-5.865919589996338
-4.461145401000977,-10.421395301818848
-1.9374608993530273,-12.051999568939209
-4.426991939544678,-11.417734622955322
-5.0519585609436035,-10.292041301727295
2.9050588607788086,-2.4309635162353516
10.426461696624756,-2.585732936859131
3.705143928527832,-2.795708179473877
0.023889499716460705,-1.2803912162780762
1.3938665390014648,-1.8502235412597656
-4.738450050354004,5.24221658706665
-3.7157297134399414,11.028194427490234
-0.33973459154367447,8.976507186889648
0.47676559537649155,8.135569095611572
-3.0557870864868164,4.470360279083252
-3.1869053840637207,2.941453456878662
-5.937671661376953,6.030106544494629
-4.114925861358643,6.749677658081055
-5.49623966217041,1.7643094062805176
-4.1533589363098145,-3.4162282943725586
2.9590368270874023,-4.308021068572998
5.663883686065674,-5.905139446258545
3.8690805435180664,-4.709339141845703
1.7606139183044434,-1.9780635833740234
0.17203090712428093,-5.260980129241943
1.5836358070373535,-3.535950183868408
4.7637939453125,-2.9441356658935547
9.660685062408447,-3.0365586280822754
10.560381412506104,4.063868522644043
8.512580394744873,3.1999945640563965
4.561483860015869,4.069411754608154
4.088139533996582,4.372382164001465
1.3404369354248047,2.160060405731201
2.407240867614746,4.783213138580322
0.7011055946350098,5.962693691253662
-2.590012550354004,6.3727498054504395
-3.0663490295410156,3.6888480186462402
-5.442452430725098,0.6493092328310013
-7.105553150177002,3.031432628631592
-2.677583694458008,4.150605201721191
-3.4934043884277344,2.007412910461426
-1.942896842956543,0.4608035087585449
0.25293830782175064,-5.599606037139893
-0.3261566162109375,-3.765881061553955
1.4348745346069336,-1.6053199768066406
2.3369431495666504,1.087331771850586
-0.29326679185032845,3.028440475463867
4.620194435119629,0.025331999640911818
8.044373989105225,-2.1478772163391113
5.414032936096191,-1.6650080680847168
4.426252841949463,4.300594329833984
6.515252590179443,4.14128303527832
2.5927305221557617,5.658912658691406
-1.0959863662719727,2.842247486114502
1.38319730758667,-2.9497265815734863
-0.6508350372314453,2.5617361068725586
-5.431926250457764,2.8333663940429688
-4.9649834632873535,0.23741720244288445
-3.244960308074951,2.2690176963806152
-2.7573704719543457,-4.306626319885254
-2.9401659965515137,-4.215359687805176
-3.8339853286743164,0.09459259919822216
-0.44542551040649414,-0.24664400145411491
-6.612861156463623,-1.2447596341371536
-7.821381092071533,-3.0932068824768066
0.3089427947998047,-3.7826895713806152
3.526127338409424,-1.7894864082336426
-1.4210939407348633,3.2314658164978027
0.7426977157592773,2.135610580444336
2.732551097869873,1.0262609273195267
-1.600193977355957,-1.2137650698423386
-0.7020235061645508,-2.468597888946533
5.272018909454346,-0.8048176765441895
7.22578763961792,4.495227336883545
2.630496025085449,0.5915164947509766
-1.857149600982666,-1.7699956893920898
-0.337827205657959,-2.922391891479492
-1.1173725128173828,-4.253089427947998
-4.085958003997803,-1.8227100372314453
-1.5380859375,0.3335713967680931
1.3154149055480957,-2.797555923461914
0.5437612906098366,-4.580748081207275
-5.111837387084961,-1.6716599464416504
-5.695295333862305,1.490795612335205
-3.765225410461426,1.8776178359985352
-7.7562689781188965,0.922548770904541
-3.250277042388916,-0.5176424980163574
3.2488346099853516,-0.9313821792602539
-0.5809307098388672,3.1451821327209473
3.4859538078308105,4.193365573883057
1.777637004852295,3.372955322265625
-0.36950111389160156,1.9450068473815918
-1.8964886665344238,-0.2951502986252308
10.537850856781006,0.7337688654661179
7.6415181159973145,1.8785357475280762
8.76455307006836,0.6544232368469238
12.051749229431152,-1.318216323852539
1.6715288162231445,-0.35219188779592514
-0.9883999824523926,-5.286812782287598
0.03129239892587066,-2.7121424674987793
-2.357661724090576,-2.473568916320801
-1.6524076461791992,-1.4650583267211914
4.608523845672607,-0.11547800153493881
-1.0620474815368652,-4.67296838760376
-8.767509460449219,-2.120029926300049
-4.630386829376221,2.146315574645996
-6.966352462768555,4.722344875335693
-8.902525901794434,2.218449115753174
-6.668710708618164,0.5540132895112038
4.830729961395264,-2.848517894744873
-7.049500942230225,1.8347382545471191
-4.098331928253174,4.433166980743408
-1.7706871032714844,2.094554901123047
-1.2043237686157227,-3.1384706497192383
-1.5909194946289062,-3.7596821784973145
9.541583061218262,-5.784153938293457
9.055709838867188,-1.8224835395812988
2.9404163360595703,-2.151191234588623
-1.9948959350585938,-5.416059494018555
0.2005935087800026,-3.407454490661621
-6.0645222663879395,-9.649717807769775
-2.3351550102233887,-6.761074066162109
4.183077812194824,-10.85904836654663
-0.42394399642944336,-9.115433692932129
-7.128465175628662,-10.26216745376587
-3.8605570793151855,-7.600390911102295
-5.324709415435791,-8.575987815856934
-8.211266994476318,-6.668365001678467
-5.367600917816162,-3.518557548522949
2.980375289916992,-2.752506732940674
-0.13756750151515007,0.9399294853210449
-2.0065665245056152,2.8159022331237793
1.7874479293823242,1.6178011894226074
10.616016387939453,7.329142093658447
7.794833183288574,9.382891654968262
7.629966735839844,9.387469291687012
10.197114944458008,8.169269561767578
2.8763413429260254,5.7648539543151855
-0.045573702082037926,8.476495742797852
4.1700005531311035,7.039892673492432
5.665469169616699,11.197686195373535
4.133999347686768,7.633566856384277
3.877532482147217,4.16719913482666
-0.7753372192382812,1.418912410736084
-5.469417572021484,1.5054941177368164
-7.2692036628723145,0.8065581321716309
-3.3103346824645996,0.6124258041381836
-4.295504093170166,-2.496325969696045
-0.8210062980651855,-3.7222862243652344
1.148688793182373,-9.228909015655518
1.047348976135254,-6.473720073699951
-4.3238043785095215,-3.713870048522949
-1.5995264053344727,-3.615391254425049
2.2283434867858887,-3.269362449645996
-1.0209084302186966,-6.431782245635986
-1.9167542457580566,-4.0795087814331055
3.3603668212890625,2.1062612533569336
-0.5681275948882103,2.3027777671813965
-4.152154922485352,3.59804630279541
2.9088973999023438,4.414927959442139
5.432140827178955,2.5825142860412598
-0.5773425102233887,8.359932899475098
1.7825603485107422,10.86033582687378
0.3922104835510254,6.704914569854736
-5.017411708831787,5.878400802612305
0.20753150805830956,3.9386630058288574
8.601951599121094,2.670168876647949
10.208094120025635,4.845094680786133
10.156762599945068,5.828702449798584
10.407030582427979,1.687467098236084
2.3042798042297363,2.3408055305480957
-2.4079322814941406,0.42531490325927734
4.606378078460693,-2.068626880645752
3.3719420433044434,-2.1507620811462402
2.770721912384033,-2.393615245819092
6.770575046539307,-5.348551273345947
0.2293110080063343,-5.732297897338867
-6.4713239669799805,-5.1643967628479
-3.594517707824707,-4.480540752410889
-4.274427890777588,-2.947521209716797
-3.483569622039795,-4.669034481048584
-0.3168344125151634,-4.620194435119629
3.6754250526428223,-4.459989070892334
-2.9953360557556152,2.107405662536621
-5.531752109527588,3.832113742828369
-3.309142589569092,1.708376407623291
-6.38505220413208,-0.5958437919616699
-5.833709239959717,-2.627682685852051
2.946925163269043,-2.6796936988830566
2.0863771438598633,2.709197998046875
-1.997995376586914,-0.9379267692565918
-5.079972743988037,0.170135498046875
-5.434072017669678,0.6321548670530319
-5.544090270996094,-6.144654750823975
1.0982751846313477,-2.1478652954101562
4.0907979011535645,-3.0632495880126953
3.0268192291259766,-6.367754936218262
1.7497777938842773,-4.73179817199707
0.5706549063324928,-2.947819232940674
-3.1110167503356934,-3.6796212196350098
-0.4323720932006836,2.6013851165771484
4.850399494171143,0.018429800402373075
10.067760944366455,-1.1057733744382858
5.9278130531311035,0.8616446703672409
6.848800182342529,-2.6886343955993652
3.9916396141052246,-1.397109031677246
-1.6746997833251953,6.5358757972717285
-2.9407739639282227,4.945766925811768
1.3867378234863281,6.288599967956543
-2.6745080947875977,3.9237499237060547
-4.37169075012207,-2.9244542121887207
0.39485689252614975,0.286173801869154
-7.837820053100586,-4.320061206817627
-13.977789878845215,-5.154716968536377
-9.277021884918213,-9.218740463256836
-9.921705722808838,-6.50629997253418
-20.311439037322998,-3.7513017654418945
-2.1405577659606934,-4.842686653137207
1.475977897644043,-2.8490662574768066
-4.7620415687561035,-5.660104751586914
-0.9310722351074219,0.32976869493722916
8.755016326904297,-0.01602170057594776
1.8340826034545898,6.146275997161865
2.191174030303955,6.0747504234313965
10.343635082244873,6.538951396942139
14.016079902648926,8.899855613708496
11.973607540130615,6.305575370788574
12.836968898773193,4.464960098266602
4.762697219848633,8.008122444152832
3.0495405197143555,4.331672191619873
-2.9267191886901855,7.931399345397949
-1.5625238418579102,3.1064867973327637
2.275705337524414,0.7987260818481445
2.0922422409057617,-1.4945268630981445
-6.0015082359313965,-2.164292335510254
-5.008149147033691,-1.8634915351867676
-10.618901252746582,-5.510318279266357
-15.19535779953003,-8.619403839111328
-8.994972705841064,-8.76452922821045
0.8926749229431152,-10.814249515533447
2.1341919898986816,-7.167387008666992
0.7490395754575729,-5.50459623336792
4.828643798828125,-7.360780239105225
1.9621849060058594,-2.7001261711120605
-2.3363471031188965,-2.8099656105041504
5.005776882171631,-3.5245656967163086
9.303772449493408,3.8316726684570312
6.650996208190918,3.2096028327941895
1.9487500190734863,4.2914509773254395
1.9541025161743164,2.9962778091430664
0.7197617739439011,6.069207191467285
-5.289185047149658,7.257592678070068
-3.855609893798828,5.845391750335693
3.542792797088623,4.901754856109619
0.8975862711668015,-3.0210494995117188
-5.968654155731201,-0.5610942840576172
-0.12437109835445881,-0.22433999925851822
-0.49467090517282486,-0.18088819459080696
-7.265317440032959,0.2669811062514782
1.565992832183838,-1.159048080444336
4.408979415893555,-3.9232730865478516
1.8062829971313477,-3.4513473510742188
2.9707789421081543,-0.8087515830993652
6.505000591278076,2.358400821685791
-0.2720952033996582,2.0500779151916504
4.741907119750977,3.56827974319458
5.917072296142578,1.8646240234375
3.072655200958252,6.548738479614258
0.09553429670631886,8.018159866333008
2.0661234855651855,5.774366855621338
-1.4652252197265625,5.623137950897217
-4.495584964752197,4.794466495513916
-1.2355328351259232,5.060374736785889
-0.4670858010649681,8.552908897399902
-2.177548408508301,6.077265739440918
3.9562225341796875,1.7806529998779297
3.912639617919922,-1.5289545059204102
3.9245128631591797,-3.438901901245117
7.295548915863037,-0.7898210734128952
5.588698387145996,0.3914951905608177
-0.17430780455470085,2.035045623779297
3.2515525817871094,-1.0430216789245605
2.4788737297058105,-2.6680707931518555
1.288139820098877,-1.0133147239685059
0.8064507693052292,0.1450181007385254
5.379331111907959,1.4946460723876953
-1.9996404647827148,-0.4854559898376465
-2.9938220977783203,2.870917320251465
-4.373753070831299,1.893317699432373
-6.551659107208252,3.2884716987609863
-9.199845790863037,1.899111270904541
-2.995765209197998,1.4586329460144043
-3.1211137771606445,0.3692030906677246
-1.029062271118164,-0.7886171340942383
1.4437675476074219,2.1849632263183594
-1.4325380325317383,3.5868167877197266
-2.1457552909851074,2.2841334342956543
-2.100801467895508,1.5920519828796387
0.21240709349513054,-2.4664998054504395
-0.15914440155029297,-0.33506158739328384
5.264556407928467,-1.89666748046875
3.834414482116699,1.1889457702636719
-0.057268100790679455,1.3043999671936035
-1.6700267791748047,-1.933300495147705
-2.4882078170776367,1.007390022277832
-4.776203632354736,0.9472131729125977
-0.6634355336427689,-0.5454659089446068
2.379584312438965,-0.28156040236353874
-1.1800289154052734,-3.981900215148926
-2.0746588706970215,-3.339695930480957
0.8517742156982422,0.25020839646458626
-4.214382171630859,-1.8244266510009766
-3.254985809326172,-3.1326770782470703
0.6117939949035645,-5.154454708099365
2.4491310119628906,-6.453835964202881
2.888154983520508,-5.720424652099609
0.31701330095529556,-4.728817939758301
-1.6473889350891113,-4.091763496398926
-0.3109931945800781,-0.02149339998140931
-6.110811233520508,-1.5726208686828613
-1.4641284942626953,-2.565455436706543
3.0784010887145996,-4.449427127838135
4.362833499908447,-1.0238050669431686
1.1442899703979492,-2.075183391571045
2.642369270324707,1.2272357940673828
-2.327108383178711,0.6066321954131126
-8.813285827636719,1.9117474555969238
1.784658432006836,2.0929574966430664
10.092711448669434,1.6865849494934082
8.684587478637695,0.45063499361276627
11.457109451293945,-0.7268667221069336
7.966744899749756,-2.648437023162842
1.70365571975708,-1.4366984367370605
-4.681289196014404,1.3522863388061523
-0.8097290992736816,-0.6732345372438431
-0.10604860261082649,3.078913688659668
0.6125926971435547,0.6000280007719994
-2.0644426345825195,2.6375293731689453
-0.6316543370485306,-1.4037609100341797
-11.941850185394287,3.7018179893493652
-11.618804931640625,3.6566853523254395
-8.182907104492188,4.898583889007568
-3.78953218460083,2.59702205657959
-6.035423278808594,2.9221057891845703
-0.8569241315126419,-0.8307337760925293
-0.0666856998577714,2.592957019805908
-4.481625556945801,-1.504838466644287
-7.342231273651123,-4.0213823318481445
1.9483685493469238,-3.097414970397949
7.187759876251221,-5.658388137817383
9.379923343658447,-3.595280647277832
12.243878841400146,-4.917800426483154
6.639909744262695,-7.276284694671631
1.7960190773010254,-9.956252574920654
-0.46805139631032944,-10.838532447814941
0.9548187255859375,-12.763571739196777
0.40000680834054947,-8.945000171661377
2.346515655517578,-8.331120014190674
-3.2094955444335938,-10.528337955474854
-8.6159348487854,-7.042181491851807
-13.300025463104248,-4.107773303985596
-10.829198360443115,-5.473721027374268
-7.726585865020752,-0.678253173828125
-4.621720314025879,1.4754652976989746
1.6092181205749512,2.7818918228149414
-0.2925276942551136,6.979107856750488
-2.0732641220092773,8.18394422531128
2.8328418731689453,12.33898401260376
1.3913393020629883,15.580165386199951
5.655372142791748,10.45759916305542
11.875808238983154,9.629273414611816
13.013410568237305,9.41852331161499
10.162782669067383,9.489643573760986
6.626880168914795,13.327229022979736
4.483366012573242,10.519134998321533
3.3176183700561523,8.008527755737305
2.5528430938720703,2.5147080421447754
1.3532400131225586,-0.37964578717947006
2.5571346282958984,0.8854507654905319
4.256045818328857,0.5823135003447533
-5.47029972076416,-2.3256421089172363
-4.189956188201904,-4.92931604385376
-1.6715168952941895,-8.746647834777832
-5.214190483093262,-6.410479545593262
-3.242921829223633,-4.955315589904785
0.9185791015625,-4.631638526916504
-4.208266735076904,-5.201756954193115
-3.592967987060547,-7.439112663269043
-4.240536689758301,-6.7469000816345215
-7.062005996704102,-1.8048405647277832
-5.146467685699463,3.686654567718506
1.1491060256958008,5.876064300537109
0.6728888303041458,4.185211658477783
3.3312439918518066,0.8756042271852493
2.573227882385254,3.9448976516723633
-2.160811424255371,7.349836826324463
-2.3710250854492188,9.176266193389893
-2.962958812713623,9.556996822357178
-0.7284402847290039,7.660162448883057
5.541324615478516,4.7629714012146
9.512150287628174,7.4600934982299805
10.622096061706543,7.867932319641113
12.423014640808105,4.99340295791626
5.658328533172607,3.6664724349975586
5.005645751953125,-0.9964585304260254
6.378388404846191,-0.2817988023161888
6.027674674987793,1.7428994178771973
6.205642223358154,-4.149937629699707
5.127954483032227,-4.903614521026611
-1.639878749847412,-10.51110029220581
-4.6234846115112305,-9.76407527923584
-6.678485870361328,-5.257570743560791
-7.044816017150879,-5.292224884033203
-6.501138210296631,-4.21680212020874
-1.1671184748411179,-7.569408416748047
-3.658127784729004,-9.03329849243164
-1.9532442092895508,-6.91457986831665
-2.474963665008545,-1.9528627395629883
-5.6618452072143555,-1.3351202011108398
-5.956375598907471,0.6630898267030716
-2.7954816818237305,-2.1186470985412598
-1.9652843475341797,-1.7604470252990723
3.434157371520996,-1.0722637176513672
5.815601348876953,-0.5786896124482155
1.819908618927002,-1.7662763595581055
-2.274322509765625,-1.8027305603027344
-2.505326271057129,-3.67889404296875
-2.1952033042907715,-2.0199060440063477
-0.6488680839538574,-0.6332994252443314
6.027853488922119,0.17145870253443718
5.060684680938721,-4.2075514793396
-0.8200644701719284,0.6481409072875977
-0.3251791000366211,2.2816061973571777
-3.196835517883301,5.451011657714844
-4.864072799682617,7.677793502807617
2.3993372917175293,5.029189586639404
5.180847644805908,1.5006661415100098
1.7794251441955566,5.546748638153076
1.3811945915222168,4.807603359222412
-1.4356732368469238,3.3733725547790527
-11.87899112701416,3.3653855323791504
-5.486297607421875,-0.9221553802490234
-2.558302879333496,-2.98386812210083
-1.381826400756836,-2.807021141052246
1.2555956840515137,-4.728341102600098
4.280710220336914,-9.142625331878662
-5.909764766693115,-8.591437339782715
-7.953846454620361,-12.546765804290771
-5.320882797241211,-17.550373077392578
-5.664587020874023,-6.1019182205200195
-5.664360523223877,-7.63474702835083
4.848158359527588,-1.958167552947998
2.2323966026306152,0.4331827163696289
-3.122437000274658,1.5022754669189453
1.9371986389160156,4.603171348571777
1.68684720993042,10.529184341430664
-0.7767677307128906,11.691415309906006
5.680298805236816,11.086392402648926
7.147097587585449,14.076602458953857
4.964101314544678,11.54848337173462
10.69566011428833,10.355639457702637
6.453537940979004,11.15109920501709
-5.870568752288818,7.139694690704346
-0.3641486167907715,5.09570837020874
0.07773640099912882,4.440116882324219
-5.146908760070801,-2.424192428588867
4.874682426452637,-2.734851837158203
3.2605767250061035,-6.891930103302002
-4.961037635803223,-7.423007488250732
-5.948424339294434,-4.55327033996582
-6.23248815536499,-8.187270164489746
-10.944604873657227,-10.903573036193848
-5.995702743530273,-10.846459865570068
2.9248595237731934,-8.260273933410645
4.7887444496154785,-4.205560684204102
0.9354948997497559,-3.57893705368042
3.6070704460144043,-2.010965347290039
3.136932849884033,-2.044057846069336
-1.7937064170837402,1.7691493034362793
0.03438000101596117,4.718506336212158
5.475783348083496,6.708383560180664
6.263446807861328,4.032480716705322
0.06399150006473064,3.1595587730407715
1.2978672981262207,2.519106864929199
-1.810002326965332,5.702066421508789
-7.9564690589904785,3.6643266677856445
-6.035590171813965,2.036166191101074
-1.053297519683838,-0.42995210736989975
1.9656658172607422,-5.013632774353027
-0.5428433045744896,-3.1647801399230957
-2.920651435852051,-1.0776758193969727
-0.6877422332763672,-2.258002758026123
-5.804622173309326,-0.3720403090119362
-5.948829650878906,-1.9917011260986328
6.282925605773926,-3.841114044189453
6.507587432861328,1.2568473815917969
3.8361549377441406,4.347324371337891
8.088278770446777,6.813156604766846
6.983292102813721,7.094252109527588
2.4004220962524414,8.625531196594238
2.3557305335998535,6.723272800445557
5.119919776916504,10.055708885192871
4.735302925109863,11.028790473937988
1.6830086708068848,6.732344627380371
-2.97853946685791,5.893468856811523
-4.354977607727051,6.717884540557861
0.963127613067627,-0.8522987365722656
-1.724696159362793,3.3039450645446777
-3.295290470123291,-2.5545239448547363
8.947372436523438,-4.243731498718262
2.532029151916504,-4.125106334686279
-0.6849527359008789,-5.14073371887207
3.2368898391723633,-6.2821149826049805
1.4279723167419434,-5.4315924644470215
-1.4413833618164062,-6.436276435852051
1.7754912376403809,-1.6010642051696777
3.583049774169922,1.0647892951965332
1.6074776649475098,-0.1730204001069069
-1.0001658648252487,1.4537930488586426
1.2773394584655762,3.498208522796631
1.1725307255983353,3.575146198272705
0.8905767649412155,6.319332122802734
-5.463778972625732,6.616377830505371
-3.0477166175842285,5.281925201416016
-2.972590923309326,7.809150218963623
-5.675649642944336,3.6130666732788086
-3.3452391624450684,4.100024700164795
4.374432563781738,4.465293884277344
-0.07724760100245476,2.9555916786193848
-1.6646981239318848,3.615438938140869
1.3800263404846191,2.3126959800720215
-0.6324648857116699,0.38744211196899414
-5.0211310386657715,0.20728109404444695
-1.3876080513000488,1.347041130065918
2.092313766479492,0.5887627974152565
-0.9244084358215332,-0.48378709703683853
-4.581820964813232,-4.063630104064941
-1.7481207847595215,-4.250860214233398
-0.4126906022429466,-0.9576320648193359
-4.112601280212402,-3.347194194793701
-7.786118984222412,-5.434978008270264
-2.472960948944092,-6.368577480316162
0.12962820008397102,-4.4432878494262695
-3.018677234649658,-3.972315788269043
0.45801401138305664,-2.745187282562256
6.050443649291992,-4.792511463165283
-1.5259623527526855,-5.01171350479126
-1.202547624707222,-5.643117427825928
2.561068534851074,-1.5129327774047852
0.1069306954741478,0.09847880341112614
-2.868795394897461,0.22301670163869858
-0.2304553985595703,4.223847389221191
2.6201963424682617,3.2999753952026367
0.1306295022368431,-0.5593777075409889
1.1958122253417969,3.4783482551574707
3.651285171508789,1.5829682350158691
2.191793918609619,3.170633316040039
-2.050924301147461,2.174663543701172
-2.4041295051574707,-1.7976999282836914
-4.2810797691345215,0.9445071220397949
3.543400764465332,1.7099261283874512
-0.16088489443063736,3.515779972076416
10.250020027160645,-1.1382222175598145
8.002853393554688,-1.8259882926940918
3.3318042755126953,-5.3122639656066895
-3.853881359100342,-1.440107822418213
1.412343978881836,1.837480068206787
-2.9155850410461426,0.12490750290453434
-3.4813284873962402,-1.2726783752441406
-0.7807731628417969,-4.172766208648682
0.08980040438473225,-3.0234575271606445
0.7612109184265137,-1.187455728650093
-6.917452812194824,4.4316887855529785
-8.214569091796875,2.292156219482422
-5.638229846954346,5.962765216827393
-0.992894172668457,-1.8729805946350098
-8.688700199127197,2.433145046234131
-0.8453130722045898,0.6925225257873535
-0.2689957991242409,5.244314670562744
-4.440820217132568,-0.023734599817544222
-0.5730390921235085,-7.437801361083984
4.284334182739258,-6.237614154815674
4.597222805023193,-9.612548351287842
11.039352416992188,-6.417346000671387
5.203497409820557,-2.694261074066162
2.7386069297790527,-7.88196325302124
6.0013651847839355,-10.023629665374756
1.249098777770996,-9.044289588928223
-5.271053314208984,-10.82843542098999
3.416430950164795,-6.208539009094238
-1.6965627670288086,-6.086146831512451
-12.34356164932251,-9.805583953857422
-6.940340995788574,-7.676219940185547
-0.1954674907028675,-3.353559970855713
-12.115907669067383,-2.799820899963379
-9.38112735748291,2.162158489227295
-4.184985160827637,1.8271565437316895
-6.9539666175842285,1.5582919120788574
-7.70341157913208,4.959321022033691
0.13608929701149464,8.32202434539795
8.952152729034424,9.560465812683105
8.097171783447266,11.312556266784668
8.319127559661865,8.745932579040527
11.795997619628906,9.691405296325684
6.6109299659729,6.615495681762695
4.452168941497803,6.631135940551758
4.840826988220215,9.582817554473877
7.65385627746582,12.333118915557861
7.598507404327393,8.422720432281494
5.144023895263672,5.051529407501221
1.873612403869629,1.4084219932556152
1.5339016914367676,3.01058292388916
-2.6576995849609375,4.2603254318237305
-3.8627028465270996,-0.7982850074768066
-0.6935477256774902,-1.6691923141479492
-0.36113258451223373,-6.951189041137695
-1.895296573638916,-9.3253493309021
-1.190173625946045,-6.846022605895996
-3.8627028465270996,-6.706738471984863
-5.8850884437561035,-8.787059783935547
-5.5963873863220215,-7.51415491104126
-7.332086563110352,-6.3155412673950195
-5.495822429656982,-4.666686058044434
-0.7253050804138184,-2.8894901275634766
-3.849780559539795,1.640021800994873
-2.1263957023620605,5.090224742889404
4.470264911651611,6.210923194885254
3.5293221473693848,5.665683746337891
-7.188868522644043,6.390213966369629
-2.127408981323242,8.76767635345459
2.4358391761779785,14.27459716796875
-1.060950830578804,7.868146896362305
3.3035993576049805,9.116220474243164
16.139507293701172,6.751739978790283
10.776793956756592,5.738723278045654
4.680848121643066,5.081272125244141
6.418061256408691,4.905223846435547
6.176018714904785,0.06891489960253239
3.4630656242370605,-2.325713634490967
5.180025100708008,-5.7416558265686035
7.107698917388916,-5.1970601081848145
4.418206214904785,-7.131743431091309
-6.253981590270996,-8.259272575378418
-9.921085834503174,-10.115015506744385
-1.642775535583496,-8.69443416595459
-1.991569995880127,-10.749173164367676
-6.178641319274902,-9.52669382095337
-0.6224155053496361,-6.638467311859131
-1.8209457397460938,-3.9226412773132324
-10.62084436416626,-1.859748363494873
-9.699845314025879,-0.9678840637207031
-1.7124176025390625,-3.1275391578674316
1.5938282012939453,1.324772834777832
6.481611728668213,-1.0689616203308105
2.6134729385375977,-2.0070552825927734
5.457592010498047,1.048111915588379
-0.03640650073066354,-1.0036469250917435
-4.467916488647461,0.8177638053894043
0.5574345961213112,-0.40374990552663803
5.104541778564453,-1.9942998886108398
2.6535630226135254,-3.6094188690185547
-1.142120435833931,0.692439079284668
-0.6522058695554733,-3.5016536712646484
-4.764997959136963,-0.010049300035461783
-8.446252346038818,0.5343914031982422
-3.451526165008545,0.7445216178894043
1.2242913246154785,1.5594005584716797
1.441633701324463,3.3757567405700684
0.858008936047554,1.3254761695861816
0.6696701049804688,5.76624870300293
-2.7974605560302734,5.63737154006958
-1.7544150352478027,0.7611632347106934
0.6762146949768066,5.619847774505615
1.3730645179748535,2.706634998321533
-1.0633111000061035,1.4859914779663086
2.1498799324035645,-1.583409309387207
-0.7238984107971191,-3.4963369369506836
-7.112443447113037,-3.6380648612976074
-2.3844361305236816,-5.343616008758545
-0.896453931927681,-9.313035011291504
-7.561135292053223,-13.15838098526001
-9.707367420196533,-11.00003719329834
-11.551880836486816,-6.193661689758301
-6.656908988952637,-6.333744525909424
-4.016900062561035,-6.4224958419799805
-0.2202749066054821,-6.599879264831543
4.696822166442871,-0.7446646690368652
9.990084171295166,3.6695003509521484
5.526340007781982,8.070039749145508
-0.12580160051584244,4.9137115478515625
9.929978847503662,10.639846324920654
8.1984281539917,10.95196008682251
8.22209119796753,9.092378616333008
13.136708736419678,16.195571422576904
6.5686821937561035,10.699915885925293
-1.2706398963928223,8.018243312835693
0.039541698060929775,7.479453086853027
4.110658168792725,4.512226581573486
3.449070453643799,-0.05359650123864412
-1.1914849281311035,0.962364673614502
-3.532552719116211,-3.6992549896240234
-5.769538879394531,-9.432435035705566
-11.23441457748413,-8.219468593597412
-14.353704452514648,-11.368608474731445
-5.610513687133789,-10.04023551940918
-1.4284610748291016,-7.044720649719238
-2.366924285888672,-11.014926433563232
-3.8228631019592285,-9.14304256439209
-0.6583452224731445,-5.747771263122559
-0.27359720319509506,-3.986847400665283
-0.7656217366456985,3.3297061920166016
1.182854175567627,2.333188056945801
7.493281364440918,1.1901497840881348
2.689993381500244,3.5995006561279297
-0.5208491906523705,6.3741326332092285
4.999256134033203,8.16127061843872
3.847670555114746,8.064734935760498
-4.752445220947266,5.803799629211426
-1.4691710472106934,5.412650108337402
4.485619068145752,5.999624729156494
-3.629148006439209,0.2104520983994007
-2.381718158721924,1.640009880065918
3.764510154724121,0.5115867033600807
-1.2152553349733353,-4.1222453117370605
-2.379012107849121,-3.1137585639953613
3.1806230545043945,-4.779791831970215
4.274153709411621,-5.482316017150879
3.5425782203674316,-1.6432881355285645
2.1157383918762207,-1.3219833374023438
3.6397337913513184,-3.341186046600342
0.861358568072319,-0.8127450942993164
2.0792603492736816,1.8576622009277344
7.01754093170166,2.974867820739746
5.781197547912598,8.10401439666748
0.5605458840727806,4.824733734130859
-2.3861289024353027,4.912114143371582
-5.628156661987305,5.633401870727539
-5.102097988128662,8.015191555023193
-0.6300210952758789,6.8880438804626465
2.7004122734069824,6.140482425689697
-0.1321553997695446,3.4679174423217773
4.790747165679932,-0.9472013264894485
-1.3645529747009277,-1.9924640655517578
-2.4440407752990723,-4.763078689575195
2.7948975563049316,-4.239654541015625
4.174911975860596,-3.9995312690734863
5.194246768951416,-6.049239635467529
7.284951210021973,-5.510199069976807
2.417004108428955,-2.465188503265381
-1.6046762466430664,0.5895853042602539
-0.5731939896941185,-0.17516609281301498
0.8793354034423828,3.817117214202881
0.673377513885498,3.10591459274292
3.4869790077209473,1.5579581260681152
-1.6901612281799316,8.311235904693604
-3.815329074859619,9.083497524261475
-6.82600736618042,9.59160327911377
-7.451868057250977,9.380102157592773
-3.346538543701172,3.724062442779541
4.17860746383667,1.8730640411376953
2.1485090255737305,6.050920486450195
2.2098302841186523,2.695333957672119
2.2684812545776367,0.24104120209813118
-1.0438323020935059,0.5592465028166771
-1.035916805267334,-6.09670877456665
3.375673294067383,-4.6500325202941895
2.6889443397521973,-2.3020029067993164
-0.9542226791381836,-6.466233730316162
-6.290614604949951,-3.3729076385498047
-3.6885976791381836,-1.4523863792419434
-5.73655366897583,-5.963194370269775
-5.10103702545166,-2.387118339538574
-1.2969017028808594,0.5997895821928978
-1.9538044929504395,-1.8142461776733398
-6.353306770324707,-0.6582974642515182
-5.0368428230285645,-1.2487410753965378
-1.589977741241455,-4.280388355255127
-4.323470592498779,2.8600573539733887
0.18346309661865234,2.567756175994873
9.1050386428833,-0.564277209341526
4.096484184265137,0.5722761154174805
-0.6852269172668457,-6.3338518142700195
0.7350801676511765,-2.0702600479125977
-1.41676664352417,1.1049389839172363
-4.308140277862549,2.3583173751831055
0.019252300262451172,0.9864568710327148
5.360627174377441,-1.703202724456787
2.4050116539001465,-3.2344460487365723
2.6015400886535645,-0.5769133940339088
4.102838039398193,2.117931842803955
1.8622756004333496,2.954995632171631
-5.197691917419434,0.7040143013000488
-2.947723865509033,-0.5787849053740501
2.9950857162475586,-0.1466154959052801
3.3586740493774414,0.05573030095547438
-0.9565591812133789,-0.7872939109802246
7.366609573364258,-1.1588692665100098
6.184446811676025,-3.9970040321350098
1.5059351921081543,-5.931901931762695
-4.35260534286499,-3.652799129486084
2.866947650909424,-2.218759059906006
0.6607533246278763,-2.3375988006591797
-3.6895394325256348,-2.627682685852051
-1.4570832252502441,-5.327653884887695
2.753603458404541,-2.659165859222412
-7.074868679046631,-3.081190586090088
-11.00698709487915,1.3104915618896484
-6.071746349334717,4.885339736938477
-2.78165340423584,0.1269460003823042
-8.450019359588623,-2.7584195137023926
-6.198227405548096,0.6499887257814407
2.8243422508239746,0.11461970396339893
-1.2875914573669434,3.8565516471862793
-5.903840065002441,3.2708287239074707
7.035624980926514,-1.8564343452453613
8.016061782836914,-3.0799508094787598
3.977537155151367,-3.3961892127990723
4.7530412673950195,-4.887938499450684
6.5984368324279785,0.3415464982390404
1.6808271408081055,-4.051244258880615
-5.556690692901611,-7.376039028167725
1.9726157188415527,-7.5081706047058105
1.6867876052856445,-6.578660011291504
-1.156938076019287,-9.032320976257324
-6.905841827392578,-4.71959114074707
-0.5013227090239525,-8.91726016998291
-3.3925533294677734,-7.705438137054443
-12.906813621520996,-5.650067329406738
-6.132018566131592,-2.944505214691162
2.4947047233581543,1.0152935981750488
-5.888819694519043,3.0004262924194336
-4.523026943206787,4.104316234588623
8.90742540359497,4.818785190582275
6.1560750007629395,8.258497714996338
2.9201626777648926,9.331309795379639
10.89106798171997,9.19569730758667
6.188499927520752,9.585833549499512
1.3535022735595703,5.909287929534912
6.774532794952393,6.150972843170166
6.208837032318115,8.816099166870117
8.464968204498291,8.925628662109375
8.50001573562622,8.696949481964111
2.7312755584716797,2.7466773986816406
-2.5281786918640137,2.9381275177001953
-2.386343479156494,1.19858980178833
-4.213142395019531,1.8875360488891602
-6.7305684089660645,1.6179561614990234
-1.0956764221191406,-2.936244010925293
-1.1535882949829102,-4.503846168518066
-7.3728203773498535,-3.814518451690674
-2.6030540466308594,-5.512392520904541
-2.8974294662475586,-0.980532169342041
-5.296289920806885,-5.925488471984863
-5.231308937072754,-4.8858642578125
-0.04367830231785774,-5.4729461669921875
-3.6040902137756348,-2.678394317626953
-3.6914706230163574,-1.483750343322754
-1.6210317611694336,3.7343978881835938
-0.07323029916733503,3.7096261978149414
-0.08310079574584961,4.047667980194092
5.262994766235352,3.518080711364746
4.314315319061279,5.059337615966797
3.8625001907348633,3.880763053894043
1.7754435539245605,7.2594523429870605
3.1157970428466797,7.25475549697876
1.3779282569885254,4.677629470825195
6.313002109527588,6.693398952484131
15.038144588470459,3.617250919342041
13.288390636444092,0.5032658949494362
7.2867751121521,2.7164697647094727
6.870663166046143,-3.4672021865844727
2.915632724761963,-2.1378040313720703
-6.944549083709717,-4.7423481941223145
1.5869975090026855,-4.603886604309082
5.780839920043945,-7.777392864227295
1.0358691215515137,-10.359442234039307
-2.4995923042297363,-8.230304718017578
-0.7972598075866699,-7.544350624084473
-7.943129539489746,-3.3244729042053223
-10.433077812194824,-3.605806827545166
-8.512985706329346,-4.258418083190918
-2.416980266571045,-3.12347412109375
-1.4204144477844238,-0.9869217872619629
-2.4407029151916504,-0.21834369748830795
-2.840423583984375,3.3905029296875
-1.119840070605278,2.681291103363037
-6.591498851776123,2.3883700370788574
-4.06869649887085,0.7287383079528809
2.555835247039795,2.6099085807800293
7.819175720214844,-2.0740151405334473
1.2457609176635742,-0.6345748901367188
3.8050293922424316,-2.6437997817993164
4.508376121520996,-4.935956001281738
-1.2207865715026855,-5.723667144775391
-2.869260311126709,-5.318617820739746
1.8649578094482422,-4.651832580566406
4.521346092224121,-2.8636574745178223
-1.1390448361635208,-5.862176418304443
-0.43010711669921875,-3.319084644317627
3.141939640045166,-0.3590941056609154
-0.40221210569143295,-0.026345299556851387
-0.48578981310129166,3.4819483757019043
3.979504108428955,3.029763698577881
2.0865440368652344,1.5273213386535645
2.569711208343506,3.5138607025146484
-0.9821653366088867,1.5193462371826172
-1.1531472206115723,5.8339715003967285
-1.4076709747314453,6.310164928436279
-4.860138893127441,4.239308834075928
-0.18798109143972397,1.631486415863037
1.9286870956420898,-2.0400643348693848
-4.387426376342773,-5.345666408538818
-3.122580051422119,-3.4354805946350098
-3.7116646766662598,-8.941411972045898
-8.722007274627686,-8.783435821533203
-13.248074054718018,-7.353353500366211
-8.417320251464844,-5.992674827575684
-2.032315731048584,-3.8554906845092773
-4.51512336730957,-1.4915704727172852
-1.3907909393310547,-3.4201502799987793
3.3794760704040527,1.074063777923584
-0.13937950134277344,3.2602667808532715
-4.053699970245361,5.769479274749756
2.310335636138916,8.319699764251709
6.1229705810546875,10.688769817352295
9.341192245483398,9.65116024017334
13.785135746002197,8.20462703704834
14.019620418548584,9.151482582092285
7.597255706787109,6.929457187652588
3.2096505165100098,9.892809391021729
-1.5359163284301758,5.791103839874268
1.0583758354187012,2.992737293243408
1.3187527656555176,0.5344748124480247
0.022458999883383512,-1.0045648366212845
-0.48078298568725586,-3.7925362586975098
-5.139589309692383,-6.713557243347168
-10.924947261810303,-11.351919174194336
-12.147116661071777,-9.093153476715088
-3.78570556640625,-8.584344387054443
-2.6622414588928223,-7.1428656578063965
0.5826354026794434,-7.791292667388916
3.4295082092285156,-9.308695793151855
4.214179515838623,-6.089127063751221
0.7926344871520996,-5.622518062591553
0.18428560346364975,-2.6500582695007324
-1.0972856730222702,-0.7845044136047363
2.7595877647399902,-0.8263350278139114
1.088106632232666,1.9790172576904297
3.778862953186035,4.759085178375244
6.090855598449707,4.846286773681641
0.6363034248352051,6.5375447273254395
-6.262576580047607,3.8586020469665527
-0.35600658506155014,5.79838752746582
-2.109551429748535,2.5673389434814453
-7.381308078765869,3.386569023132324
3.4074783325195312,2.067720890045166
8.202552795410156,-1.481485366821289
-2.6938438415527344,-0.49593448638916016
-3.0455708503723145,-3.4618735313415527
1.822960376739502,-3.554975986480713
-4.824209213256836,0.47709938138723373
-2.3656606674194336,-0.05362030118703842
6.6533684730529785,1.3669371604919434
5.50607442855835,-1.5751361846923828
3.8127899169921875,0.7339835166931152
6.418478488922119,2.123880386352539
3.6815762519836426,3.6788463592529297
2.6343464851379395,4.752004146575928
4.693591594696045,1.688063144683838
-2.178168296813965,2.310335636138916
-0.07325409911572933,4.5256733894348145
2.4609923362731934,4.93851900100708
-2.8780102729797363,3.4478306770324707
-6.334364414215088,3.0563831329345703
4.178357124328613,1.9324779510498047
2.54133939743042,0.8423566818237305
2.795994281768799,2.600264549255371
7.367444038391113,-1.1397480964660645
3.6202311515808105,-1.4952540397644043
-1.2384892255067825,0.9871243685483932
0.3021835908293724,-1.5276193618774414
4.312849044799805,-0.7730246335268021
3.6023497581481934,0.1906275935471058
4.13743257522583,0.8237122744321823
5.5365800857543945,4.020655155181885
-1.9556522369384766,3.2026171684265137
-5.11164665222168,1.7580986022949219
-4.559421539306641,4.152131080627441
-5.469775199890137,4.741787910461426
-3.574836254119873,7.6904296875
0.303578395396471,4.698479175567627
-1.2297511100769043,3.3985018730163574
-0.4873036965727806,4.054820537567139
-2.8506040573120117,4.407620429992676
-1.293957233428955,3.779435157775879
-0.9523510932922363,2.959418296813965
-0.5855083093047142,1.366877555847168
-0.4220246896147728,-0.08111000061035156
6.093394756317139,-0.8553147315979004
1.9519329071044922,-0.11074540205299854
-2.196061611175537,-0.36832090467214584
0.8136510848999023,0.9041070938110352
-0.12526510283350945,-2.0482659339904785
-5.1888346672058105,-3.490889072418213
1.2307404726743698,-1.8127679824829102
3.806793689727783,-2.1860241889953613
-4.163908958435059,-0.2657770924270153
-7.841777801513672,-0.9875059127807617
-3.3382534980773926,-2.3757457733154297
-6.455898284912109,-1.3872504234313965
-5.407166481018066,-2.309083938598633
3.9144277572631836,-3.25775146484375
5.6862592697143555,-4.58528995513916
1.962423324584961,-4.873943328857422
-0.8389592170715332,-5.923855304718018
-3.2361388206481934,-3.2042860984802246
-4.777061939239502,-1.6233325004577637
-0.8169888705015182,0.6359100341796875
2.853262424468994,-1.3147473335266113
3.7447333335876465,-3.1156420707702637
4.271519184112549,-2.8337836265563965
1.1617302894592285,-3.0809521675109863
-0.003993500140495598,1.8005967140197754
-4.884350299835205,1.2783527374267578
-0.9076237678527832,-1.1700987815856934
-0.23248199373483658,0.7438064366579056
0.8134245872497559,-0.6944656372070312
1.9218921661376953,-1.2450695037841797
7.498717308044434,-1.0704994201660156
0.9434937685728073,-1.6470789909362793
0.3189206123352051,-1.9275903701782227
1.5331625938415527,-2.411985397338867
4.264688491821289,-0.7712960243225098
-2.7027010917663574,-3.195619583129883
-1.9468426704406738,1.7324209213256836
5.230855941772461,-4.226136207580566
-5.840861797332764,0.8792877197265625
0.8150696754455566,-2.89841890335083
-3.6138415336608887,3.18450927734375
1.3629794120788574,4.817497730255127
-8.773469924926758,6.622529029846191
0.8398532867431641,0.13145210221409798
-8.612895011901855,3.163909912109375
-1.293039321899414,-2.543461322784424
-3.815329074859619,0.5402207002043724
1.5025734901428223,3.092944622039795
-6.5267205238342285,1.8169522285461426
3.8019776344299316,-1.6866087913513184
-2.2345900535583496,-4.498767852783203
3.6929965019226074,-4.235780239105225
0.5962609872221947,-3.5567641258239746
5.275154113769531,-4.551494121551514
-2.5753140449523926,-6.894445419311523
4.365742206573486,-7.900846004486084
-1.267838478088379,-9.36063528060913
2.9471874237060547,-7.565498352050781
-0.9995461255311966,-11.577939987182617
-2.737283706665039,-7.095229625701904
-3.6939382553100586,-6.824123859405518
-2.590060234069824,-10.910868644714355
-6.348538398742676,-5.123114585876465
-1.635134220123291,-3.1199097633361816
-1.4976978302001953,-0.9881377220153809
-1.8482685089111328,1.3761281967163086
-3.4882068634033203,1.3329029083251953
2.4856090545654297,0.910806730389595
3.7793874740600586,8.797752857208252
5.177140235900879,10.19059419631958
8.803939819335938,9.556758403778076
6.727337837219238,8.644366264343262
1.9574165344238281,8.470773696899414
2.768552303314209,4.358720779418945
2.4236202239990234,14.982080459594727
4.746413230895996,9.6565842628479
6.1856865882873535,9.69010591506958
1.698756217956543,8.621418476104736
2.654397487640381,2.8503894805908203
2.9802441596984863,5.165767669677734
-1.8268227577209473,3.310823440551758
-3.274226188659668,-1.397550106048584
-0.46088699251413345,1.7796754837036133
-2.379453182220459,-0.669252872467041
-2.0496129989624023,-5.7608962059021
-2.5226354598999023,-2.3345470428466797
-3.0846238136291504,-7.6624274253845215
-2.1419882774353027,-5.610764026641846
-1.0941147804260254,-8.86983871459961
-5.068647861480713,-10.079574584960938
-0.38483139127492905,-4.014742374420166
-0.6585360318422318,-5.531966686248779
-3.017878532409668,-0.9687423706054688
-2.629256248474121,-2.5266170501708984
4.364299774169922,-2.1122217178344727
2.734661102294922,3.249061107635498
2.1297454833984375,2.986609935760498
2.4114370346069336,8.07102918624878
1.2648701667785645,6.12797737121582
-3.9770007133483887,8.20387601852417
-1.4586210250854492,10.411179065704346
4.183566570281982,7.981109619140625
7.881641387939453,13.835012912750244
6.442415714263916,6.239986419677734
9.199988842010498,10.167992115020752
5.316305160522461,6.137692928314209
4.412174224853516,4.022026062011719
2.5593161582946777,3.455829620361328
6.151056289672852,-1.1518359184265137
4.440569877624512,-2.668297290802002
4.0438055992126465,-5.131125450134277
-0.5613565072417259,-10.454070568084717
-3.8094282150268555,-3.8506269454956055
-4.974031448364258,-7.649493217468262
-5.769813060760498,-5.653071403503418
-4.991137981414795,-5.145299434661865
2.5438308715820312,-6.025087833404541
0.24285320192575455,-4.587852954864502
-2.8935670852661133,-1.0146021842956543
-2.9738426208496094,0.20520690828561783
-3.741133213043213,2.2844552993774414
-8.473718166351318,2.242565155029297
-2.9417991638183594,-1.9703269004821777
1.134634017944336,-0.4977821931242943
3.8785576820373535,0.1789689064025879
0.04196169786155224,-5.04838228225708
0.130808399990201,-1.1827825754880905
-1.5692472457885742,-1.6510367393493652
-2.940952777862549,-6.941580772399902
-3.810739517211914,-3.323042392730713
3.667473793029785,-2.6842236518859863
4.349124431610107,-0.6783843040466309
2.2942662239074707,0.7321596145629883
0.04937650170177221,-3.6757469177246094
-0.6809114664793015,-1.4245033264160156
-2.662670612335205,4.562723636627197
0.22747520357370377,1.4517426490783691
2.4406909942626953,3.906571865081787
4.225337505340576,2.0093679428100586
0.913083627820015,0.751030370593071
-2.1645545959472656,3.3874988555908203
-7.343626022338867,-0.5120277032256126
-5.3957343101501465,-0.42110681533813477
-6.606173515319824,-2.1797776222229004
-2.134847640991211,-1.8688559532165527
3.8742661476135254,-3.379380702972412
2.5519967079162598,-5.5365681648254395
-2.345287799835205,-6.260967254638672
-0.8797287940979004,-8.685100078582764
-4.772937297821045,-8.984231948852539
-5.520391464233398,-7.917284965515137
-0.11981730349361897,-7.803356647491455
-1.132655069231987,2.632427215576172
-8.664214611053467,1.5516161918640137
1.4194011688232422,3.592550754547119
1.1211752891540527,-0.0023006999981589615
-4.190301895141602,1.8449664115905762
2.274024486541748,8.435237407684326
10.821080207824707,9.991490840911865
-1.788008213043213,6.386137008666992
-4.472386837005615,4.611623287200928
3.576648235321045,4.423284530639648
2.129054069519043,7.96734094619751
2.900838851928711,5.487632751464844
7.667148113250732,5.479848384857178
7.16172456741333,-0.5340338125824928
1.6129136085510254,-4.371392726898193
-2.8395891189575195,-3.700137138366699
0.05277399905025959,-2.007126808166504
3.021883964538574,0.7728815078735352
0.42399171739816666,1.829206943511963
-1.4208197593688965,-5.33519983291626
2.170431613922119,-6.419205665588379
-3.7836074829101562,-5.022430419921875
-10.667705535888672,-1.719975471496582
-0.44683221727609634,0.8609890937805176
4.5952558517456055,0.8653997629880905
0.547647513449192,-1.7938971519470215
-0.9360908716917038,-2.0511388778686523
5.458545684814453,-0.03126859897747636
1.5770316123962402,-1.8017292022705078
-3.986644744873047,0.3464460000395775
-3.3293962478637695,0.9078145027160645
2.706623077392578,-1.873314380645752
-0.32067298889160156,2.0211338996887207
-4.723525047302246,4.241073131561279
-1.879584789276123,-1.2790203094482422
1.1617183685302734,1.075136736035347
-3.886079788208008,-4.6117424964904785
-4.593014717102051,-2.9276132583618164
5.1300048828125,0.28284789994359016
0.0822663027793169,-0.39103031158447266
-3.433692455291748,1.1747360229492188
-1.0906816273927689,2.9503464698791504
2.0601630210876465,-2.3734331130981445
-0.6557703018188477,1.5750646591186523
2.2390246391296387,5.274105072021484
9.186375141143799,4.253101348876953
2.492356300354004,5.5933356285095215
-0.9542465209960938,4.635322093963623
5.677735805511475,2.4929404258728027
1.9594430923461914,4.744589328765869
0.45996900647878647,4.222726821899414
6.355476379394531,2.5781631469726562
3.3965349197387695,3.9815545082092285
-3.3710837364196777,3.560340404510498
-0.587153397500515,-1.1616826057434082
-3.3544182777404785,0.4321455955505371
-4.526567459106445,1.9511699676513672
0.7951260358095169,2.0189642906188965
3.5874009132385254,1.2972831726074219
1.2533187866210938,-2.878260612487793
4.056692123413086,-3.1151413917541504
2.876460552215576,-0.30095579102635384
0.196766909211874,1.159501075744629
0.10089869610965252,2.228868007659912
2.926039695739746,0.6015897169709206
2.757382392883301,-3.0774950981140137
5.333518981933594,0.3170013055205345
7.505834102630615,2.026820182800293
4.38542366027832,4.85299825668335
-0.4435062035918236,3.9070844650268555
-1.380157470703125,-3.589153289794922
-3.740203380584717,3.349423408508301
-4.803752899169922,2.3740291595458984
-3.355705738067627,3.089118003845215
-4.966938495635986,2.098667621612549
-3.7492871284484863,1.5260577201843262
-3.747987747192383,2.429521083831787
-4.324042797088623,1.7502188682556152
-3.350043296813965,1.2413859367370605
-2.2486329078674316,2.2667646408081055
1.8169045448303223,3.4849047660827637
0.8733987808227539,1.8541693687438965
1.483607292175293,1.067805290222168
1.2857675552368164,4.217219352722168
0.7392405718564987,0.11221170425415039
-2.502906322479248,3.0131936073303223
-0.9060978889465332,1.9611835479736328
2.7872681617736816,-0.152742899954319
2.313351631164551,-0.055766100995242596
1.3489842414855957,0.663447380065918
1.0711669921875,0.26873350143432617
0.9765982627868652,-1.0358809679746628
-5.372345447540283,-4.045009613037109
-6.437420845031738,-6.566762924194336
-0.3031492047011852,-3.5120487213134766
0.8632063865661621,-4.840195178985596
-2.5960803031921387,-4.98729944229126
-3.0336737632751465,-4.535412788391113
-1.7832279205322266,-3.412187099456787
-3.4446120262145996,-3.693664073944092
-3.693056106567383,-3.3290743827819824
-3.187429904937744,-2.1896004676818848
0.8340597152709961,1.0642170906066895
3.119349479675293,-1.2281298637390137
-1.6164779663085938,1.938331127166748
3.930938243865967,0.5379914864897728
6.8778157234191895,2.960824966430664
-0.5177617073059082,4.857730865478516
-2.8326034545898438,3.287386894226074
8.491158485412598,2.9491186141967773
3.4737706184387207,0.3239154815673828
1.264941692352295,-0.5302906036376953
7.540690898895264,4.170370101928711
11.776137351989746,1.6097187995910645
-6.596362590789795,-0.08155110292136669
-1.1002898216247559,-2.771937847137451
1.242220401763916,-2.2492408752441406
-1.5157341957092285,-1.3528108596801758
-5.5060505867004395,-3.5655975341796875
-2.1944642066955566,2.432072162628174
5.113732814788818,-3.982710838317871
-12.680518627166748,2.719748020172119
-2.993190288543701,-2.009415626525879
-1.2374401092529297,4.045140743255615
-0.42296651750802994,3.433072566986084
-10.730373859405518,0.3226637840270996
-0.986480712890625,-1.2866616249084473
-2.9380202293395996,4.546153545379639
-3.6116480827331543,1.9822239875793457
-1.0660648345947266,2.621793746948242
0.8183717727661133,1.8510222434997559
4.379987716674805,-8.27951431274414
4.123127460479736,-4.638326168060303
-0.17620330676436424,-7.278788089752197
2.137577533721924,-6.655728816986084
3.9517760276794434,-3.6201119422912598
-1.6488075256347656,-10.223078727722168
-3.8214802742004395,-12.366199493408203
4.057502746582031,-10.073447227478027
-0.6537199020385742,-8.483731746673584
-2.9045462608337402,-6.309878826141357
-7.902765274047852,-5.922055244445801
-5.105710029602051,-8.833849430084229
-4.303956031799316,-5.190598964691162
-10.116004943847656,-5.763483047485352
-2.8194665908813477,2.745366096496582
0.5823731049895287,-1.0268927365541458
-4.442775249481201,2.272820472717285
-5.93569278717041,1.0226011276245117
1.5278220176696777,5.099833011627197
-1.4253616333007812,11.89206838607788
7.364213466644287,9.424054622650146
7.824099063873291,9.991729259490967
8.075857162475586,7.0481181144714355
5.766642093658447,5.553317070007324
6.860482692718506,9.561765193939209
3.1974196434020996,7.17005729675293
5.390477180480957,11.451578140258789
5.282294750213623,6.3132643699646
5.865204334259033,5.079150199890137
2.833425998687744,4.007935523986816
3.9046883583068848,-1.327657699584961
-4.068875312805176,1.1124610900878906
2.0942211151123047,0.11948349885642529
-0.2648353949189186,-0.5358577147126198
-6.135225296020508,-2.587461471557617
-1.314687728881836,-4.489028453826904
2.25752592086792,-7.693791389465332
-7.353413105010986,-7.7826619148254395
0.21524429321289062,-6.257688999176025
-0.3062844090163708,-4.575252532958984
-7.452809810638428,-2.2663235664367676
-6.107056140899658,-3.448772430419922
-2.745366096496582,-0.644838809967041
-7.880270481109619,0.8412480354309082
-1.0960937291383743,4.322481155395508
1.9212961196899414,4.908657073974609
5.376577377319336,4.133892059326172
0.9116411209106445,6.677103042602539
-0.9432076662778854,6.501102447509766
-5.127513408660889,8.513283729553223
-5.298781394958496,10.36137342453003
-0.6407260894775391,7.0015668869018555
9.643304347991943,6.737911701202393
10.660219192504883,5.329537391662598
8.729708194732666,6.151282787322998
10.895216464996338,7.458841800689697
6.67572021484375,1.4370441436767578
-0.9996532648801804,-0.4160046949982643
3.9525866508483887,-4.422736167907715
5.249953269958496,-2.882564067840576
6.042885780334473,-2.9439568519592285
0.5988597869873047,-1.9549369812011719
-1.2016057968139648,-5.201685428619385
-2.643895149230957,-6.14553689956665
-4.7039031982421875,-7.562601566314697
-5.63509464263916,-5.267429351806641
-2.0190000534057617,-3.360915184020996
-0.9853720664978027,-2.4180054664611816
-4.152631759643555,-6.1969757080078125
-4.7096967697143555,-2.002847194671631
-3.247225284576416,-1.6954779624938965
-3.834664821624756,-0.818479135632515
-2.5768518447875977,-1.2112140655517578
0.48965219408273697,-4.784142971038818
0.0805496983230114,-4.793941974639893
-1.1972784996032715,-4.247629642486572
-0.23038389161229134,-3.255951404571533
1.8059730529785156,-2.0665884017944336
0.201642494648695,-3.2453417778015137
0.3278851881623268,-6.1913371086120605
-0.0190139003098011,-5.148470401763916
-1.7202377319335938,-1.7763614654541016
-3.250575065612793,2.9778361320495605
-0.8825302124023438,5.116820335388184
0.7395625114440918,4.818987846374512
3.291034698486328,5.903327465057373
0.7155776023864746,4.772603511810303
2.3004770278930664,7.488107681274414
-2.352631092071533,4.983723163604736
-1.1774898320436478,3.216993808746338
0.2973317913711071,3.6521077156066895
-1.427757740020752,2.3702502250671387
-1.7308354377746582,2.402472496032715
-0.7977724075317383,0.313413105905056
-5.495011806488037,-3.938448429107666
-9.344935417175293,-4.207313060760498
-6.165039539337158,-8.070135116577148
-2.7854442596435547,-6.7906975746154785
-4.175925254821777,-7.60728120803833
-0.21566150709986687,-7.610416412353516
3.7436962127685547,-9.579741954803467
3.0306100845336914,-10.145854949951172
-1.9475579261779785,-6.85575008392334
1.6837835311889648,-6.47432804107666
5.0742387771606445,-1.3734817504882812
2.511262893676758,-3.0100464820861816
2.225363254547119,0.6207466125488281
4.751896858215332,7.780814170837402
4.4564127922058105,7.638442516326904
2.2119641304016113,8.525383472442627
0.9806036949157715,5.997860431671143
-0.7935404777526855,3.74295711517334
-2.629578113555908,9.642994403839111
-6.163668632507324,7.995867729187012
-11.287879943847656,7.320570945739746
-2.597951889038086,6.154656410217285
-3.9429783821105957,2.153134346008301
-0.4888058081269264,-1.1335968971252441
5.577850341796875,-0.006043899920769036
5.5809855461120605,-1.6336441040039062
-3.883528709411621,-4.408419132232666
-0.22596120834350586,-3.170657157897949
2.921772003173828,-8.616721630096436
1.724410057067871,-7.661139965057373
5.6800007820129395,-6.194329261779785
11.704885959625244,-4.159748554229736
5.501794815063477,-6.648707389831543
2.3998260498046875,-3.3283591270446777
-0.9748578071594238,-4.412400722503662
5.296766757965088,-0.6098628044128418
3.7718653678894043,2.2156119346618652
3.749966621398926,-0.5448698997497559
1.5074849128723145,1.5758633613586426
-2.659463882446289,1.9388198852539062
-11.404907703399658,1.9971609115600586
-8.525657653808594,8.842051029205322
-7.331478595733643,3.4163713455200195
-7.8151702880859375,2.0600318908691406
-4.613471031188965,0.06580349989235401
-4.320192337036133,-2.346789836883545
-8.039021492004395,1.6429781913757324
-2.9745936393737793,0.33686161041259766
-4.458189010620117,-3.482377529144287
-3.5847067832946777,-1.6614794731140137
3.6418557167053223,-3.873109817504883
5.679714679718018,-1.9391179084777832
3.5018324851989746,3.394901752471924
2.8647303581237793,4.928708076477051
5.738317966461182,3.2427072525024414
8.255207538604736,3.9743661880493164
7.316696643829346,3.7297606468200684
11.14276647567749,4.35636043548584
10.838067531585693,9.25511121749878
4.724454879760742,5.367481708526611
2.643120288848877,2.8439760208129883
0.48961639404296875,3.7182211875915527
1.0272026062011719,-0.3830552101135254
4.110980033874512,1.9957304000854492
-1.1215686798095703,0.3970981016755104
-2.321743965148926,0.10457039810717106
-5.659008026123047,-1.9725561141967773
-10.001623630523682,-5.340981483459473
-8.758044242858887,-2.387237548828125
-3.400564193725586,-1.1756181716918945
-0.8179544657468796,-2.527904510498047
0.7176876068115234,-2.051424980163574
1.6143321990966797,-5.020248889923096
0.2432107925415039,-1.9751548767089844
0.3050326928496361,2.460658550262451
1.1895418167114258,3.053748607635498
4.825961589813232,4.918789863586426
7.798707485198975,4.86454963684082
9.351205825805664,2.1489381790161133
5.892503261566162,3.1375527381896973
5.290162563323975,8.133292198181152
3.4676313400268555,4.3820977210998535
-1.376485824584961,4.448854923248291
-2.4402618408203125,2.4586915969848633
2.8667807579040527,-2.449655532836914
3.606104850769043,-0.0020623000455088913
-5.278611183166504,0.3381491079926491
-4.241502285003662,-3.7911534309387207
-4.150629043579102,-0.32225850969552994
-13.337862491607666,-2.3125052452087402
-10.397756099700928,-1.4375567436218262
-0.24453399702906609,0.43281320482492447
-0.9944915771484375,-0.7332683354616165
-3.889954090118408,-1.1986494064331055
2.270174026489258,0.7166385650634766
-2.3322105407714844,2.795720100402832
-5.421924591064453,-0.5295157060027122
-2.5379419326782227,2.013885974884033
1.6243815422058105,-0.46367648988962173
5.134797096252441,-0.9691596031188965
6.181859970092773,2.331054210662842
6.560122966766357,-2.439391613006592
4.141640663146973,-1.4761805534362793
-0.9531260281801224,-0.5253196135163307
-2.0600080490112305,-3.166675567626953
-2.7617931365966797,-3.651106357574463
2.1817803382873535,-1.6815185546875
1.679837703704834,-5.150759220123291
2.772355079650879,-2.9750585556030273
-1.0694622993469238,0.6828069686889648
-3.777801990509033,-3.450000286102295
-7.650935649871826,0.27288200333714485
-3.816688060760498,0.574195384979248
0.666964128613472,-1.3147234916687012
-1.1670231819152832,1.7343640327453613
-0.42743679136037827,2.573704719543457
-0.21229980513453484,2.603471279144287
-3.861725330352783,3.644990921020508
-6.84584379196167,4.224109649658203
4.691338539123535,-0.1079798024147749
-0.8762360364198685,5.6085944175720215
3.987765312194824,2.105116844177246
6.001722812652588,0.6168127059936523
3.9336085319519043,0.2820252999663353
-2.953064441680908,-2.8827667236328125
5.66791296005249,-3.158891201019287
0.8768081665039062,0.0023126999440137297
1.2171149253845215,-3.5446882247924805
-2.840244770050049,-3.729248046875
1.699531078338623,-3.4275174140930176
-3.251934051513672,-6.384515762329102
-5.5182695388793945,-1.8908381462097168
0.15417340211570263,-2.1869897842407227
0.3981471061706543,1.156926229596138
4.103994369506836,-1.0422825813293457
-6.310033798217773,1.5098333358764648
-0.19747020676732063,-0.32874349504709244
-3.4083962440490723,4.393959045410156
-0.04808899946510792,1.8286943435668945
-2.205932140350342,4.7702789306640625
4.694008827209473,0.1162886992096901
2.3607730865478516,0.7804989814758301
0.3717302903532982,-2.2401928901672363
-5.685436725616455,-1.7856478691101074
-0.518643893301487,1.2173891067504883
-0.8879780769348145,-2.760457992553711
-0.8779644966125488,-3.1270742416381836
-1.991713047027588,-7.716381549835205
3.080308437347412,-8.201408386230469
-5.966329574584961,-5.7663679122924805
-5.15519380569458,-8.043825626373291
-3.9119601249694824,-8.386397361755371
-1.802206039428711,-10.858321189880371
-5.19871711730957,-11.773896217346191
-3.157627582550049,-9.010684490203857
-2.399921417236328,-3.296232223510742
-0.07416009902954102,-4.4358015060424805
-2.7616381645202637,-5.71054220199585
1.6090869903564453,-4.836368560791016
6.039631366729736,-2.0321249961853027
6.16755485534668,2.1353960037231445
-2.4457335472106934,9.247040748596191
3.084290027618408,5.84101676940918
7.647395133972168,7.494521141052246
4.9796342849731445,5.8840155601501465
6.807279586791992,8.679628372192383
12.708115577697754,7.490348815917969
2.483201026916504,9.52763557434082
-5.964672565460205,5.744636058807373
-2.2298693656921387,7.454991340637207
1.782667636871338,5.737805366516113
-1.725304126739502,4.839611053466797
5.833220481872559,3.7124276161193848
4.212009906768799,2.572500705718994
-3.3197760581970215,-0.8451222628355026
-2.0999789237976074,0.6408215314149857
-2.016270160675049,-0.5754351988434792
-5.411791801452637,-2.368009090423584
0.5343914031982422,-2.244853973388672
3.4850478172302246,-8.143556118011475
-2.9566407203674316,-7.396233081817627
-3.200054168701172,-4.170441627502441
1.74180269241333,-1.8732428550720215
1.0876060277223587,-0.2405047044157982
-2.515435218811035,-0.6384015083312988
1.3767719268798828,-1.1225104331970215
2.8487682342529297,-0.5690813064575195
-5.393862724304199,3.8463950157165527
-4.447793960571289,4.6376824378967285
1.6394734382629395,8.545279502868652
-2.2782206535339355,5.939579010009766
1.9240736961364746,5.4358720779418945
5.638253688812256,4.3979644775390625
1.2964367866516113,4.001116752624512
-2.9515862464904785,3.853023052215576
-1.6463756561279297,5.988752841949463
1.8567085266113281,4.302036762237549
4.918849468231201,2.1622657775878906
8.083462715148926,-0.30560489743947983
8.8126540184021,-0.4624724015593529
6.779670715332031,-4.196667671203613
0.6872416287660599,-2.111804485321045
-4.235601425170898,-4.416549205780029
-2.277493476867676,-3.9439916610717773
3.3065319061279297,-2.70383358001709
6.596505641937256,-3.8454532623291016
2.048373222351074,-5.059337615966797
2.1467208862304688,-5.1384806632995605
0.025367699563503265,-7.059228420257568
-3.605365753173828,-5.758428573608398
-6.7588210105896,2.391362190246582
3.1185030937194824,2.4008750915527344
4.558002948760986,-0.3515481948852539
-2.173316478729248,1.6486287117004395
-2.6303768157958984,-1.8741846084594727
1.3925671577453613,-2.0434141159057617
-9.153604507446289,0.49937959760427475
-8.956623077392578,-1.26953125
2.512967586517334,-0.7256268709897995
-4.642462730407715,-2.1092653274536133
-7.122504711151123,-5.2202582359313965
0.638878270983696,-4.901468753814697
-4.801571369171143,-0.7287740707397461
-4.068970680236816,-3.339874744415283
-0.8315206319093704,-2.382493019104004
0.9462714195251465,-2.5546908378601074
0.7720828056335449,-1.9880056381225586
5.6844353675842285,-0.42511221021413803
5.305778980255127,-1.8401145935058594
2.715730667114258,-0.8576869964599609
6.17138147354126,-0.5355954170227051
4.006898403167725,-1.2348651885986328
-0.03453490091487765,4.025018215179443
4.665744304656982,5.695629119873047
4.043138027191162,6.711697578430176
3.070354461669922,6.242895126342773
0.9636402130126953,0.5630731955170631
1.7410993576049805,-0.003671600134111941
-0.9705781936645508,2.4269700050354004
-8.978581428527832,0.15099049545824528
-0.7930756360292435,0.6061792001128197
-5.273950099945068,-3.87650728225708
-10.285758972167969,-9.1194748878479
-1.7175793647766113,-8.011031150817871
0.7408261299133301,-7.184028625488281
-8.840477466583252,-9.242379665374756
-9.011375904083252,-5.9746503829956055
-9.668195247650146,-1.8406391143798828
-4.6408891677856445,-4.668974876403809
0.7936239242553711,2.8350114822387695
6.309211254119873,1.6418933868408203
11.160719394683838,2.0298361778259277
6.67109489440918,7.057332992553711
-3.9647579193115234,6.2249064445495605
-5.188798904418945,7.6299309730529785
0.11798139661550522,12.074899673461914
1.6692519187927246,10.760021209716797
12.90515661239624,9.402942657470703
17.70092248916626,7.318592071533203
6.439042091369629,4.185152053833008
-0.11036399751901627,3.1285643577575684
2.491140365600586,2.443230152130127
-8.423233032226562,1.9176006317138672
-1.6580939292907715,-4.938244819641113
3.6823630332946777,-4.472446441650391
1.6204595565795898,-8.270156383514404
-3.0562758445739746,-8.883976936340332
-3.0066609382629395,-8.655202388763428
-11.607766151428223,-11.255085468292236
-8.195412158966064,-7.213020324707031
-1.6289710998535156,-7.6454997062683105
4.481375217437744,-8.661329746246338
2.958667278289795,-7.1473002433776855
4.6059250831604,-3.004586696624756
-3.115260601043701,-0.9453058242797852
-7.083332538604736,4.845571517944336
-5.729103088378906,6.27899169921875
-3.24324369430542,8.53424072265625
2.065908908843994,7.651269435882568
6.920146942138672,10.388350486755371
1.812577247619629,5.259311199188232
-0.14768839813768864,4.724419116973877
-4.264736175537109,5.489206314086914
-2.742457389831543,1.1488795280456543
-0.43795108795166016,2.948582172393799
0.12676719576120377,1.2894630432128906
10.192275047302246,-5.275273323059082
7.503843307495117,-3.981184959411621
-1.527857780456543,-5.982398986816406
2.89914608001709,-6.69093132019043
-0.80093152821064,-3.1950950622558594
-4.678797721862793,-6.448459625244141
6.088554859161377,-4.850161075592041
9.721767902374268,-4.710674285888672
1.7974495887756348,-3.585696220397949
3.107941150665283,-2.1709084510803223
2.4781227111816406,3.3263206481933594
-6.4595818519592285,2.7858853340148926
-2.5400757789611816,2.8614044189453125
0.006508799851872027,3.6163806915283203
-1.201164722442627,5.973613262176514
0.8464813232421875,6.082344055175781
-0.9266375750303268,6.526815891265869
-7.217168807983398,3.912341594696045
-3.2870054244995117,6.874394416809082
0.3408193960785866,5.335903167724609
-1.9330859184265137,1.136481836438179
4.694724082946777,3.8184642791748047
9.906184673309326,0.7523655891418457
7.020747661590576,0.540924109518528
5.615293979644775,0.7363557815551758
7.6341986656188965,-0.574183501303196
4.894256591796875,0.1762389950454235
5.841386318206787,-0.5289435014128685
6.632113456726074,0.11124609969556332
3.0661821365356445,0.1002431008964777
2.4623990058898926,-1.4234066009521484
-1.5904903411865234,-1.7405509948730469
-6.626486778259277,-1.7417192459106445
-1.743924617767334,0.0316977989859879
-4.803967475891113,1.0108470916748047
-6.48345947265625,-1.6595244407653809
-2.352893352508545,-0.23246999830007553
-2.3496389389038086,2.119743824005127
-7.782018184661865,0.5589127913117409
-3.397655487060547,1.1824368685483932
-5.1245808601379395,3.7230610847473145
-2.698802947998047,4.3000102043151855
0.7396221160888672,5.622828006744385
-0.3778338059782982,6.241703033447266
-0.56304931640625,1.7048001289367676
2.253997325897217,5.778801441192627
-1.0706306248903275,5.5261969566345215
2.169370651245117,1.8712878227233887
3.469061851501465,5.527472496032715
6.665444374084473,2.503359317779541
7.0473432540893555,-3.1655311584472656
5.273532867431641,-4.62338924407959
0.9454845637083054,-3.1635284423828125
0.1341343019157648,-4.313385486602783
-6.275951862335205,0.6415843963623047
-3.488337993621826,-4.44636344909668
-0.2926469035446644,-5.585289001464844
2.689051628112793,-4.621779918670654
-0.7927299290895462,-3.682875633239746
1.287543773651123,-3.7927985191345215
-6.502676010131836,0.8321642875671387
-9.03555154800415,-4.57148551940918
-8.47635269165039,-2.0328164100646973
-2.5682568550109863,-1.7376899719238281
-2.058267593383789,0.310516394674778
1.9547820091247559,1.058960035443306
-0.4872322082519531,1.9674897193908691
-0.1590133085846901,-0.023603399749845266
-5.563926696777344,0.9462714195251465
0.1466751005500555,0.2134561911225319
3.220701217651367,-0.03222229890525341
4.60507869720459,-1.2717127799987793
5.073130130767822,-1.0270000249147415
8.302116394042969,-1.6605496406555176
3.3548951148986816,-1.054680272936821
3.0603885650634766,-1.834726333618164
7.19606876373291,-0.5748271942138672
5.7614922523498535,-3.283083438873291
4.009008407592773,-2.9105782508850098
-0.8078932762145996,-2.9355287551879883
-2.8297901153564453,2.501046657562256
-0.8457779884338379,-1.4282584190368652
-7.397091388702393,3.8991689682006836
-5.139279365539551,-0.5200028046965599
-5.0025224685668945,2.878856658935547
-4.119300842285156,-0.01562829944305122
-12.671339511871338,1.7901420593261719
-2.4158358573913574,1.788496971130371
-4.171311855316162,2.2814393043518066
-4.031181335449219,0.4560350999236107
-3.816211223602295,1.658475399017334
3.4536242485046387,-0.5206822976469994
-1.0288357734680176,-2.3572444915771484
0.36367181688547134,-4.564118385314941
2.6190638542175293,-9.352350234985352
3.920876979827881,-4.9416303634643555
2.8136372566223145,-5.842113494873047
2.3729681968688965,-4.772615432739258
3.5936713218688965,-5.171048641204834
4.180324077606201,-7.7205657958984375
4.497265815734863,-12.017881870269775
0.7027267664670944,-10.46130657196045
-0.8993030339479446,-13.876807689666748
-4.756009578704834,-11.04367971420288
-5.834019184112549,-6.372714042663574
-9.791553020477295,-7.10524320602417
-3.6757707595825195,-3.364729881286621
-1.5455961227416992,-2.5466084480285645
-0.2863169088959694,-2.7945399284362793
-1.8805146217346191,1.773667335510254
1.5082001686096191,7.500720024108887
-0.888371467590332,7.984042167663574
0.6147265061736107,12.19264268875122
1.805436611175537,13.909506797790527
12.252271175384521,11.806607246398926
5.617380142211914,12.914419174194336
1.3247132301330566,13.032138347625732
3.671586513519287,13.147997856140137
6.046080589294434,14.397609233856201
-1.7732501029968262,9.804189205169678
7.060337066650391,7.165741920471191
7.230687141418457,4.837381839752197
2.457129955291748,2.9233574867248535
-0.9729623794555664,-0.9824038296937943
2.0327091217041016,-2.74965763092041
-4.189789295196533,-5.090439319610596
-0.7194281369447708,-5.742430686950684
3.6340951919555664,-7.708954811096191
1.818680763244629,-9.295868873596191
1.169574335217476,-12.258327007293701
3.8439512252807617,-10.803830623626709
-4.688370227813721,-7.535815238952637
-5.172169208526611,-1.7092585563659668
-1.9217729568481445,-3.7624478340148926
-0.250625591725111,-5.154025554656982
-4.16569709777832,-2.2313833236694336
-3.1464099884033203,-0.1749991998076439
-0.9713053703308105,4.215753078460693
-6.120336055755615,5.572032928466797
-5.485725402832031,7.355296611785889
1.9143104553222656,9.229648113250732
0.3641008958220482,10.181701183319092
-2.216494083404541,13.107562065124512
0.8198738098144531,12.183678150177002
1.7818570137023926,8.696317672729492
2.656388282775879,7.362115383148193
6.7769646644592285,8.302807807922363
14.658427238464355,6.1815619468688965
9.929382801055908,6.738710403442383
7.871687412261963,3.1522274017333984
8.397984504699707,-2.077329158782959
5.293083190917969,0.39151910692453384
3.327763080596924,-3.9369940757751465
2.539491653442383,-2.16214656829834
-1.3132572174072266,-3.1779885292053223
-2.2705912590026855,-8.934175968170166
-6.030786037445068,-8.088529109954834
-8.842015266418457,-9.869980812072754
-7.2548747062683105,-5.672597885131836
-2.65505313873291,-3.4708499908447266
-4.0395379066467285,-4.764032363891602
-5.969071388244629,-5.05373477935791
-2.8731822967529297,-2.4834275245666504
-3.896665573120117,-1.185142993927002
-3.854215145111084,1.2454748153686523
2.184736728668213,1.0583162307739258
-0.09703639894723892,-2.067232131958008
-2.9317140579223633,-1.106870174407959
-0.1090169046074152,0.6031275168061256
-1.4183521270751953,1.3292670249938965
-3.3272385597229004,0.8040428161621094
2.290177345275879,-1.7977356910705566
4.516303539276123,-3.305506706237793
2.1300911903381348,-0.2731442078948021
2.2661328315734863,-0.8036971092224121
1.9848108291625977,2.7945637702941895
-1.0535836219787598,-1.7028450965881348
-2.2880196571350098,-3.449714183807373
1.8088579177856445,-2.8206467628479004
5.799663066864014,-2.4892330169677734
1.8957853317260742,0.08006099611520767
2.5873780250549316,2.198207378387451
2.0507097244262695,-0.09020569734275341
-0.8193612098693848,0.30454400926828384
-5.2204132080078125,0.25386810302734375
-6.143760681152344,-3.373229503631592
-2.394235134124756,0.07772449869662523
-1.8219590187072754,-2.9119133949279785
-7.758617401123047,-4.8130035400390625
-3.991997241973877,-4.630887508392334
0.8255124092102051,-5.182373523712158
-5.610668659210205,-4.6521782875061035
-3.115105628967285,-4.3766021728515625
-1.8864631652832031,-6.745719909667969
-2.751433849334717,-7.345938682556152
-4.177653789520264,-8.393025398254395
-0.8995770663022995,0.2879023924469948
-3.05025577545166,3.613436222076416
8.247888088226318,0.21129850298166275
4.002344608306885,0.8487582206726074
4.631137847900391,1.9793510437011719
10.532104969024658,6.388747692108154
7.954990863800049,8.874380588531494
-0.8003115653991699,6.193876266479492
1.238095834851265,6.795835494995117
4.233348369598389,7.984328269958496
0.7190465927124023,7.68589973449707
3.3097028732299805,4.9324631690979
7.397162914276123,4.833412170410156
-2.782273292541504,-0.6894946098327637
-5.427110195159912,-3.4810900688171387
-5.1824212074279785,0.4870771989226341
-4.128456115722656,-2.1271824836730957
-3.794705867767334,-1.1141180992126465
1.169121265411377,-1.1150599271059036
-0.3641008958220482,-6.566131114959717
-5.069994926452637,-5.219924449920654
-6.614196300506592,-3.9247870445251465
-2.3638367652893066,-6.411409378051758
0.48809051513671875,1.7724275588989258
3.325343132019043,-0.06203650031238794
8.495879173278809,-2.0360589027404785
5.370485782623291,0.4482864961028099
1.9971847534179688,-2.016472816467285
2.4720191955566406,3.499460220336914
1.9486546516418457,7.025814056396484
0.10220999829471111,5.239593982696533
-0.6166576966643333,6.7535400390625
2.102780342102051,3.310525417327881
-1.525723934173584,3.108954429626465
-3.7598490715026855,-0.18210409209132195
-7.296133041381836,2.562260627746582
-3.7853240966796875,-0.20862819626927376
-6.687033176422119,-2.35898494720459
-4.320693016052246,-3.154909610748291
1.0269880294799805,-7.989931106567383
1.0916590690612793,-5.351912975311279
-5.111122131347656,-3.9989233016967773
-3.5587549209594727,-3.0098438262939453
0.2799510955810547,-2.0607948303222656
0.864875316619873,-0.33085349947214127
1.9909262657165527,2.083301544189453
9.947586059570312,5.667352676391602
8.500981330871582,6.594729423522949
3.1684041023254395,5.358588695526123
3.5183072090148926,4.361772537231445
6.760931015014648,7.5101494789123535
4.029583930969238,7.830202579498291
1.7809867858886719,10.603117942810059
2.8461575508117676,5.239319801330566
2.3168563842773438,2.5615811347961426
-5.679821968078613,2.0195484161376953
-2.3982763290405273,3.9588093757629395
-1.1572123318910599,2.5397777557373047
-3.194606304168701,0.23002620786428452
-0.751960277557373,-3.6247968673706055
2.199423313140869,-5.624520778656006
0.962066724896431,-5.136537551879883
0.19119979813694954,-0.7417560368776321
4.489290714263916,-2.4414420127868652
0.3980278968811035,-2.2869348526000977
3.365910053253174,-3.701913356781006
7.147693634033203,-2.3774147033691406
3.68344783782959,-0.7074593752622604
0.8832693099975586,2.8449654579162598
2.2464394569396973,1.3411760330200195
-1.1342406272888184,1.0712028294801712
-2.9510140419006348,2.0420432090759277
-0.2859592065215111,1.618492603302002
0.8501172065734863,4.0627360343933105
-1.2091994285583496,3.175806999206543
-1.8617868423461914,-0.133514404296875
-0.6831765174865723,0.7233142852783203
-4.580819606781006,1.3221144676208496
1.7368793487548828,3.511488437652588
3.287684917449951,3.9197683334350586
-3.423738479614258,4.610586166381836
0.7546901702880859,1.0477781295776367
0.6544827669858932,3.170347213745117
-4.0724873542785645,3.321707248687744
-0.3050684928894043,4.917716979980469
5.346524715423584,5.311703681945801
-0.42744871228933334,3.2228946685791016
-4.465043544769287,0.6607413291931152
0.5756140127778053,1.3692736625671387
-0.40274858474731445,0.28933290392160416
-4.138767719268799,-1.474606990814209
0.20756719633936882,-1.9121408462524414
-0.047290301881730556,-5.1047444343566895
-2.2507548332214355,-5.454421043395996
-6.358623504638672,-5.187737941741943
-1.62276029586792,-4.691767692565918
-0.48477649688720703,-5.3177714347839355
0.23775100708007812,-6.15309476852417
0.6856322288513184,-3.661978244781494
2.631807327270508,-4.662740230560303
0.48573020845651627,-2.2204995155334473
-9.560394287109375,-2.5447964668273926
-7.269954681396484,0.07641320116817951
-0.522911511361599,4.489421844482422
5.303847789764404,-1.7248988151550293
0.7215260714292526,1.3863563537597656
12.396407127380371,0.8446096628904343
4.019880294799805,4.298090934753418
-6.113648414611816,4.17633056640625
-9.676086902618408,2.275204658508301
0.6325244903564453,1.0908126831054688
0.32216310501098633,-0.28291940689086914
12.111353874206543,1.1023163795471191
9.904170036315918,2.215290069580078
9.93725061416626,-0.695645809173584
-1.7069339752197266,0.2539991959929466
-7.859337329864502,-3.4206390380859375
-4.5822978019714355,-3.3711910247802734
0.6876944750547409,3.380155563354492
3.6980271339416504,-2.941417694091797
3.478872776031494,0.00693799986038357
1.0665178298950195,2.483844757080078
-7.623898983001709,-0.861203670501709
-10.697782039642334,2.458500862121582
-12.476515769958496,5.376541614532471
-7.1321845054626465,1.423048973083496
-1.3737916946411133,3.9747238159179688
1.995408535003662,-0.9779930114746094
1.2815237045288086,-3.516829013824463
0.06698369979858398,0.7813096046447754
-5.227398872375488,2.5148749351501465
-2.4075865745544434,-4.924213886260986
-0.945281982421875,-4.825031757354736
6.640756130218506,-9.144830703735352
6.227505207061768,-10.165202617645264
5.67244291305542,-4.356288909912109
-0.8439301699399948,-7.882297039031982
0.6186008080840111,-8.666694164276123
-7.331299781799316,-7.555437088012695
-2.526366710662842,-10.336291790008545
-0.5590320006012917,-7.249295711517334
0.9374141693115234,-5.853569507598877
-10.475480556488037,-7.5946807861328125
-7.16472864151001,-3.858780860900879
-7.033050060272217,-2.604341506958008
-6.996250152587891,-0.852513313293457
-4.800832271575928,4.137110710144043
2.759110927581787,1.072835922241211
2.423369884490967,5.877208709716797
0.5319714918732643,5.084681510925293
2.616250514984131,8.440041542053223
7.479560375213623,9.54599380493164
7.922863960266113,9.1233491897583
8.584165573120117,8.553779125213623
10.990262031555176,5.0081610679626465
7.732641696929932,6.492114067077637
6.534945964813232,8.466637134552002
5.77157735824585,5.1934123039245605
5.837512016296387,6.104016304016113
5.974376201629639,0.22220609709620476
1.019585132598877,-1.64717435836792
-0.8979082107543945,-0.6645917892456055
-4.356420040130615,1.095139980316162
-6.749093532562256,-1.2806177139282227
-4.536795616149902,-5.008518695831299
-4.820382595062256,-7.23419189453125
-0.5174636840820312,-6.770908832550049
-0.15423299744725227,-5.410027503967285
-4.758954048156738,1.758110523223877
-6.4993977546691895,-4.725158214569092
-3.9690732955932617,-3.3272624015808105
-3.185093402862549,-2.3842811584472656
1.9823670387268066,0.18316509202122688
5.149936676025391,3.120744228363037
2.208554744720459,4.946768283843994
-4.612112045288086,2.3195981979370117
-4.048347473144531,5.7128071784973145
-1.554572582244873,6.710541248321533
0.25906559079885483,6.551980972290039
1.7630577087402344,8.722364902496338
4.114186763763428,6.9342732429504395
2.1409034729003906,2.1043777465820312
-2.424037456512451,3.7582755088806152
-1.4769315719604492,4.810357093811035
3.638780117034912,4.4753193855285645
6.742525100708008,5.696713924407959
8.641767501831055,1.739203929901123
9.070754051208496,-2.0902156829833984
7.454776763916016,2.3465633392333984
2.2412538528442383,-0.4416823014616966
1.815485954284668,-1.066267490386963
-2.7583956718444824,1.1615633964538574
1.9677042961120605,-5.932307243347168
2.746140956878662,-3.3215880393981934
-0.32083988189697266,-3.0959129333496094
-0.8058667182922363,-5.111372470855713
-2.29341983795166,-4.587078094482422
-7.541847229003906,-4.208731651306152
-8.529126644134521,-7.404208183288574
-2.8424620628356934,-1.8951177597045898
-1.6734123229980469,-0.43540000915527344
0.17069580033421516,-3.5059332847595215
-3.1545639038085938,2.492201328277588
-1.5121221542358398,-2.9979467391967773
0.750267505645752,-0.5021572113037109
-1.7132163047790527,-1.21245376765728
1.2764334678649902,-0.5742191895842552
4.263198375701904,-0.35842660814523697
-0.7408738136291504,-2.313971519470215
-5.0319671630859375,0.0499605992808938
0.0561237009242177,0.9672284126281738
0.19890069961547852,-0.6737589836120605
-3.0663132667541504,1.6545891761779785
-0.12472869828343391,0.3694773092865944
1.4489412307739258,-1.187574863433838
-4.66156005859375,3.1268835067749023
-5.672872066497803,4.555952548980713
-0.07402900140732527,4.5073747634887695
0.15939470380544662,6.312823295593262
-0.17709730193018913,1.57928466796875
4.49749231338501,1.3608932495117188
1.3569951057434082,3.4083962440490723
1.1997103691101074,0.709998607635498
-0.3085494041442871,-0.7546663284301758
-4.769611358642578,1.049661636352539
-2.137458324432373,-1.0144948959350586
2.9688119888305664,-7.4013352394104
-1.34965181350708,-7.0607781410217285
-4.4358134269714355,-10.605287551879883
1.9928336143493652,-9.331905841827393
-4.196679592132568,-8.96390676498413
-10.739505290985107,-15.914595127105713
-4.675090312957764,-14.112508296966553
-4.644894599914551,-7.683062553405762
-9.700393676757812,-4.73095178604126
-1.5044212341308594,1.0454654693603516
-1.1276721954345703,-0.9775519371032715
0.17186399549245834,1.0277152061462402
1.3852715492248535,3.2170891761779785
9.337663650512695,9.67189073562622
2.8838515281677246,11.951518058776855
1.313185691833496,13.897645473480225
1.7453193664550781,15.739893913269043
7.725954055786133,9.83884334564209
11.338448524475098,8.936190605163574
10.072529315948486,8.143901824951172
6.835901737213135,5.019104480743408
6.117367744445801,5.5336713790893555
-4.869067668914795,-2.5224804878234863
-3.373730182647705,-7.898986339569092
0.020587400067597628,-7.183480262756348
1.8884897232055664,-6.461477279663086
-1.9646644592285156,-8.140993118286133
-3.0828237533569336,-7.997524738311768
-7.668554782867432,-14.002442359924316
-8.364331722259521,-12.417209148406982
-4.824650287628174,-7.338953018188477
1.7690539360046387,-6.554126739501953
3.55299711227417,-2.164435386657715
2.773880958557129,-3.2305121421813965
0.6786108016967773,-4.305315017700195
-1.304316520690918,3.756856918334961
-1.996922492980957,7.281947135925293
-0.2868055924773216,6.068432331085205
1.6058564186096191,6.226491928100586
-1.1877059936523438,6.0227274894714355
0.5383133888244629,6.383752822875977
-1.3733267784118652,10.82073450088501
-3.4607291221618652,6.855297088623047
-4.928255081176758,1.6947031021118164
-4.618597030639648,2.59706974029541
-3.7656426429748535,-4.3669819831848145
-3.478848934173584,-0.6848931312561035
0.7520437240600586,-0.9487628936767578
3.4081220626831055,-2.363002300262451
1.8828868865966797,-5.0281524658203125
2.6483774185180664,-5.384087562561035
3.8748621940612793,-4.722929000854492
2.341294288635254,-0.6457210332155228
3.4541726112365723,4.179048538208008
4.593086242675781,2.6078224182128906
7.256901264190674,-1.5589475631713867
9.067654609680176,3.600597381591797
8.469843864440918,5.012857913970947
3.3803462982177734,7.7457427978515625
0.038230400532484055,13.791167736053467
-3.240346908569336,4.464900493621826
-6.924700736999512,4.316520690917969
-6.18671178817749,4.481923580169678
0.7890462875366211,6.365513801574707
1.676499843597412,4.896914958953857
-1.4933466911315918,1.1491776257753372
-3.030526638031006,-2.402210235595703
1.6755104064941406,-7.391417026519775
-1.22910737991333,-2.8828859329223633
0.48677921295166016,-3.5346627235412598
8.121728897094727,-2.668595314025879
4.957234859466553,-0.6519436836242676
1.9099950790405273,-5.976927280426025
5.593931674957275,-2.90907621383667
6.135118007659912,-0.04596710205078125
2.2693872451782227,3.1051039695739746
3.3816099166870117,6.280827522277832
6.513857841491699,4.417300224304199
-1.7811059951782227,1.3193607330322266
-5.692923069000244,3.1192421913146973
-4.137277603149414,8.26714038848877
-3.734469413757324,5.840194225311279
-9.19266939163208,5.246412754058838
-5.557370185852051,4.282081127166748
-1.3383984565734863,0.6001352891325951
-2.2735595703125,3.747129440307617
-2.931392192840576,1.716601848602295
0.29648540541529655,-1.3406157493591309
-3.0320167541503906,-1.5784382820129395
-5.940818786621094,-3.9266586303710938
-1.3434052467346191,-5.243849754333496
2.461111545562744,2.6752710342407227
0.9975075721740723,-2.241671085357666
3.357982635498047,-3.043520450592041
0.25641920045018196,-2.7294039726257324
0.693809986114502,-5.8057427406311035
-2.295076847076416,-3.9541244506835938
0.00385049992473796,0.9845613688230515
-2.583777904510498,-1.4670014381408691
1.5192031860351562,-2.2468090057373047
1.9671320915222168,-3.9059996604919434
2.1993279457092285,-3.4922122955322266
1.6446948051452637,-3.3849120140075684
1.5093445777893066,0.5532265082001686
-1.5324592590332031,-1.9655823707580566
-1.8731117248535156,-4.9274444580078125
-1.3750433921813965,-3.1012892723083496
0.15102620236575603,-2.7121424674987793
-1.1183618754148483,0.7073760032653809
-2.4587154388427734,1.5126585960388184
-3.3280134201049805,-0.45266151428222656
-3.341996669769287,-0.983726978302002
-4.593110084533691,-1.4327645301818848
-0.2543210983276367,1.1065006256103516
0.39283040910959244,1.5825510025024414
-2.1820664405822754,4.221820831298828
-1.4170169830322266,4.536879062652588
0.856626033782959,-0.5838632956147194
4.017186164855957,3.4478306770324707
6.5831780433654785,-0.6600379943847656
7.313847541809082,0.017225700430572033
4.355204105377197,3.0445098876953125
3.9800405502319336,-3.614950180053711
2.047121524810791,-0.4986405000090599
-1.0359764099121094,-1.4719963073730469
3.2903075218200684,-3.164207935333252
4.382443428039551,-0.41785240173339844
-2.940034866333008,-3.4735560417175293
-3.582751750946045,-0.9184598922729492
-1.8584609031677246,-0.6564021110534668
-7.320082187652588,1.360762119293213
-9.491920471191406,2.604794502258301
-5.49846887588501,2.96633243560791
-5.649769306182861,2.475452423095703
-6.362318992614746,-2.2420883178710938
-10.900115966796875,2.615964412689209
-5.259144306182861,2.7476906776428223
-0.7563114166259766,-0.022900099866092205
-0.5042194947600365,-1.6490578651428223
3.623175621032715,-3.676331043243408
12.662160396575928,-5.115365982055664
8.000040054321289,-3.429543972015381
1.032876968383789,-6.859886646270752
0.43159719556570053,-5.228626728057861
3.3473610877990723,-4.3862223625183105
0.04140140023082495,-8.211886882781982
4.812371730804443,-7.33637809753418
4.667043685913086,-6.742596626281738
0.8575081825256348,-7.928586006164551
-13.419735431671143,-7.4005842208862305
-6.959974765777588,-5.106675624847412
-3.5513758659362793,-6.410515308380127
-6.777799129486084,-1.1882662773132324
-6.173419952392578,-1.8324494361877441
2.4695754051208496,-1.219940185546875
-4.515290260314941,4.1866302490234375
-11.570286750793457,6.834864616394043
-1.9371747970581055,4.664349555969238
9.237480163574219,10.41346788406372
6.64290189743042,6.9785356521606445
13.900089263916016,7.4118733406066895
11.9276762008667,6.114304065704346
0.18670560792088509,3.209865093231201
-1.7408490180969238,3.3717870712280273
3.3111929893493652,7.431960105895996
2.9085636138916016,4.64022159576416
11.170768737792969,4.110407829284668
12.496602535247803,1.9580841064453125
3.5805344581604004,-1.8430352210998535
-1.8413662910461426,1.1291264742612839
-3.5959839820861816,0.8109331130981445
-7.735800743103027,-1.3229727745056152
-5.740463733673096,-1.5167713165283203
3.240048885345459,-3.877842426300049
2.0075201988220215,-5.167198181152344
-3.2410502433776855,-3.020942211151123
-5.315792560577393,-3.3504366874694824
-3.7690281867980957,-3.1175732612609863
-7.986080646514893,-3.777432441711426
-5.135142803192139,-2.740311622619629
3.764653205871582,1.5227079391479492
0.6322144716978073,4.823422431945801
-3.9203405380249023,3.400754928588867
-0.6290197372436523,4.655182361602783
-0.3940463066101074,4.416012763977051
-1.0999560356140137,6.667029857635498
1.6456127166748047,9.633827209472656
0.870966911315918,7.5560688972473145
0.5757451057434082,5.277562141418457
3.5788536071777344,5.2245378494262695
1.8318772315979004,2.153623104095459
8.123266696929932,5.156564712524414
12.763142585754395,3.5219192504882812
9.020602703094482,-2.0257115364074707
3.3691048622131348,-2.456808090209961
3.5166501998901367,-0.8024454116821289
3.533446788787842,-2.711641788482666
-0.19847150892019272,-1.8630504608154297
0.6601095199584961,-4.160630702972412
8.671963214874268,-7.520186901092529
3.656017780303955,-8.206355571746826
-5.547928810119629,-6.835532188415527
-0.8588314056396484,-3.5921335220336914
-2.6973485946655273,-1.2039422988891602
-10.226714611053467,-3.1720995903015137
-1.1190176010131836,-3.4618496894836426
2.514314651489258,-1.9819974899291992
-2.1106719970703125,-1.0539889335632324
-4.3586015701293945,4.904568195343018
-0.9401441365480423,1.7596125602722168
-6.243956089019775,1.0917068272829056
-3.9720773696899414,-3.5434603691101074
1.3916015625,-4.334163665771484
-1.2621402740478516,0.9695888310670853
-1.0991454124450684,1.0143399238586426
2.703428268432617,-0.7062554359436035
-6.124377250671387,-6.439423561096191
-6.758749485015869,-7.161235809326172
0.939786434173584,-7.232940196990967
1.5627503395080566,-4.944264888763428
-2.7241945266723633,-2.5381088256835938
4.594898223876953,-4.071545600891113
6.109988689422607,-5.093836784362793
-0.26438239961862564,-3.388810157775879
0.9576916694641113,1.8928050994873047
2.2623658180236816,6.254541873931885
-1.9515395164489746,5.755794048309326
2.5335073471069336,2.03244686126709
1.6843914985656738,2.144193649291992
2.538740634918213,1.644599437713623
6.177783012390137,8.469843864440918
-0.8904696255922318,7.832074165344238
-7.745540142059326,7.622766494750977
-6.003415584564209,4.047548770904541
-3.6652684211730957,-5.88308572769165
-0.7042050361633301,-1.762092113494873
-2.1520495414733887,-5.809974670410156
0.31719211488962173,-5.020308494567871
-6.097865104675293,-7.0146918296813965
-13.252711296081543,-16.825056076049805
-12.51375675201416,-10.14719009399414
-10.238361358642578,-6.3108086585998535
2.226424217224121,-3.8702845573425293
3.2611489295959473,-2.346944808959961
4.1573405265808105,-3.00062894821167
5.794656276702881,0.8958219736814499
0.2582073025405407,8.983254432678223
-4.242956638336182,11.39824390411377
0.31684640794992447,15.66077470779419
7.042193412780762,12.581944465637207
11.877858638763428,11.654520034790039
14.205074310302734,9.510946273803711
14.284729957580566,14.805030822753906
3.8608789443969727,9.818875789642334
-3.0980587005615234,9.891533851623535
-3.1670570373535156,4.304361343383789
2.1867990493774414,-3.7688136100769043
3.961193561553955,-3.4181952476501465
2.711606025695801,-4.693186283111572
1.2615680694580078,-9.384310245513916
-7.028460502624512,-7.2922468185424805
-15.38393497467041,-13.810944557189941
-12.490010261535645,-15.104007720947266
-4.713642597198486,-10.603618621826172
0.7871627807617188,-10.71256399154663
2.650284767150879,-7.859838008880615
1.792001724243164,-7.710134983062744
-1.2230634689331055,-9.245121479034424
-5.910766124725342,-0.38487911224365234
-2.513575553894043,1.807868480682373
2.6031851768493652,5.211043357849121
6.4285993576049805,5.655956268310547
8.291029930114746,3.1938910484313965
6.959187984466553,3.0756115913391113
1.9826054573059082,6.8186163902282715
-1.5634894371032715,8.867835998535156
-4.815149307250977,7.588493824005127
-1.6861915588378906,7.040119171142578
3.0124664306640625,1.4433026313781738
2.2016406059265137,-2.347075939178467
1.527845859527588,0.4202127084136009
0.3075123019516468,-4.2343854904174805
-7.064270973205566,-3.464043140411377
-6.131100654602051,-5.5588603019714355
0.32200809568166733,-9.184420108795166
2.343165874481201,-5.522620677947998
4.2946577072143555,-6.178796291351318
5.484294891357422,-4.2218804359436035
2.3499250411987305,-1.659691333770752
-0.9778738021850586,-2.097940444946289
1.8590331077575684,-1.8891334533691406
5.627131462097168,4.577517509460449
5.121898651123047,6.42474889755249
5.560469627380371,4.663395881652832
1.22846357524395,7.0272088050842285
-1.4633417129516602,2.5367259979248047
-1.2663722038269043,9.223198890686035
-3.3135294914245605,7.834804058074951
0.17246009781956673,8.329129219055176
2.925717830657959,4.005622863769531
0.504910908639431,0.633847713470459
-1.2759685516357422,0.16989709809422493
3.897714614868164,2.053046226501465
-2.7533650398254395,2.8226852416992188
-3.074193000793457,0.08542539551854134
7.478952407836914,-2.5403261184692383
5.740189552307129,-4.8363447189331055
3.0300259590148926,-2.3967623710632324
7.805609703063965,1.2793660163879395
1.233232021331787,2.267014980316162
-5.823767185211182,4.6746134757995605
0.24840829893946648,1.0041475296020508
4.342842102050781,-0.8778095245361328
0.008404299733228981,1.2642502784729004
1.8261313438415527,3.8927793502807617
1.5462875366210938,7.176625728607178
-8.002936840057373,3.6793112754821777
-6.95263147354126,-0.6760835647583008
-1.2822866439819336,2.0844459533691406
-1.7303228378295898,4.182529449462891
-0.04475119989365339,2.8006553649902344
0.8991838246583939,1.5631318092346191
-6.916654109954834,-2.7749061584472656
-6.469273567199707,-4.8731207847595215
0.6568670272827148,-0.5186080932617188
-0.4572511091828346,-0.3052831068634987
1.2725591659545898,2.339506149291992
2.892601490020752,2.338695526123047
1.2896299362182617,-6.1251044273376465
-3.427433967590332,-1.7303466796875
-2.365255355834961,-0.5655407905578613
1.8206477165222168,-0.03664490068331361
-2.2806167602539062,1.047194004058838
-2.541220188140869,-1.0698795318603516
5.048167705535889,-2.3856401443481445
0.9585022926330566,-0.9276986122131348
-1.7030835151672363,0.06338359788060188
4.5156121253967285,0.07096529938280582
3.869807720184326,-1.896965503692627
-3.2512903213500977,-5.977118015289307
-1.5172839164733887,-6.112515926361084
2.918708324432373,-1.4238357543945312
-7.446682453155518,0.1276255026459694
-7.540500164031982,-1.1117100715637207
1.5030622482299805,-3.731989860534668
3.2085180282592773,-5.718755722045898
-2.7367353439331055,-0.6950855255126953
5.440068244934082,-0.8157253265380859
5.098092555999756,-1.0337234288454056
-6.310415267944336,-0.6243228912353516
-7.528328895568848,-3.98789644241333
4.6323418617248535,0.3166675940155983
5.709898471832275,1.0055779665708542
2.3209333419799805,-0.18628839403390884
8.14967155456543,0.5347013100981712
6.044888496398926,-0.9097576141357422
-2.1974802017211914,-2.4551033973693848
-0.274658203125,0.617218017578125
0.7629871368408203,0.7228493690490723
2.8555870056152344,0.8789777755737305
3.815925121307373,-0.8721709251403809
0.6540417671203613,-1.5014410018920898
-0.6366372108459473,-4.103231430053711
-11.030614376068115,2.780616283416748
-5.597877502441406,-0.556480884552002
-11.729741096496582,6.1699748039245605
-2.3538827896118164,-0.750577375292778
-1.2904763221740723,0.49169059842824936
4.0677666664123535,-1.7229318618774414
-9.893560409545898,6.473183631896973
5.017340183258057,-1.9262909889221191
-4.786515235900879,0.49717430025339127
-8.16354751586914,-1.4904499053955078
-0.8933305740356445,-4.07637357711792
18.708884716033936,0.7173418998718262
-1.7386794090270996,-0.390780009329319
4.471790790557861,-6.34990930557251
6.235790252685547,-0.5136251077055931
7.17015266418457,-6.657624244689941
-8.876538276672363,-6.547987461090088
4.396331310272217,-6.271862983703613
0.1440166961401701,-5.373525619506836
-2.334582805633545,-13.392794132232666
-13.138675689697266,-9.673964977264404
-4.29995059967041,-11.573362350463867
-5.23686408996582,-9.385478496551514
-4.965579509735107,-5.5448174476623535
-6.747114658355713,-5.822658538818359
2.3918986320495605,-2.466714382171631
-4.305469989776611,-1.0356544703245163
-0.8161067962646484,-1.5272140502929688
4.239320755004883,6.389260292053223
8.289790153503418,9.337759017944336
6.805908679962158,10.560786724090576
6.618237495422363,8.286130428314209
3.7175893783569336,10.02885103225708
5.303096771240234,10.497009754180908
4.554474353790283,13.362538814544678
3.6941885948181152,16.252243518829346
10.166704654693604,15.813291072845459
10.118615627288818,10.105502605438232
0.4304647073149681,6.135499477386475
-1.7328262329101562,3.417336940765381
-0.010538100032135844,7.4683427810668945
-4.109036922454834,3.3475279808044434
-5.451321601867676,-4.995715618133545
-1.8605828285217285,-6.181812286376953
0.33718351274728775,-8.86838436126709
-1.9082903861999512,-6.6448211669921875
-3.992164134979248,-5.038809776306152
-4.5676469802856445,-10.624802112579346
-2.1965861320495605,-11.433219909667969
-2.784609794616699,-11.858558654785156
-3.326547145843506,-7.393741607666016
-0.7718920707702637,-3.137505054473877
1.8692255020141602,1.6566276550292969
-3.7009477615356445,0.8010268211364746
-3.8094043731689453,-0.289988499134779
3.3528685569763184,7.286083698272705
4.827630519866943,6.309151649475098
0.4399538040161133,9.346401691436768
5.88911771774292,11.910617351531982
5.178022384643555,7.313334941864014
0.8139371871948242,12.489306926727295
-0.1472115982323885,10.04636287689209
8.821868896484375,11.49909496307373
8.104431629180908,9.87539291381836
4.056298732757568,3.64762544631958
5.7498931884765625,1.9940972328186035
7.22585916519165,3.5801291465759277
2.2321105003356934,1.602482795715332
1.9714951515197754,-1.6027569770812988
3.9075136184692383,-3.7010550498962402
1.8878936767578125,-7.693636417388916
-3.645610809326172,-9.63902473449707
-2.806377410888672,-10.119712352752686
-5.928945541381836,-7.641124725341797
-5.860269069671631,-8.9180588722229
-5.175483226776123,-5.124366283416748
-2.0826220512390137,-5.8921217918396
-1.5184640884399414,-0.7600904256105423
-0.32230619341135025,-2.560305595397949
-0.8794665336608887,0.5375384911894798
-3.243422508239746,0.9132146835327148
-2.3076891899108887,2.039480209350586
-1.8307924270629883,1.3641357421875
0.3463625907897949,-0.8595467358827591
1.1292219161987305,0.7031559944152832
-1.5958070755004883,-0.8664131164550781
-0.7884622365236282,-2.6762008666992188
-3.315603733062744,0.1156091969460249
-2.663302421569824,-5.290400981903076
0.6591320037841797,-0.2494334988296032
3.5585641860961914,-4.379606246948242
-1.5044093132019043,-3.708326816558838
-0.8950471878051758,-1.4675021171569824
-2.317488193511963,-3.328883647918701
-1.4164209365844727,-2.2232651710510254
-0.8250951766967773,-0.5179167166352272
5.1587700843811035,-1.9788026809692383
6.492495536804199,0.7420778274536133
4.792535305023193,2.813875675201416
-1.6838431358337402,4.433143138885498
2.4702072143554688,3.0537962913513184
-0.0705956993624568,5.921375751495361
-5.718255043029785,1.648569107055664
2.1543145179748535,3.5216689109802246
4.717719554901123,1.6187548637390137
-5.277860164642334,-4.292726516723633
-6.791830062866211,-3.619551658630371
-6.194806098937988,-1.817333698272705
-8.804595470428467,-5.9946417808532715
-12.672197818756104,-6.100583076477051
-8.679258823394775,-6.633126735687256
-6.339216232299805,-5.257666110992432
0.04168749786913395,-5.124366283416748
-6.146037578582764,-2.432739734649658
-1.6865849494934082,-2.6988744735717773
4.965758323669434,-0.09771590121090412
5.232846736907959,1.3185620307922363
1.3342499732971191,3.071272373199463
11.709761619567871,7.373058795928955
13.837099075317383,7.872629165649414
5.269348621368408,8.194553852081299
10.57133674621582,6.331527233123779
11.61283254623413,7.912719249725342
4.228639602661133,5.606353282928467
1.088249683380127,6.930816173553467
3.3393025398254395,5.8036208152771
0.8257389068603516,0.13169050216674805
-2.313232421875,-3.6617040634155273
-7.411837577819824,-4.5272111892700195
-4.651808738708496,-1.5186548233032227
-6.3430070877075195,-2.4380087852478027
-11.529290676116943,0.13725760392844677
-8.663356304168701,-8.545982837677002
-2.718830108642578,-5.481398105621338
-5.50844669342041,-7.530713081359863
-3.3859968185424805,-6.0466766357421875
0.9484291076660156,-2.459406852722168
4.655814170837402,-6.556141376495361
1.7424702644348145,-2.8932809829711914
3.510582447052002,0.30649900436401367
3.4943699836730957,0.3485560044646263
3.887331485748291,1.6544222831726074
-0.0718832015991211,1.9831657409667969
1.833486557006836,3.560042381286621
8.247017860412598,3.3519983291625977
5.84712028503418,3.677213191986084
-4.592323303222656,0.34074779599905014
0.2973080053925514,-0.2980946935713291
-2.008390426635742,-3.2353639602661133
-9.153497219085693,-5.910813808441162
-5.277764797210693,-4.612672328948975
6.7031025886535645,-1.7829537391662598
-1.1434674263000488,-1.0076522827148438
-2.1283864974975586,0.8326292037963867
1.2500643730163574,-2.7864933013916016
2.2987842559814453,-3.870391845703125
-2.5125622749328613,0.06713869981467724
4.694473743438721,2.7184009552001953
7.751369476318359,6.45214319229126
4.209482669830322,6.328380107879639
-0.38115978240966797,7.346451282501221
3.3183693885803223,7.242941856384277
3.6457180976867676,9.400534629821777
-0.4488945007324219,6.252241134643555
-0.3840208053588867,6.865954399108887
1.8102288246154785,7.953894138336182
-2.8294801712036133,6.307840347290039
-1.0166525840759277,3.6814212799072266
-0.8116363734006882,3.2119274139404297
1.072835922241211,0.2994536980986595
4.665577411651611,1.1660456657409668
8.42745304107666,-3.4034252166748047
4.971921443939209,-4.781067371368408
3.5667061805725098,-4.345452785491943
1.014089584350586,-4.776644706726074
1.828444004058838,-3.4095048904418945
-0.9053230285644531,-0.15703439712524414
3.995537757873535,-2.409696578979492
3.3737778663635254,0.41382309049367905
1.8360376358032227,0.3912210091948509
-1.3725757598876953,1.0321974754333496
-1.8228530883789062,3.7201881408691406
-5.601751804351807,5.276346206665039
-7.227122783660889,5.411219596862793
-5.269837379455566,8.264744281768799
-3.776097297668457,5.899167060852051
-5.458343029022217,6.002211570739746
-0.2247929945588112,7.315409183502197
1.0454654693603516,3.564727306365967
1.22846357524395,3.9052605628967285
0.47610998153686523,2.3781657218933105
4.218041896820068,0.2799987979233265
1.100754663348198,3.974735736846924
4.993879795074463,-1.0964632034301758
4.124510288238525,-3.3457279205322266
4.095697402954102,-2.652895450592041
1.816105842590332,-2.517569065093994
1.6143798828125,-2.225661277770996
-3.633713722229004,-0.5945802107453346
-8.386540412902832,-0.6819844245910645
-2.980363368988037,-1.4918327331542969
-4.4883012771606445,-1.5070438385009766
-9.09346342086792,-3.5016655921936035
-5.407893657684326,-3.320479393005371
-2.4133920669555664,-0.3983497992157936
-5.240345001220703,-3.7341833114624023
-4.021620750427246,-0.8996486663818359
2.0957589149475098,-2.974855899810791
2.921891212463379,0.45970678329467773
2.329730987548828,-2.3462295532226562
1.956331729888916,-4.882490634918213
-0.2923846058547497,-2.3532867431640625
-2.688443660736084,-2.7822375297546387
0.4393934831023216,-1.3452410697937012
-0.37628408521413803,0.7776855677366257
-0.8098124712705612,-1.1336206644773483
4.337286949157715,-0.4990816116333008
2.571094036102295,2.8466224670410156
3.3286571502685547,-1.2817144393920898
3.788769245147705,-1.1203289031982422
-0.35893920809030533,-0.3882288932800293
-3.7385940551757812,-0.8063793182373047
3.3047080039978027,3.9789915084838867
4.765534400939941,-0.47005411237478256
2.2355198860168457,-2.964138984680176
7.52105712890625,-4.5281171798706055
7.716560363769531,-2.9695510864257812
0.07209780160337687,-3.217315673828125
-1.6525983810424805,-2.0800113677978516
-2.7764439582824707,-4.599237442016602
-3.6991238594055176,-2.8008460998535156
-5.1224470138549805,1.6218781471252441
1.3959407806396484,0.7753968238830566
-5.475473403930664,2.0903944969177246
-8.062613010406494,3.9159536361694336
-7.305383682250977,3.654003143310547
-5.2065253257751465,3.5593748092651367
-5.10258674621582,2.92283296585083
-6.283438205718994,5.77770471572876
-0.7324814796447754,1.8997788429260254
3.4184694290161133,0.566411018371582
-4.911839962005615,-1.6019344329833984
4.073286056518555,-6.709706783294678
5.537116527557373,-3.037714958190918
4.994213581085205,-6.583130359649658
2.663755416870117,-7.445263862609863
5.37647008895874,-8.866345882415771
-0.054848198778927326,-7.919752597808838
4.953372478485107,-11.616146564483643
2.264678478240967,-7.41192102432251
3.609144687652588,-9.908044338226318
-1.9157767295837402,-13.412964344024658
-5.968570709228516,-8.224117755889893
-13.342368602752686,-6.751072406768799
-6.424260139465332,-4.548192024230957
-13.576579093933105,-0.18943550065159798
-5.738937854766846,-4.56925630569458
-4.078042507171631,-1.3829588890075684
-2.375662326812744,4.426777362823486
-3.066873550415039,5.075383186340332
-0.9215235710144043,7.25473165512085
1.7177224159240723,9.670031070709229
8.378398418426514,9.378254413604736
7.9315900802612305,9.21546220779419
11.911952495574951,9.935605525970459
12.373864650726318,10.825967788696289
4.416143894195557,9.12090539932251
4.2136430740356445,8.19307565689087
9.385132789611816,9.036362171173096
7.467973232269287,9.912312030792236
3.6168336868286133,10.22329330444336
9.071862697601318,5.654120445251465
0.14383790083229542,1.907026767730713
-5.619001388549805,1.7081618309020996
-6.027710437774658,-0.09181500412523746
-3.8745641708374023,1.0855793952941895
-2.2030234336853027,-2.166736125946045
-0.23692850023508072,-3.837597370147705
-2.6151657104492188,-9.614896774291992
-0.7784724235534668,-9.050583839416504
-8.019351959228516,-7.5795769691467285
-7.96278715133667,-6.62914514541626
-6.258296966552734,-5.833601951599121
-4.061591625213623,-5.185699462890625
-3.882741928100586,-4.805779457092285
-2.4737000465393066,1.484382152557373
-1.305687427520752,5.7732462882995605
-1.708364486694336,5.983412265777588
-3.111910820007324,3.673219680786133
0.8869171142578125,5.698108673095703
0.4141569137573242,9.09038782119751
2.0361900329589844,10.56755781173706
3.7339210510253906,13.422083854675293
6.4865827560424805,10.16993522644043
5.916154384613037,10.317003726959229
10.493886470794678,8.114874362945557
11.146354675292969,5.329859256744385
10.776948928833008,5.5597662925720215
11.640763282775879,3.679358959197998
2.959311008453369,-0.15611650422215462
1.0709285736083984,0.760352611541748
4.16799783706665,-4.455602169036865
0.034523000940680504,-5.511188507080078
-3.8856983184814453,-5.314958095550537
4.08865213394165,-10.248339176177979
-1.164078712463379,-6.844735145568848
-8.599996566772461,-7.192492485046387
-8.224749565124512,-5.160212516784668
-1.59071683883667,-7.140862941741943
-8.955943584442139,-4.971778392791748
-7.597458362579346,-5.818676948547363
-1.667320728302002,-0.44896598905324936
-3.187263011932373,0.5244135856628418
-4.094719886779785,-0.31757351011037827
1.6491174697875977,-0.5856037139892578
4.329323768615723,-3.5755276679992676
1.9921183586120605,-5.085420608520508
2.080678939819336,0.6630420684814453
4.338419437408447,-5.027568340301514
-0.7149457931518555,-2.6596426963806152
-1.9820570945739746,-4.025709629058838
5.402851104736328,-5.189776420593262
1.2720942497253418,-2.7790188789367676
-0.9581565856933594,-0.5799531936645508
2.5579094886779785,-1.9033432006835938
-2.102994918823242,1.873171329498291
-9.963452816009521,6.117403507232666
-2.447032928466797,3.6376595497131348
0.6034016981720924,6.50256872177124
-3.1104445457458496,4.803836345672607
3.008091449737549,4.2163848876953125
5.14141321182251,7.592153549194336
-0.8033514022827148,4.853010177612305
-5.641043186187744,3.28214168548584
-5.41914701461792,4.562163352966309
-1.0919570922851562,-2.0766139030456543
-5.96843957901001,-5.950450897216797
-1.4689445495605469,-4.3576836585998535
3.303396701812744,-6.148636341094971
-1.3292193412780762,-10.06397008895874
-5.258047580718994,-10.097229480743408
-6.576299667358398,-14.175581932067871
-5.789589881896973,-13.540005683898926
-7.228589057922363,-9.003067016601562
-8.407843112945557,-3.0210494995117188
1.0461925715208054,-4.523181915283203
5.297064781188965,-1.2694597244262695
-1.2667536735534668,-2.738773822784424
3.944063186645508,0.8805990219116211
6.663298606872559,9.083497524261475
2.8888344764709473,7.882535457611084
-1.2105227261781693,7.247614860534668
8.09636116027832,12.083184719085693
8.166754245758057,11.333858966827393
8.137726783752441,13.896679878234863
5.913853645324707,14.056432247161865
1.7456650733947754,8.797776699066162
1.631331443786621,4.44568395614624
-0.8301854133605957,1.5786290168762207
-3.9258718490600586,-1.3679742813110352
4.763364791870117,0.7354021072387695
1.4554023742675781,-2.0575881004333496
-8.435285091400146,-3.710627555847168
-7.738292217254639,-8.55022668838501
-6.698453426361084,-10.221660137176514
-11.274325847625732,-9.60451364517212
-1.596832275390625,-5.878424644470215
5.669248104095459,-6.2737226486206055
3.5085201263427734,-8.336257934570312
-0.11150839738547802,-6.290960311889648
-0.8018969744443893,-3.4737706184387207
-1.7505407333374023,-1.3297319412231445
-0.0317215989343822,1.4708995819091797
2.717280387878418,-0.040054298005998135
5.388534069061279,2.083563804626465
5.737745761871338,4.793202877044678
-2.4001479148864746,4.258823394775391
-4.484689235687256,6.61013126373291
-4.275810718536377,8.218252658843994
-5.575454235076904,1.8137812614440918
-0.9788036346435547,3.188776969909668
1.746964454650879,-1.5516877174377441
-0.8821964263916016,-1.745748519897461
-0.3627299889922142,0.10366439819335938
-4.947555065155029,2.2063732147216797
-6.472563743591309,-1.7608165740966797
1.0589838027954102,-0.856006070971489
2.941310405731201,-1.6237378120422363
5.504715442657471,-2.3377180099487305
7.200157642364502,5.564117431640625
4.699063301086426,6.255578994750977
0.798642635345459,3.008711338043213
2.7280092239379883,9.529256820678711
5.477261543273926,3.364121913909912
8.660030364990234,4.0460944175720215
4.085123538970947,8.279120922088623
-0.5429745092988014,6.102395057678223
0.9253860265016556,3.7548303604125977
-4.049372673034668,2.8967976570129395
-8.223724365234375,0.5588651075959206
3.590691089630127,2.504754066467285
2.037835121154785,2.6117920875549316
-5.070865154266357,1.5343308448791504
6.077480316162109,-3.8959383964538574
1.7060637474060059,-6.911134719848633
-3.631865978240967,-5.461788177490234
3.825092315673828,-4.432237148284912
7.289481163024902,1.1165379732847214
0.30437709763646126,-1.3265252113342285
1.2772560119628906,-4.714083671569824
4.754042625427246,0.17585750669240952
1.6474723815917969,1.7903327941894531
1.4876484870910645,4.346442222595215
4.303419589996338,6.912672519683838
1.5640735626220703,4.187154769897461
-1.410210132598877,3.372013568878174
-4.362666606903076,5.491459369659424
-5.8403730392456055,4.123938083648682
-3.4052252769470215,5.921566486358643
-2.9053092002868652,4.614675045013428
-0.9331107139587402,0.9336233139038086
1.636064052581787,0.4443645104765892
-1.842820644378662,0.8768200874328613
-1.4736056327819824,0.4634976014494896
-1.3953328132629395,1.9974827766418457
-2.7250051498413086,-0.02106430009007454
-0.9401320666074753,-3.4555673599243164
2.566969394683838,-3.258657455444336
-1.7009377479553223,-3.2141685485839844
-1.3061046600341797,-3.175234794616699
-1.7333030700683594,-0.953972265124321
-4.50514554977417,-3.63008975982666
-1.2198448181152344,-3.914809226989746
0.606834888458252,-2.16524600982666
-3.7410497665405273,-2.529299259185791
-4.248702526092529,-1.4888763427734375
-2.8544187545776367,-2.5153636932373047
-3.96498441696167,-4.432582855224609
-2.671933174133301,-5.702245235443115
4.234981536865234,-4.887270927429199
7.096505165100098,-4.337859153747559
4.014444351196289,-3.3312559127807617
1.3922691345214844,-2.5368452072143555
-1.123940870165825,-2.3728489875793457
-1.2950778007507324,-4.090487957000732
0.3213405981659889,-2.864956855773926
1.4294981956481934,0.4187583923339844
1.8480420112609863,2.3804545402526855
1.0593056678771973,2.14921236038208
-4.385495185852051,0.7897018641233444
-2.912271022796631,1.6497611999511719
0.9813190251588821,1.5442728996276855
0.11334420181810856,4.651081562042236
-2.3158669471740723,5.4923415184021
1.2585878372192383,2.645397186279297
2.1023988723754883,2.9125332832336426
-1.8330693244934082,-0.997626781463623
1.1661887168884277,-2.4915695190429688
7.598817348480225,0.4167317971587181
3.883838653564453,-0.8500456809997559
-1.2226462364196777,-2.612781524658203
-0.6534218788146973,-2.982008457183838
-1.3175487518310547,-3.0112862586975098
-3.7461280822753906,-5.75026273727417
-0.7100462913513184,-3.7830352783203125
3.9714455604553223,-3.968477249145508
-0.6515861302614212,-1.6671538352966309
-3.988516330718994,0.0818013958632946
-12.189388275146484,3.7606000900268555
-6.800723075866699,1.2825489044189453
-3.8282155990600586,1.345682144165039
-3.722715377807617,-0.4362941160798073
-0.014841599622741342,1.611638069152832
9.927845001220703,1.849675178527832
-1.1549592018127441,3.559279441833496
-2.841365337371826,-1.9234895706176758
-1.1048675328493118,0.45071840286254883
5.293667316436768,-2.0192623138427734
4.1098952293396,-5.566394329071045
5.79909086227417,-5.035853385925293
9.194684028625488,-4.415547847747803
2.2996068000793457,-5.755615234375
-7.142472267150879,-4.139411449432373
-6.408226490020752,-7.092761993408203
-0.15736820176243782,-9.334468841552734
-3.7004470825195312,-8.36949348449707
-6.044065952301025,-10.102593898773193
0.8486270904541016,-6.311774253845215
-4.296255111694336,-5.3412556648254395
-13.322722911834717,-5.570745468139648
-7.094824314117432,-4.251861572265625
-2.926313877105713,0.6983280181884766
-2.080810070037842,2.760195732116699
1.9106507301330566,4.148316383361816
11.140906810760498,7.026278972625732
7.767033576965332,8.00563097000122
8.629190921783447,6.100404262542725
6.225395202636719,9.825718402862549
4.655396938323975,7.457780838012695
1.573634147644043,8.981943130493164
3.933095932006836,9.137177467346191
5.616879463195801,6.725680828094482
7.458603382110596,7.620811462402344
6.998252868652344,7.171130180358887
5.145430564880371,3.8562893867492676
-1.8528103828430176,3.9162755012512207
-5.512905120849609,3.142678737640381
-6.514847278594971,-1.1084198951721191
-5.918323993682861,-0.2645253948867321
-5.221915245056152,-0.2734900079667568
2.710139751434326,-5.3292036056518555
-0.3885031118988991,-4.48763370513916
-4.489457607269287,-8.530867099761963
-5.6818366050720215,-5.19331693649292
-4.447424411773682,-4.139912128448486
-3.461790084838867,-5.567741394042969
0.9129762649536133,-5.399668216705322
0.9355425834655762,-2.6675820350646973
4.649519920349121,-0.15411379747092724
-1.7844915390014648,2.315652370452881
-4.6479105949401855,4.7537922859191895
1.8590927124023438,4.083657264709473
1.3220787048339844,6.188845634460449
-3.341245651245117,8.54651927947998
5.054068565368652,7.517004013061523
-0.21492239087820053,9.187376499176025
-3.450167179107666,7.584846019744873
2.7671456336975098,6.743943691253662
10.343372821807861,5.6754469871521
7.839524745941162,7.000088691711426
9.604334831237793,3.011965751647949
5.505216121673584,2.034127712249756
0.6143807992339134,-1.9801616668701172
1.1120439320802689,-5.890262126922607
1.4365315437316895,-4.554295539855957
-0.16174320131540298,-4.396069049835205
5.089855194091797,-4.841923713684082
0.12578959576785564,-7.977390289306641
-3.9299607276916504,-8.879530429840088
-2.9300689697265625,-7.594096660614014
-0.7568001747131348,-8.069431781768799
-4.371857643127441,-4.591464996337891
-1.2125968933105469,-2.609705924987793
-1.12687349319458,-2.354717254638672
-1.4260530471801758,-1.4703869819641113
-3.74833345413208,-0.5400896072387695
-3.5335302352905273,0.45195821672677994
-1.0508179664611816,3.028380870819092
0.15059709548950195,-1.0247588157653809
-2.505040168762207,-0.5683540925383568
0.6755471229553223,-1.3091087341308594
1.8631935119628906,-4.360306262969971
-1.4661073684692383,-2.395176887512207
-2.136051654815674,-1.5521764755249023
-0.9788631647825241,-6.6153764724731445
-0.7929444313049316,-4.636752605438232
-3.8721680641174316,-3.6510109901428223
-0.8620381355285645,-2.7144908905029297
2.2351980209350586,1.2635231018066406
2.1753907203674316,-0.5938887968659401
0.16969440504908562,-4.113602638244629
0.5714178085327148,2.2794246673583984
0.3594040870666504,2.616608142852783
-0.0667810020968318,3.255343437194824
-1.6593694686889648,5.1587700843811035
0.9984015673398972,3.6269783973693848
6.796574592590332,1.9676923751831055
-1.3461112976074219,6.7290425300598145
-1.122605800628662,4.1916608810424805
2.074563503265381,4.531991481781006
-3.97183895111084,5.045497417449951
-6.120944023132324,-0.2569079026579857
-0.9001970291137695,-3.538787364959717
0.8559703826904297,-5.663001537322998
-4.081284999847412,-8.682036399841309
-2.3700952529907227,-10.11192798614502
-5.970358848571777,-7.022154331207275
-4.403185844421387,-12.051212787628174
-6.817829608917236,-7.17473030090332
-12.047374248504639,-1.1891841888427734
-2.2588133811950684,2.863645553588867
7.014322280883789,1.4021635055541992
-1.8644213676452637,2.90452241897583
3.6327481269836426,1.8646478652954102
9.097838401794434,9.726214408874512
0.5082010850310326,11.678862571716309
-8.52806568145752,8.330166339874268
4.5798420906066895,11.08090877532959
4.441702365875244,10.626399517059326
7.561385631561279,6.571793556213379
11.449480056762695,7.2147369384765625
10.03481149673462,6.398952007293701
3.0257344245910645,0.6763815879821777
4.167413711547852,0.7655858993530273
-3.3914685249328613,-4.9491047859191895
2.215147018432617,-4.100072383880615
2.6882529258728027,-4.62881326675415
-3.5517096519470215,-7.354867458343506
-7.1300506591796875,-9.517943859100342
0.15267129987478256,-9.405744075775146
-9.961986541748047,-12.272942066192627
-7.299160957336426,-7.423281669616699
2.873671054840088,-5.164623260498047
6.574976444244385,-6.09743595123291
-3.540492057800293,-4.56385612487793
-3.2330870628356934,-2.6857972145080566
-0.871431827545166,-2.6031017303466797
-5.002176761627197,3.1441211700439453
-7.69045352935791,4.724359512329102
4.049527645111084,2.8595924377441406
4.409384727478027,6.635427474975586
-2.3424744606018066,3.0220627784729004
-3.877747058868408,4.652965068817139
0.5998849868774414,4.6035051345825195
-4.310917854309082,5.659329891204834
-4.8569560050964355,3.691577911376953
7.992875576019287,0.6094812974333763
6.268930435180664,-2.2988080978393555
0.1523851975798607,-1.9068121910095215
3.0727028846740723,-2.519357204437256
4.261946678161621,0.1070261001586914
-4.181945323944092,0.6287813186645508
-0.7337688654661179,0.9517549723386765
8.975541591644287,-0.8669137954711914
4.732263088226318,-0.4654407873749733
3.997480869293213,-1.4813780784606934
8.381688594818115,3.2958388328552246
3.7760019302368164,1.9906401634216309
-1.4925241470336914,0.48465728759765625
4.869318008422852,1.2881994247436523
-1.0971307754516602,0.6321907043457031
-2.7406930923461914,2.7466654777526855
1.0891079902648926,4.280507564544678
-2.984952926635742,0.302195493131876
-6.807732582092285,-1.748967170715332
-1.1008738726377487,1.6242265701293945
-2.3074746131896973,1.0648608207702637
-1.6195416450500488,2.623593807220459
-0.34563541412353516,4.2290449142456055
1.1498094350099564,-2.267146110534668
0.025951899588108063,-0.9116411209106445
2.4903178215026855,-0.5295873060822487
0.577080212533474,2.5139808654785156
2.3681163787841797,3.579545021057129
5.458366870880127,3.72467041015625
9.074962139129639,1.9128918647766113
7.8420281410217285,0.8630990982055664
9.49317216873169,2.536463737487793
7.843339443206787,3.2052159309387207
1.3282179832458496,4.9044013023376465
-4.331767559051514,5.39010763168335
-4.216623306274414,1.4444231986999512
-2.174663543701172,2.179992198944092
-2.301609516143799,-0.9908319264650345
-0.551295317709446,2.602541446685791
-1.3847947120666504,-1.8308043479919434
-4.319167137145996,-0.48453811556100845
-8.10248851776123,-2.628350257873535
-7.848572731018066,-3.0029654502868652
-4.599618911743164,-2.6328086853027344
0.09027720429003239,-2.8400301933288574
-1.194310188293457,-1.9031882286071777
2.035367488861084,0.8370280265808105
1.028585433959961,-1.7138123512268066
-1.3874292373657227,-1.1768102645874023
-4.0503621101379395,0.9476541727781296
1.418912410736084,0.5933881178498268
6.589901447296143,2.4969935417175293
3.651130199432373,0.531458891928196
7.224643230438232,-0.38007501512765884
7.770681381225586,0.7116436958312988
-3.4003257751464844,-2.7481555938720703
-7.157719135284424,1.7639398574829102
-1.567983627319336,0.2807975001633167
-2.8285741806030273,-1.649928092956543
-1.9179463386535645,-3.722095489501953
5.543673038482666,-2.5110363960266113
3.6072731018066406,-2.6068806648254395
-3.5581469535827637,-1.7884612083435059
-6.898558139801025,-1.0243535041809082
-6.640756130218506,0.0033378999796696007
-6.324326992034912,-2.9821276664733887
-2.780938148498535,-1.2176991254091263
1.3544082641601562,-3.1093597412109375
0.49473050981760025,2.110922336578369
1.5450596809387207,2.076089382171631
-2.695584297180176,-0.48226121813058853
-2.7985453605651855,1.6886711120605469
1.3151884078979492,0.49539800733327866
5.459141731262207,2.0560622215270996
6.389331817626953,0.9158133715391159
8.570384979248047,-3.1523823738098145
8.739984035491943,-2.571380138397217
-1.6826510429382324,-1.9540905952453613
-2.495431900024414,-1.3369202613830566
0.34462209790945053,-0.47843459993600845
1.9871115684509277,-6.336426734924316
-0.4711747169494629,-3.0928492546081543
7.51720666885376,-4.396462440490723
1.3851642608642578,-1.3373017311096191
-1.81121826171875,-0.12612340040504932
-7.346558570861816,-0.4080415144562721
-6.296217441558838,1.414048671722412
-1.5671372413635254,-0.8949398994445801
-5.6691765785217285,3.838670253753662
-2.003610134124756,-1.6685009002685547
-0.9603500366210938,1.2612700462341309
-8.551633358001709,4.24351692199707
-2.2797584533691406,-0.399172306060791
-7.945072650909424,1.3089418411254883
-2.768540382385254,2.853846549987793
9.104418754577637,-6.119859218597412
0.4710197076201439,0.5604029074311256
6.013202667236328,-4.892420768737793
-4.26400899887085,-1.765429973602295
7.896792888641357,-4.836249351501465
-9.561383724212646,-5.382537841796875
0.4566311836242676,-9.896886348724365
-0.376737117767334,-7.688868045806885
10.227584838867188,-12.743699550628662
-5.678296089172363,-11.33878231048584
1.9377350807189941,-9.826040267944336
-3.317105770111084,-5.107510089874268
-0.7971764355897903,-8.09779167175293
-9.666574001312256,-5.9912800788879395
0.2875923924148083,-4.991817474365234
-0.3216981887817383,-2.97391414642334
2.4793386459350586,0.5243420973420143
-4.408383369445801,4.02148962020874
2.2965073585510254,2.869880199432373
4.80341911315918,8.653593063354492
1.2478947639465332,8.000802993774414
6.492137908935547,8.967375755310059
7.430446147918701,9.73513126373291
0.13518329709768295,8.429181575775146
7.200181484222412,8.343207836151123
0.12300009839236736,13.45585584640503
3.271937370300293,9.042847156524658
5.590176582336426,14.444363117218018
5.535781383514404,3.856360912322998
-0.9048342704772949,4.854822158813477
-1.8924474716186523,4.084897041320801
3.6321401596069336,4.214787483215332
-3.1902194023132324,-1.879715919494629
-4.575896263122559,0.6319642066955566
2.2660136222839355,-6.535148620605469
1.6197443008422852,-4.3102264404296875
-1.2420058250427246,-8.542048931121826
-4.17940616607666,-6.677865982055664
-4.343903064727783,-6.373238563537598
-5.070197582244873,-3.542912006378174
-4.216158390045166,-8.549582958221436
-0.47838691622018814,-5.532670021057129
-0.034201100934296846,-0.835263729095459
-0.08616450242698193,-1.1518359184265137
4.589545726776123,3.6046266555786133
-2.4350762367248535,3.3652305603027344
1.440894603729248,4.736518859863281
2.30867862701416,10.852265357971191
-2.280449867248535,7.336020469665527
-0.5822658911347389,8.993327617645264
1.5017032623291016,9.751570224761963
1.0913491249084473,8.126616477966309
4.092526435852051,8.053767681121826
6.81527853012085,9.505248069763184
9.843528270721436,7.745075225830078
5.8127760887146,4.920923709869385
6.271982192993164,0.03819470060989261
4.797482490539551,0.04606250207871199
4.201078414916992,-5.046987533569336
1.0283589363098145,-3.597235679626465
0.4337788000702858,-6.103360652923584
2.4745702743530273,-5.932104587554932
1.2172461301088333,-7.6828837394714355
-3.19669246673584,-8.201301097869873
0.8170484751462936,-7.9195380210876465
2.2173285484313965,-3.8691163063049316
0.29146669432520866,-4.639887809753418
-4.247713088989258,-3.4799575805664062
-2.1286725997924805,-1.8144011497497559
-3.310251235961914,0.19750600680708885
-7.559168338775635,-2.196180820465088
-8.472204208374023,2.041351795196533
-3.2901883125305176,0.66360242664814
-3.6818861961364746,-1.8814563751220703
-4.8149943351745605,-2.3336052894592285
-1.2800335884094238,-0.14593600295484066
-2.242910861968994,-2.920711040496826
-2.2815704345703125,1.3615727424621582
-2.4683594703674316,-2.526235580444336
-0.4888296127319336,-5.048525333404541
-0.9309530258178711,-2.3067116737365723
1.354813575744629,-4.070281982421875
2.014029026031494,0.10523799806833267
2.321779727935791,0.9236692637205124
5.827641487121582,0.6699799746274948
8.10762643814087,-4.619133472442627
2.8315305709838867,0.8978962898254395
4.217803478240967,0.5489588156342506
6.010043621063232,0.06995200179517269
-1.4272093772888184,3.1270742416381836
-0.08735660463571548,-1.1097192764282227
2.291417121887207,0.9446383267641068
0.11771920137107372,3.09373140335083
-7.8637003898620605,-1.8086791038513184
-6.410884857177734,-1.7915606498718262
-4.798519611358643,0.4220842942595482
-8.650648593902588,-3.429388999938965
-2.911996841430664,-2.225196361541748
0.8362889289855957,-2.9366374015808105
0.22673610597848892,-7.7195048332214355
-0.6690741330385208,-6.783723831176758
-5.570578575134277,-8.391380310058594
-3.6296725273132324,-4.890275001525879
1.7347931861877441,-5.453896522521973
-2.0721912384033203,2.7852535247802734
-4.988765716552734,3.9214253425598145
8.767366409301758,3.6609530448913574
3.062009811401367,2.926456928253174
-6.2943220138549805,1.642310619354248
3.535294532775879,5.487942695617676
5.142390727996826,9.78090763092041
-5.491983890533447,7.1244001388549805
-6.261265277862549,7.951855659484863
6.030416488647461,4.334008693695068
2.4801254272460938,7.390928268432617
3.1134724617004395,3.128385543823242
7.687115669250488,4.0795087814331055
5.901730060577393,-0.24667980149388313
-2.0636439323425293,-1.9066333770751953
-2.749001979827881,-1.1190533638000488
-1.5364408493041992,0.05620719864964485
5.1676154136657715,-2.1866917610168457
0.06533860228955746,-3.659379482269287
-0.2732991985976696,-6.3713908195495605
0.7092952728271484,-5.201077461242676
-5.8327317237854,-6.850790977478027
-11.462199687957764,-5.267918109893799
-0.22635459899902344,-2.597963809967041
5.756032466888428,-2.3539304733276367
4.871630668640137,-3.8175582885742188
1.8000602722167969,-4.826974868774414
7.232403755187988,-3.9539337158203125
2.6171088218688965,-0.6597518920898438
-6.91530704498291,1.446545124053955
-2.0629405975341797,5.786621570587158
4.474472999572754,4.302549362182617
-3.471994400024414,0.8452653884887695
-4.622399806976318,4.253518581390381
3.710639476776123,1.1230230331420898
-1.932692527770996,4.774796962738037
-3.4209251403808594,1.8488407135009766
1.9050002098083496,1.5404939651489258
1.3922452926635742,0.288319606333971
-1.1850833892822266,-2.2652506828308105
-3.0826568603515625,0.9162545204162598
-2.5441408157348633,2.6713967323303223
-2.566695213317871,4.437696933746338
-2.7016520500183105,4.416179656982422
1.387345790863037,1.70820951461792
6.016802787780762,0.8915544301271439
2.991008758544922,2.964627742767334
4.324448108673096,3.6008358001708984
7.011628150939941,2.6211023330688477
4.304063320159912,2.7432680130004883
3.6859989166259766,1.025223731994629
8.840131759643555,-0.6508588790893555
3.356635570526123,4.226863384246826
0.6301403045654297,1.6993999481201172
0.6090044975280762,1.8281102180480957
-5.819916725158691,0.873112678527832
-4.959166049957275,-1.354968547821045
1.3100385665893555,0.23226739838719368
0.5453348159790039,1.3389110565185547
-0.16790630295872688,0.08263589814305305
2.7853846549987793,2.204716205596924
0.12502670288085938,-0.065767802298069
-4.447126388549805,-0.2599954977631569
-0.5798101052641869,2.7920961380004883
3.649580478668213,4.2031168937683105
6.37286901473999,4.904818534851074
9.871304035186768,3.6443471908569336
9.373867511749268,2.8606772422790527
5.01856803894043,1.4017224311828613
-3.1589269638061523,4.866456985473633
-2.1570444107055664,2.394223213195801
-2.0389676094055176,1.2504100799560547
-2.9625654220581055,2.1115660667419434
0.9835720062255859,-3.8492918014526367
2.0135879516601562,-1.0106205940246582
-5.540108680725098,-2.0711183547973633
-5.655384063720703,-4.660332202911377
-7.8392863273620605,-1.969289779663086
-8.2375168800354,-1.6474485397338867
-2.206265926361084,-2.00498104095459
2.005624771118164,-1.0611773282289505
-0.19137859344482422,-2.9567718505859375
2.4315595626831055,-0.16676189377903938
1.181948184967041,1.4758825302124023
-5.580568313598633,3.980386257171631
-4.401850700378418,3.196072578430176
1.9427061080932617,5.605208873748779
1.3569951057434082,1.5832781791687012
6.199824810028076,2.036416530609131
7.353532314300537,2.753448486328125
5.242955684661865,0.8109807968139648
-1.4645576477050781,-1.209104135632515
-5.342841148376465,-2.338886260986328
-5.013442039489746,-2.7275443077087402
-6.163144111633301,-3.528106212615967
-2.8229832649230957,-2.893400192260742
2.9445290565490723,-5.406057834625244
1.3128876686096191,-7.530331611633301
-2.2780537605285645,-5.2143096923828125
-3.2040834426879883,-8.09943675994873
-3.5533785820007324,-3.877711296081543
-6.825041770935059,-4.617667198181152
1.9116640090942383,-6.913876533508301
3.955698013305664,-5.319070816040039
3.0979275703430176,-3.2312870025634766
3.719055652618408,0.13070110231637955
3.8109898567199707,2.0551323890686035
-4.626166820526123,4.387295246124268
-3.3816099166870117,2.385270595550537
0.9230852127075195,3.1510233879089355
2.839779853820801,2.9653429985046387
6.813991069793701,3.181016445159912
8.061480522155762,4.047250747680664
4.896688461303711,3.569364547729492
-1.0724186897277832,3.190457820892334
-2.9759645462036133,-0.050103701651096344
-6.217718124389648,0.8753418922424316
2.624785900115967,-0.7310987263917923
2.3168087005615234,-2.0635366439819336
1.6708850860595703,0.7594823837280273
-2.793610095977783,0.36361221224069595
-3.07542085647583,1.5366792678833008
-8.91735553741455,3.3170700073242188
-3.8434505462646484,-3.8958072662353516
-4.127633571624756,0.8897066116333008
6.49869441986084,-1.267409324645996
1.351010799407959,-2.8597354888916016
-0.23893119767308235,-1.8551826477050781
-3.2832741737365723,0.7847428321838379
-2.221059799194336,0.15922779217362404
-7.211947441101074,2.1865487098693848
1.7569780349731445,-2.283024787902832
6.2591552734375,-5.296838283538818
6.265580654144287,-2.954578399658203
1.9306540489196777,-4.750919342041016
3.0824780464172363,-2.34757661819458
-5.72129487991333,-2.0876646041870117
-6.2789201736450195,-3.868997097015381
-3.4296393394470215,-5.103456974029541
0.6211400032043457,-7.1248650550842285
0.026833999436348677,-9.559476375579834
0.5150080099701881,-7.447409629821777
-7.063961029052734,-6.705343723297119
-6.896829605102539,-7.98490047454834
-8.629071712493896,-4.660844802856445
-9.633493423461914,-5.37489652633667
-0.8623241633176804,-2.0523428916931152
3.7761926651000977,2.3853063583374023
1.7678499221801758,0.04062649793922901
1.0755419731140137,1.4484524726867676
2.584242820739746,4.703247547149658
0.4697084054350853,7.507228851318359
3.3856630325317383,12.470436096191406
8.866918087005615,13.149440288543701
12.408220767974854,9.238195419311523
8.3085298538208,8.105599880218506
9.430265426635742,10.905063152313232
6.158924102783203,11.84391975402832
-0.8652924746274948,14.542925357818604
-0.8983969688415527,8.269786834716797
3.6670923233032227,4.85079288482666
2.3692727088928223,4.448270797729492
-1.7141103744506836,1.937854290008545
0.3650664910674095,1.39847993850708
0.8229613304138184,-2.9150962829589844
-9.60315465927124,-3.0304670333862305
-3.2393455505371094,-7.418704032897949
2.3480653762817383,-10.00823974609375
-2.8006792068481445,-9.239089488983154
-6.148159503936768,-8.373796939849854
0.13842579908668995,-8.84394645690918
-5.086386203765869,-8.228683471679688
-4.66080904006958,-8.199560642242432
-0.7567285746335983,-5.390632152557373
6.0363054275512695,-1.889479160308838
-1.1116862297058105,4.706764221191406
-2.1018505096435547,1.3701438903808594
0.3708004951477051,5.205190181732178
-1.0651230812072754,6.978881359100342
0.328826904296875,6.704950332641602
4.168331623077393,10.738992691040039
2.9964685440063477,8.399021625518799
-2.050936222076416,8.790206909179688
-0.8939980715513229,10.519576072692871
4.19163703918457,7.749974727630615
0.541234016418457,7.164061069488525
9.010112285614014,5.941915512084961
7.483816146850586,2.8717041015625
5.6850433349609375,-1.760852336883545
1.5840768814086914,-2.552056312561035
-1.1731386184692383,-7.351171970367432
1.1087297648191452,-3.469717502593994
-2.173769474029541,-2.1155476570129395
0.20673269405961037,-4.889273643493652
1.2646913528442383,-3.392934799194336
-0.10257960297167301,-10.129880905151367
1.1056066304445267,-11.384665966033936
0.6485580652952194,-4.72257137298584
-2.320873737335205,-0.7998228073120117
0.6796360015869141,0.6098150834441185
-5.101871490478516,-0.1811503991484642
-5.84036111831665,-2.4547815322875977
0.9517312049865723,-1.1661887168884277
2.5899410247802734,-1.215362474322319
-0.3142238035798073,-2.5031089782714844
1.604926586151123,2.6451468467712402
-0.21462440490722656,0.21703239530324936
-7.424831390380859,-3.351616859436035
-4.7782182693481445,-0.8035063743591309
-1.0982155799865723,-1.6852855682373047
-0.6825923919677734,-0.44460300356149673
3.718554973602295,-0.010836099972948432
-0.45729879289865494,-2.8684258460998535
-2.3884057998657227,-0.9022831916809082
-3.0066370964050293,2.6228785514831543
-1.7258763313293457,1.364433765411377
1.4850378036499023,2.445507049560547
2.7384400367736816,1.833498477935791
5.410206317901611,0.23753639310598373
0.5548596009612083,0.4247903823852539
-3.4312009811401367,2.351820468902588
-1.212000772356987,4.235541820526123
-1.2175202369689941,7.026267051696777
-4.173243045806885,4.981517791748047
2.7366161346435547,-2.1574854850769043
1.8657922744750977,-1.138150691986084
-7.122457027435303,-3.7281274795532227
-10.332560539245605,-0.6646633148193359
-1.9201159477233887,-1.324927806854248
-5.046677589416504,-6.460821628570557
-4.33882474899292,-6.440889835357666
4.3442606925964355,-3.355097770690918
5.383741855621338,-7.2167158126831055
-7.5014472007751465,-5.9012651443481445
-4.61888313293457,-8.087503910064697
-1.9120454788208008,-2.6441574096679688
-6.869935989379883,1.3481378555297852
4.022109508514404,5.046069622039795
12.274312973022461,2.8552651405334473
7.688498497009277,4.12592887878418
2.0668983459472656,4.195904731750488
3.0086398124694824,4.615223407745361
-5.012142658233643,5.707657337188721
-7.320094108581543,4.605233669281006
4.559755325317383,6.130576133728027
7.932829856872559,5.014514923095703
5.217576026916504,2.5455594062805176
6.251204013824463,1.3638854026794434
-3.509032726287842,0.0744342990219593
-4.337859153747559,-1.5800714492797852
-3.180098533630371,-2.4917960166931152
-4.254019260406494,-5.295324325561523
-0.9530425071716309,-3.778958320617676
2.5350332260131836,0.06620880216360092
-3.251373767852783,-3.748655319213867
-7.206785678863525,-6.140410900115967
-5.332052707672119,-6.403350830078125
-3.1316280364990234,-5.546665191650391
-0.34728050231933594,-1.3670802116394043
5.974912643432617,0.7465124130249023
7.924079895019531,-1.1710525304079056
3.8372397422790527,-0.7088779658079147
-0.008571100188419223,1.7763853073120117
3.238856792449951,2.5097012519836426
1.1556267738342285,4.932665824890137
-2.3076295852661133,2.117156982421875
1.6835808753967285,3.6594748497009277
3.105306625366211,3.7263870239257812
-4.902064800262451,1.2468338012695312
-4.287588596343994,-0.6504058837890625
-4.656493663787842,0.003957700100727379
-2.3794174194335938,-1.9311070442199707
-3.897988796234131,-0.7198929786682129
-0.7716655731201172,-3.0620932579040527
0.3832697868347168,-4.439127445220947
-0.9713649749755859,-2.3390889167785645
-0.17589330673217773,-3.116893768310547
1.4820456504821777,-1.2441278249025345
-1.013040468096733,1.6024351119995117
1.4899134635925293,0.38363929837942123
2.8530120849609375,2.776515483856201
7.0709228515625,5.358219146728516
2.9217123985290527,4.378342628479004
7.0701003074646,7.66218900680542
2.4981141090393066,8.16342830657959
4.596829414367676,9.419918060302734
2.3755908012390137,7.71791934967041
1.1851072311401367,6.39188289642334
-1.0292410850524902,3.7140488624572754
2.736330032348633,5.440354347229004
-3.8497328758239746,0.8731008321046829
-0.2282143011689186,0.8721709251403809
-3.9598464965820312,-1.730799674987793
-2.727055549621582,-1.1609911918640137
0.9755373001098633,-1.850593090057373
-0.22866729646921158,-3.528916835784912
2.036774158477783,-4.791438579559326
5.154991149902344,-3.7822484970092773
5.61213493347168,-2.4420738220214844
2.5310397148132324,0.4070639982819557
1.5871405601501465,3.1410574913024902
4.545438289642334,2.2974610328674316
3.692317008972168,1.8978118896484375
4.018998146057129,1.7318129539489746
5.845355987548828,4.655909538269043
4.149138927459717,1.3207077980041504
-2.881193161010742,4.025447368621826
-5.543982982635498,-0.3972291946411133
-5.239987373352051,1.7876982688903809
-7.048404216766357,0.44292211532592773
-4.045307636260986,0.21234750747680664
0.4849553108215332,0.9551286697387695
-0.2594709023833275,-0.37697549909353256
-1.673567295074463,-3.576982021331787
-5.096673965454102,-1.4351725578308105
-6.719601154327393,-0.3632783889770508
-3.300940990447998,4.031884670257568
-1.23060941696167,2.68402099609375
1.531529426574707,0.9950041770935059
5.348801612854004,-1.3864636421203613
2.496469020843506,0.8739590644836426
-2.545905113220215,3.0802249908447266
-3.179657459259033,5.759119987487793
-2.1961331367492676,2.208423614501953
0.45293569564819336,-0.6484509259462357
2.8664350509643555,-1.0583996772766113
3.207063674926758,-0.21387340500950813
-0.8456707000732422,-0.32072070986032486
-4.4623494148254395,-2.120327949523926
-7.701206207275391,-4.080355167388916
-5.301880836486816,-9.178781509399414
2.38494873046875,-7.641899585723877
4.368197917938232,-4.528069496154785
2.307891845703125,-1.0819076746702194
1.35880708694458,-3.0002951622009277
-4.064643383026123,-4.1640400886535645
-9.681057929992676,-5.64272403717041
-0.9307265281677246,-0.2947092056274414
3.2710790634155273,3.9477944374084473
-1.0611295700073242,1.922607421875
-1.285552978515625,2.9570817947387695
7.236850261688232,1.287543773651123
1.019132062792778,2.135789394378662
-3.5335421562194824,6.1577677726745605
3.9122939109802246,4.367280006408691
6.425285339355469,1.3666629791259766
-3.084707260131836,1.0138750076293945
1.0318517684936523,2.544879913330078
9.12473201751709,0.2542137913405895
7.1662068367004395,2.686929702758789
4.978537559509277,-4.8133134841918945
5.221652984619141,-3.6071300506591797
0.9111403673887253,-3.767096996307373
-11.993908882141113,-2.783644199371338
-6.747448444366455,0.052380599081516266
-2.7330517768859863,1.1361836642026901
-2.722036838531494,-2.415621280670166
-3.3094048500061035,-1.826643943786621
-0.725102424621582,0.3408193960785866
-5.676710605621338,2.1709442138671875
-9.79839563369751,4.730832576751709
-9.797108173370361,3.4868478775024414
-4.436194896697998,-0.43793920427560806
-0.47872070223093033,-3.1157970428466797
1.4750480651855469,1.9280791282653809
3.999185562133789,-1.1017560958862305
6.170535087585449,-0.4906773939728737
0.09353159926831722,-6.150484085083008
-3.8001179695129395,-9.324896335601807
0.6649494171142578,-5.7021260261535645
8.22359323501587,-2.8127431869506836
6.5003156661987305,-7.584118843078613
4.036283493041992,-7.354521751403809
5.003261566162109,-10.946130752563477
-0.14258620329201221,-10.790324211120605
-11.703085899353027,-7.80872106552124
0.2465962991118431,-8.371412754058838
-0.7402539253234863,-6.163692474365234
-10.624086856842041,-8.224022388458252
-0.6233334913849831,-6.212186813354492
-1.949632167816162,-6.102871894836426
-13.42461109161377,0.26514530181884766
-11.649024486541748,0.3315567970275879
0.8856893330812454,7.556486129760742
0.052094501443207264,7.722878456115723
0.6178855895996094,7.700216770172119
13.202941417694092,8.284664154052734
11.805689334869385,12.294459342956543
2.445101737976074,8.557045459747314
4.268884658813477,11.626052856445312
-0.15423299744725227,7.974600791931152
3.4103035926818848,9.200263023376465
6.356620788574219,9.922218322753906
9.974420070648193,6.341660022735596
8.559167385101318,5.0873517990112305
6.765294075012207,0.4659413918852806
-1.6657233238220215,1.5829205513000488
-5.620932579040527,-2.253389358520508
-3.716576099395752,0.10998249985277653
-0.2695799060165882,-4.259979724884033
-3.1644344329833984,-6.467318534851074
-0.2947687916457653,-2.9477357864379883
2.649831771850586,-8.511817455291748
-1.7416000366210938,-9.19572114944458
-8.721530437469482,-6.965482234954834
-5.869853496551514,-2.719557285308838
-0.809180736541748,0.24544000625610352
-2.9788732528686523,-1.342451572418213
-3.474152088165283,-0.4654527083039284
4.597258567810059,-0.4572153091430664
0.5334854125976562,4.102206230163574
-9.86475944519043,6.6628336906433105
-0.22585390135645866,8.235633373260498
3.764355182647705,6.472599506378174
0.5736709013581276,6.649327278137207
2.5737643241882324,6.063485145568848
6.111705303192139,6.507539749145508
-1.2943029403686523,9.001994132995605
-3.4151196479797363,3.782045841217041
3.031480312347412,3.544783592224121
9.278309345245361,1.680898666381836
12.156534194946289,1.701819896697998
10.421717166900635,-0.05241630133241415
3.408384323120117,-2.422797679901123
3.190743923187256,-4.753744602203369
-1.9591808319091797,-2.888202667236328
-4.258012771606445,-4.117214679718018
5.679631233215332,0.5741595849394798
4.3242692947387695,-1.7783403396606445
-0.9827256202697754,-5.951225757598877
-1.3832926750183105,-10.502409934997559
-5.864477157592773,-7.713472843170166
-11.135649681091309,-2.496635913848877
-5.633103847503662,-0.49746040254831314
-2.9392480850219727,-0.18991230055689812
0.031828898936510086,-2.8414249420166016
1.4586210250854492,-4.014337062835693
3.504514694213867,-1.1717677116394043
-0.622260607779026,0.2830982021987438
-6.665372848510742,2.6750802993774414
-4.360949993133545,-6.047296524047852
1.4235496520996094,-6.775808334350586
-0.7081984728574753,-6.447720527648926
3.5623788833618164,-6.86107873916626
6.635129451751709,1.3958096504211426
-2.017831802368164,-3.0077457427978516
-8.962094783782959,-5.310070514678955
0.10159020312130451,-4.377412796020508
-1.190173625946045,-2.4251222610473633
-1.7169952392578125,2.250516414642334
2.6946187019348145,9.156286716461182
4.792284965515137,1.0765671730041504
-1.6472578048706055,-1.1201739311218262
-4.783737659454346,0.5701541900634766
0.5310893058776855,1.2606143951416016
1.2050390243530273,9.957468509674072
-2.5250792503356934,9.276974201202393
2.210843563079834,4.120755195617676
7.197475433349609,0.9903669357299805
-3.0640125274658203,2.0818591117858887
-3.517460823059082,0.9250879287719727
-0.6269931793212891,1.3144493103027344
-7.230496406555176,-0.5888938903808594
-5.369722843170166,-7.185494899749756
-0.059747700579464436,-8.844518661499023
-0.034713700879365206,-10.190320014953613
-1.4231204986572266,-8.304858207702637
-1.2526512145996094,-10.2303147315979
-4.575252532958984,-7.529783248901367
-5.283975601196289,-14.96971845626831
0.8884549140930176,-7.889413833618164
-5.4215192794799805,-2.688872814178467
0.8442044258117676,2.6633858680725098
8.802545070648193,5.014359951019287
0.49250129610300064,4.119110107421875
0.42777061462402344,4.552459716796875
4.604053497314453,9.607887268066406
2.5667905807495117,14.846420288085938
-4.953789710998535,12.862110137939453
2.319622039794922,14.388298988342285
3.6000490188598633,13.053321838378906
3.8207530975341797,8.025038242340088
4.650819301605225,10.026288032531738
7.670223712921143,8.401477336883545
0.25883909314870834,-0.8701562881469727
-1.7440438270568848,0.27179719880223274
-2.8308987617492676,-2.7718305587768555
4.327046871185303,-5.529439449310303
-1.4940500259399414,-3.467249870300293
-1.5961766242980957,-8.66636037826538
0.06442070007324219,-10.731196403503418
0.7912635803222656,-10.621023178100586
-5.768013000488281,-10.837101936340332
0.017452200409024954,-7.065248489379883
1.9715666770935059,-3.565382957458496
3.3028602600097656,-7.083249092102051
-0.5498528108000755,-3.6351799964904785
1.0779737681150436,-1.5215277671813965
0.24894479662179947,1.7126917839050293
0.2959847077727318,7.348644733428955
-3.762364387512207,9.682142734527588
-4.299342632293701,7.173895835876465
-0.515139102935791,7.544100284576416
-3.249669075012207,3.8254618644714355
-5.993843078613281,6.669902801513672
-1.049351692199707,6.981325149536133
-3.095734119415283,4.397618770599365
-7.87731409072876,0.12578959576785564
-3.1119227409362793,-1.9800066947937012
4.93617057800293,-3.3303022384643555
2.0967841148376465,-3.9579272270202637
1.0632873326539993,-4.293012619018555
2.61538028717041,-6.848049163818359
0.6008147820830345,-5.754268169403076
0.8729338645935059,-2.481353282928467
6.785070896148682,-5.378365516662598
12.886464595794678,-3.051924705505371
9.115123748779297,-0.9727597236633301
7.070338726043701,-2.496194839477539
3.403007984161377,2.0181655883789062
0.04476310219615698,2.1884918212890625
2.8058767318725586,6.1061859130859375
3.147745132446289,6.5201640129089355
0.4665375128388405,4.88656759262085
0.5310655012726784,5.515837669372559
-1.7776012420654297,3.1940221786499023
-7.78813362121582,3.9002060890197754
-10.59412956237793,4.090714454650879
-6.4841628074646,2.347230911254883
-5.134189128875732,-1.46256685256958
-3.5813450813293457,-2.9645800590515137
-0.16372200101613998,-3.849029541015625
3.876829147338867,-2.8702735900878906
1.9402861595153809,-2.7903079986572266
1.084280014038086,-2.3555397987365723
-0.03492830088362098,-2.2612810134887695
5.838453769683838,-1.8298029899597168
6.632804870605469,-1.6832232475280762
7.057487964630127,1.799619197845459
4.465675354003906,4.139137268066406
7.049620151519775,3.1287550926208496
3.92838716506958,3.4772515296936035
-0.3214240074157715,0.043451800011098385
0.567936897277832,1.5449047088623047
0.8265017718076706,6.816136837005615
-2.512204647064209,3.9123058319091797
-6.280577182769775,2.2814273834228516
-2.1802902221679688,2.9621362686157227
-0.926983430981636,-2.692854404449463
-3.363668918609619,1.2726545333862305
-4.437911510467529,1.3211846351623535
-1.4654278755187988,0.08521080017089844
-6.523394584655762,-1.53580904006958
-7.293832302093506,-1.768040657043457
-1.8920063972473145,-1.9416451454162598
2.6698827743530273,1.308894157409668
-0.9849905967712402,2.361428737640381
-0.5094408988952637,-1.2306571006774902
3.222024440765381,-1.254439353942871
2.2846102714538574,-0.8180379867553711
-0.4311918839812279,-2.0360946655273438
5.638885498046875,1.7769336700439453
3.654658794403076,2.868533134460449
0.33577680587768555,-4.040741920471191
-2.099943161010742,-3.1430840492248535
1.0410069674253464,-3.213834762573242
2.463209629058838,-3.5581111907958984
2.6065826416015625,0.09275670163333416
0.10691880248486996,-1.1139512062072754
4.006659984588623,-4.952096939086914
-2.364349365234375,-0.7157803326845169
-10.575532913208008,0.16595130786299706
-6.4635515213012695,1.7966866493225098
-2.9631972312927246,3.542196750640869
-6.322729587554932,-1.9167542457580566
0.617516003549099,-3.909623622894287
6.246912479400635,1.9720077514648438
0.15665290877223015,2.743375301361084
-4.707551002502441,5.018782615661621
-3.4810304641723633,4.7190070152282715
-7.362532615661621,2.0315051078796387
1.5666604042053223,-2.985870838165283
9.153878688812256,1.327979564666748
10.379612445831299,-1.8588542938232422
11.181938648223877,-3.1392812728881836
6.828451156616211,-0.16456840559840202
-2.1280407905578613,-3.9685964584350586
-2.5417685508728027,-2.5403499603271484
1.8032431602478027,-2.5881409645080566
3.9150357246398926,-3.975796699523926
8.935785293579102,-3.516232967376709
3.519582748413086,-1.6528844833374023
-1.2219548225402832,-4.01301383972168
-10.646891593933105,1.9262433052062988
-8.522450923919678,1.080787181854248
-13.25385570526123,4.628574848175049
-0.39942260831594467,-0.27028320357203484
-4.6700358390808105,1.0341882705688477
3.122580051422119,-4.133391380310059
-8.843028545379639,5.080115795135498
-7.411909103393555,3.953874111175537
-6.256318092346191,-0.2773403935134411
-3.599703311920166,0.8251786231994629
5.391263961791992,-5.743837356567383
6.529128551483154,-3.2616257667541504
11.11828088760376,-3.745591640472412
-2.4554014205932617,-4.695093631744385
-4.8235297203063965,-5.246174335479736
-2.306509017944336,-3.782510757446289
0.10205510072410107,-9.598827362060547
1.457977294921875,-6.722700595855713
8.220577239990234,-10.271608829498291
-0.25795700028538704,-9.958493709564209
-7.382023334503174,-8.02762508392334
-4.944944381713867,-5.00108003616333
-6.205582618713379,-8.275425434112549
-9.872114658355713,-6.08142614364624
1.6663074493408203,-1.1558771133422852
5.343759059906006,-3.118431568145752
-1.686394214630127,3.9098501205444336
2.7147769927978516,3.0939698219299316
6.711125373840332,4.905402660369873
5.95477819442749,7.123446464538574
3.3652424812316895,12.506270408630371
13.036489486694336,5.498194694519043
2.6571273803710938,9.116637706756592
0.5796194076538086,6.121551990509033
3.4848690032958984,6.124269962310791
4.894590377807617,10.555589199066162
2.530193328857422,7.003545761108398
5.391585826873779,7.680487632751465
5.445575714111328,4.017066955566406
-3.290677070617676,3.3877968788146973
-3.0617237091064453,-0.9343981742858887
-1.2964725494384766,0.6841778755187988
-7.4434638023376465,-0.9832143783569336
0.33706430345773697,-1.623976230621338
6.09745979309082,-5.388748645782471
-5.751955509185791,-5.74030876159668
-1.18927963078022,-4.527008533477783
1.8799066543579102,-4.783904552459717
-3.8027167320251465,-1.1848807334899902
-0.7010579109191895,-2.312648296356201
3.7035346031188965,-4.360902309417725
-1.6774773597717285,2.271091938018799
-0.37364959716796875,1.472485065460205
-1.7979621887207031,3.048539161682129
-3.903365135192871,4.470813274383545
-0.12921090237796307,2.074599266052246
1.7538070678710938,5.662989616394043
-1.3510346412658691,11.5067720413208
0.06070139817893505,6.901836395263672
0.15789270401000977,6.342828273773193
-1.208484172821045,4.820072650909424
4.260540008544922,2.4333596229553223
10.26308536529541,4.156219959259033
9.761559963226318,1.38014554977417
7.898879051208496,0.879359170794487
5.894565582275391,0.5894302949309349
2.5719761848449707,-0.6841540336608887
1.6527652740478516,-1.2562990188598633
3.1645894050598145,-1.8813252449035645
5.0958991050720215,-5.071234703063965
5.961203575134277,-4.683518409729004
4.655659198760986,-6.395518779754639
-3.1761527061462402,-4.0030598640441895
-4.265344142913818,-4.911172389984131
-6.706368923187256,-4.6851396560668945
-7.995259761810303,-4.274296760559082
-0.9785175323486328,-4.295635223388672
-0.5579710006713867,-3.7671685218811035
-1.0767102241516113,-0.3933430090546608
-2.7861595153808594,5.356085300445557
-5.161178112030029,2.7099132537841797
-7.503962516784668,1.2616634368896484
-3.3425331115722656,1.0704874992370605
-1.3696789741516113,-1.7146706581115723
4.90182638168335,0.007724799797870219
2.0659804344177246,1.3338804244995117
-3.494715690612793,-5.845999717712402
-7.169461250305176,1.536118984222412
-6.342566013336182,-5.166316032409668
-5.152308940887451,-4.093670845031738
2.083146572113037,-0.9206414222717285
7.977950572967529,-7.776165008544922
6.167936325073242,-8.036696910858154
-1.417088508605957,-3.3864855766296387
0.8818984031677246,-3.8147330284118652
-2.8853416442871094,0.1282333955168724
-3.5040855407714844,1.297760009765625
4.114329814910889,-3.332817554473877
11.091339588165283,-2.069985866546631
6.939983367919922,1.4296174049377441
5.476629734039307,-1.7465591430664062
4.630899429321289,5.244171619415283
-6.408941745758057,6.61313533782959
-3.0472397804260254,1.2727975845336914
-1.5085339546203613,4.936182498931885
-1.174914836883545,-1.018214225769043
-0.26340480893850327,-0.4197597876191139
-4.076480865478516,-3.947770595550537
-8.954310417175293,-9.110438823699951
-10.833382606506348,-9.876537322998047
-10.528719425201416,-8.804035186767578
-14.900040626525879,-3.4415721893310547
-9.221470355987549,-4.481863975524902
2.0675301551818848,-3.829634189605713
-3.0945420265197754,-7.651102542877197
-2.049565315246582,-2.6912331581115723
2.8303027153015137,3.315603733062744
7.494652271270752,10.807311534881592
0.36476850509643555,9.351444244384766
2.0037174224853516,6.172072887420654
11.595213413238525,7.093238830566406
13.819277286529541,7.852733135223389
12.468373775482178,9.742891788482666
12.383604049682617,13.600921630859375
8.431828022003174,6.313300132751465
-0.8895754814147949,7.9373955726623535
-6.466388702392578,5.39705753326416
0.9176254272460938,3.418910503387451
2.6309967041015625,2.669072151184082
-4.601478576660156,-1.2153148651123047
-4.92323637008667,-7.503974437713623
-5.297279357910156,-5.157101154327393
-14.465117454528809,-9.463417530059814
-12.359464168548584,-9.660577774047852
-5.341494083404541,-7.381463050842285
0.8145332336425781,-11.559712886810303
2.816307544708252,-11.451911926269531
2.1440505981445312,-8.781623840332031
4.453122615814209,-7.01528787612915
4.907405376434326,-1.2071490287780762
-1.9752740859985352,-0.3983497992157936
0.29543640092015266,-0.11488200165331364
6.551826000213623,2.917039394378662
3.1837821006774902,4.261350631713867
1.83638334274292,4.975652694702148
8.491837978363037,10.65605878829956
0.43801069259643555,13.503921031951904
-8.003532886505127,5.751621723175049
-2.3989439010620117,7.876932621002197
-1.507568359375,3.013932704925537
-4.096972942352295,1.3263702392578125
2.1192431449890137,1.7450571060180664
2.8315186500549316,-0.9779214859008789
-5.660688877105713,-3.0612826347351074
-2.0575523376464844,0.5378007888793945
-2.572190761566162,-3.660094738006592
-0.7410764694213867,-3.2636046409606934
3.262472152709961,-2.1622776985168457
5.045723915100098,-2.5077104568481445
2.3850560188293457,-5.17582893371582
4.7806501388549805,0.9650945663452148
2.7905702590942383,-0.20247699692845345
4.505252838134766,2.0485281944274902
0.5212784186005592,6.551110744476318
1.0541439056396484,2.4216651916503906
3.924286365509033,3.5526633262634277
-1.316690444946289,4.708003997802734
-3.641176223754883,7.439279556274414
1.247716024518013,8.648252487182617
-2.3156285285949707,8.687901496887207
-3.0097603797912598,3.453707695007324
5.80519437789917,2.21174955368042
4.117381572723389,3.812706470489502
4.826796054840088,1.689469814300537
5.273604393005371,2.155125141143799
1.6925811767578125,-0.35827159881591797
2.216494083404541,0.2656101994216442
6.383788585662842,-0.41012760251760483
4.687559604644775,2.018725872039795
2.6278138160705566,-0.5757331848144531
3.3710598945617676,-2.006518840789795
-0.7567048072814941,-1.9382357597351074
-2.905595302581787,-3.523683547973633
-1.9693851470947266,0.9073376655578613
-5.996263027191162,1.5461087226867676
-5.203044414520264,1.8017292022705078
-2.702009677886963,-1.2751579284667969
-2.038872241973877,1.2244700640439987
-2.364051342010498,1.0357022285461426
2.521359920501709,1.2199878692626953
0.9605050086975098,4.0840744972229
-2.458667755126953,3.332996368408203
0.19150970503687859,2.699756622314453
1.8522858619689941,3.5033702850341797
0.5004047974944115,0.7305622100830078
1.110386773943901,3.128695487976074
1.2703418731689453,3.0785679817199707
-2.67333984375,2.4881958961486816
-2.2119998931884766,1.0312914848327637
-0.6223320960998535,1.253819465637207
-0.5067944899201393,0.9930610656738281
-0.6534696370363235,3.376448154449463
-2.3680925369262695,-1.454305648803711
-2.0566940307617188,-5.075359344482422
-4.622793197631836,-3.4516096115112305
-4.228508472442627,-4.744958877563477
-0.847327709197998,-3.117704391479492
1.3074159622192383,-4.444074630737305
0.9129642695188522,-8.369529247283936
4.381823539733887,-7.712769508361816
3.817105293273926,-6.7725300788879395
-2.7662277221679688,-6.219649314880371
-1.927483081817627,-4.337310791015625
-2.12252140045166,-4.158520698547363
-1.4951586723327637,-6.038033962249756
-0.07932189851999283,-0.33904310315847397
5.571258068084717,-2.1968841552734375
4.0482401847839355,-2.6403069496154785
-3.800797462463379,3.5617828369140625
-2.796351909637451,-0.8964061737060547
-2.4094343185424805,2.0493268966674805
-4.678869247436523,2.3250222206115723
1.8045902252197266,1.4274239540100098
9.265351295471191,2.6182055473327637
4.775893688201904,2.306234836578369
5.18336296081543,-3.1949758529663086
5.352365970611572,-2.4172306060791016
-2.897310256958008,-0.3135085105895996
-1.750481128692627,0.8810281753540039
1.6742229461669922,0.9356380254030228
0.6476283073425293,-2.4556875228881836
0.01587869948707521,-1.019132062792778
1.094949170947075,-1.824355125427246
0.009763200068846345,-0.42061809450387955
-4.215562343597412,-0.8938909322023392
-11.752140522003174,5.326354503631592
-7.67287015914917,1.1264563351869583
-9.713518619537354,2.4285435676574707
0.8205533027648926,-0.9538769721984863
-10.93297004699707,3.744041919708252
5.6728363037109375,-0.42051080614328384
-5.145847797393799,5.548405647277832
-0.0661492021754384,-4.364752769470215
-1.304161548614502,-0.06041530054062605
13.088524341583252,-1.2685418128967285
-2.1640658378601074,-2.614319324493408
5.955219268798828,-1.8707752227783203
4.165923595428467,-1.3942241668701172
2.6401400566101074,-6.713378429412842
-3.6196351051330566,-8.68445634841919
8.160042762756348,-5.404186248779297
3.9217710494995117,-9.920477867126465
0.033521701116114855,-7.486379146575928
-9.231126308441162,-8.758544921875
-0.2935886010527611,-12.768054008483887
-8.483338356018066,-7.861268520355225
-12.098312377929688,-4.623651504516602
-5.182278156280518,-5.838954448699951
-1.9904494285583496,1.2593865394592285
-8.445549011230469,-2.66646146774292
-2.309906482696533,0.5535602942109108
3.1854867935180664,5.014240741729736
5.86698055267334,9.507715702056885
6.837499141693115,10.894501209259033
9.732139110565186,9.614396095275879
10.636472702026367,9.804093837738037
7.278239727020264,7.136988639831543
4.851770401000977,11.315524578094482
3.867816925048828,14.047586917877197
3.268134593963623,14.306998252868652
5.424129962921143,11.187005043029785
6.235611438751221,7.321929931640625
3.0001401901245117,2.0131707191467285
3.004181385040283,5.330038070678711
-3.345811367034912,1.9905686378479004
-1.6985058784484863,0.1002908032387495
-5.721640586853027,-2.5328636169433594
-0.9098649024963379,-8.382999897003174
-1.3503789901733398,-7.881522178649902
0.13459919951856136,-7.703244686126709
-3.2732725143432617,-8.286702632904053
-3.1957387924194336,-9.723782539367676
-2.332139015197754,-11.592066287994385
-5.922031402587891,-9.03317928314209
-3.65297794342041,-4.658341407775879
-0.11510849930346012,-1.4109253883361816
-3.1595706939697266,-3.283357620239258
-0.1816391944885254,-1.024329736828804
1.8289685249328613,1.707768440246582
0.6146550178527832,4.040360450744629
-4.644227027893066,7.6459527015686035
-2.8191566467285156,7.532060146331787
-3.1028032302856445,8.666014671325684
-0.21498199552297592,7.431209087371826
5.0353169441223145,10.876202583312988
13.191378116607666,7.369208335876465
7.61183500289917,12.334883213043213
8.929610252380371,8.909690380096436
5.846071243286133,3.0376553535461426
1.2054443359375,4.559850692749023
2.9196858406066895,4.853081703186035
8.785474300384521,2.013564109802246
7.10606575012207,-0.6708025932312012
4.553592205047607,-2.5060176849365234
3.0244946479797363,-9.279680252075195
-3.8352131843566895,-7.353711128234863
-9.174513816833496,-1.8755912780761719
-3.7263989448547363,-10.046792030334473
-2.12937593460083,-5.23306131362915
-3.151679039001465,-9.68160629272461
-3.5913705825805664,-10.049676895141602
-1.1039137840270996,-1.2325286865234375
-6.182432174682617,0.9694218635559082
-9.098577499389648,-0.6946682929992676
-5.362200736999512,3.675556182861328
-0.886070728302002,-0.9241104125976562
-1.5340685844421387,-0.06916520185768604
3.510308265686035,2.7101993560791016
4.14581298828125,0.08853670209646225
-1.737511157989502,-1.5747308731079102
-6.27361536026001,-0.09276869706809521
-3.305685520172119,-2.423417568206787
0.8346796035766602,-2.2123217582702637
-1.2507915496826172,-0.10714530013501644
4.05040979385376,-1.7438530921936035
10.069334506988525,-5.852210521697998
-1.4681458473205566,-5.316877365112305
-2.7606725692749023,1.1053680628538132
1.4234066009521484,4.855859279632568
0.819694995880127,6.28514289855957
-2.5037169456481934,1.1699677258729935
4.428756237030029,-1.2281537055969238
2.379119396209717,1.8691778182983398
-2.469944953918457,3.280973434448242
-1.8976807594299316,5.689859390258789
-3.1873583793640137,2.035069465637207
-2.698659896850586,2.1962523460388184
-1.8693089485168457,-2.455413341522217
-1.9083023071289062,-4.2279839515686035
0.7477282732725143,-3.332078456878662
-3.7072062492370605,-6.292152404785156
-4.886066913604736,-5.137050151824951
-8.60142707824707,-8.57076644897461
-3.8773179054260254,-16.82748794555664
-7.2940826416015625,-8.798301219940186
-4.738807678222656,-6.400847434997559
-1.9350528717041016,-0.4757881164550781
2.7490615844726562,2.1193981170654297
-1.633894443511963,-1.5605926513671875
1.1125683784484863,-0.8883833885192871
5.896508693695068,3.934955596923828
6.140661239624023,10.455167293548584
-0.752103328704834,10.445213317871094
5.366206169128418,12.59913444519043
3.7810683250427246,9.385180473327637
7.509112358093262,5.021917819976807
8.91430377960205,10.186553001403809
7.269048690795898,8.429718017578125
-0.6798624992370605,7.45471715927124
3.456854820251465,6.056451797485352
-4.036009311676025,-4.407775402069092
-0.2798200026154518,-4.030895233154297
1.3458609580993652,-4.378175735473633
-1.6680479049682617,-5.6290388107299805
-3.481018543243408,-4.139876365661621
-4.229462146759033,-9.11322832107544
-8.052098751068115,-13.218283653259277
-4.301953315734863,-12.859463691711426
-2.7115702629089355,-3.9476633071899414
1.0054469108581543,-0.1353501994162798
0.8640646934509277,-2.1326541900634766
-0.3351091966032982,-5.3490400314331055
-0.16169549897313118,-6.104791164398193
1.4780044555664062,2.8810620307922363
-1.7591357231140137,9.271514415740967
5.597579479217529,8.442974090576172
4.802870750427246,5.474913120269775
-4.095911979675293,0.6382226943969727
2.098965644836426,2.5054454803466797
2.2904038429260254,6.230878829956055
-5.7425856590271,5.311930179595947
-2.595508098602295,4.735565185546875
3.829050064086914,-1.573491096496582
-3.551363945007324,-9.4016432762146
-3.6734700202941895,-4.990339279174805
-0.8511185646057129,-2.8190135955810547
-2.4985790252685547,0.8498787879943848
-4.532253742218018,-1.7252802848815918
-0.7773399353027344,-2.9680490493774414
4.153478145599365,-6.355345249176025
3.9667129516601562,-1.3016223907470703
1.2696146965026855,5.992698669433594
5.883276462554932,8.398199081420898
2.878272533416748,6.653642654418945
0.6795883178710938,6.759464740753174
2.9015660285949707,3.3254623413085938
5.5327534675598145,9.52301025390625
1.3040542602539062,13.658130168914795
2.094745635986328,9.063935279846191
-1.3730645179748535,5.899572372436523
-2.0137786865234375,5.404627323150635
0.09160039946436882,-1.2082933634519577
5.500435829162598,2.9145359992980957
-0.4560708999633789,2.553725242614746
1.3646364212036133,-1.471257209777832
1.9228458404541016,-1.1727333068847656
-0.22684339433908463,-4.460859298706055
1.5377402305603027,-5.341780185699463
6.772613525390625,-0.21114349365234375
4.647696018218994,-0.36023858934640884
0.6564736366271973,-2.8664112091064453
1.2443184852600098,1.7665505409240723
-2.962195873260498,0.813138484954834
-2.5504112243652344,1.5465378761291504
5.352127552032471,5.884552001953125
1.6440749168395996,2.775275707244873
1.1467576026916504,1.8205642700195312
0.23277999833226204,4.125452041625977
-7.908773422241211,0.602865181863308
-8.328640460968018,7.698452472686768
-2.183699607849121,8.026361465454102
-3.8331151008605957,3.6544322967529297
2.99912691116333,1.9600272178649902
5.3260087966918945,1.1204242706298828
2.2767186164855957,1.063990592956543
-3.3367037773132324,3.158748149871826
-4.187572002410889,2.7709484100341797
-5.130338668823242,-1.0115742683410645
-0.15188460238277912,-2.927553653717041
0.8649587631225586,0.17828939482569695
3.7645936012268066,-2.0149707794189453
3.03499698638916,0.9387136250734329
-4.8362135887146,-2.6215195655822754
-7.771587371826172,-3.2653331756591797
-2.1179914474487305,-1.1098741739988327
-5.534780025482178,-1.9688963890075684
-4.392540454864502,-3.331422805786133
2.2551536560058594,-1.6150832176208496
-0.4507898911833763,-4.245162010192871
-2.6928305625915527,-7.1750640869140625
3.3641815185546875,-5.094277858734131
0.6905317306518555,-5.162239074707031
0.9090303629636765,-4.116427898406982
4.687142372131348,-1.7198681831359863
-0.11085269972681999,-5.04070520401001
-2.2391796112060547,-5.062007904052734
-0.5270243063569069,-1.6296148300170898
0.3778814896941185,0.015771399484947324
-2.134382724761963,-1.1441587656736374
-0.10796790011227131,-1.0913968086242676
4.828441143035889,-1.7586350440979004
3.70333194732666,0.7743000984191895
-0.20396709442138672,1.122605800628662
-1.3002991676330566,1.0121464729309082
-2.979421615600586,-0.525963306427002
-6.869614124298096,2.8466105461120605
-0.48525329679250717,0.23850200697779655
7.577729225158691,1.8631339073181152
8.672809600830078,0.36984678357839584
8.692502975463867,-4.098749160766602
5.239510536193848,-3.8146138191223145
0.10610819794237614,-0.47205690294504166
-9.692764282226562,-1.4962553977966309
-8.472704887390137,2.226436138153076
-4.057681560516357,0.3044724091887474
-0.13487339951097965,1.6870975494384766
-0.11882780119776726,0.0014544000441674143
0.9128928184509277,4.737746715545654
-3.8472771644592285,3.625667095184326
-10.543525218963623,5.5368781089782715
-8.627653121948242,6.785571575164795
-5.027925968170166,0.9186863899230957
0.7074356079101562,-1.1028289794921875
1.2364745140075684,2.3637771606445312
8.98134708404541,-1.036977767944336
3.7374377250671387,1.224970817565918
-4.798007011413574,-4.465329647064209
-6.304574012756348,-8.649873733520508
7.828640937805176,-6.3666462898254395
9.415245056152344,-10.311341285705566
3.7938952445983887,-7.656538486480713
11.348998546600342,-8.593297004699707
8.212506771087646,-9.169268608093262
-15.953218936920166,-11.92690134048462
-12.396776676177979,-7.80489444732666
3.555417060852051,-8.231604099273682
-5.711674690246582,-8.694970607757568
-9.89600419998169,-9.338212013244629
2.1358370780944824,-4.186093807220459
-2.8890252113342285,-4.933476448059082
-21.313321590423584,2.591240406036377
-12.306976318359375,2.3783206939697266
-3.4610986709594727,6.567931175231934
-2.9174208641052246,6.095874309539795
2.9998421669006348,6.699681282043457
12.513232231140137,6.52388334274292
8.33728313446045,13.224506378173828
1.5931129455566406,14.251995086669922
3.3437013626098633,10.798180103302002
7.469165325164795,11.055660247802734
10.876059532165527,4.342710971832275
16.04599952697754,3.9112210273742676
14.975333213806152,7.0929646492004395
6.471586227416992,6.214165687561035
0.5344272032380104,1.3175368309020996
-0.8270502090454102,3.313910961151123
-4.88741397857666,-2.841639518737793
-0.6701468676328659,-0.11845829896628857
5.312693119049072,-1.4548778533935547
0.11725430376827717,-4.617786407470703
-6.8674445152282715,-4.374754428863525
-6.615233421325684,-7.23111629486084
-5.995047092437744,-7.075440883636475
-6.87946081161499,-5.48323392868042
-4.118287563323975,-5.091822147369385
0.49674510955810547,-4.083383083343506
0.922095775604248,-2.5847434997558594
-8.13688039779663,-5.318057537078857
-7.936704158782959,-0.5677461996674538
-3.14939022064209,2.8145670890808105
-1.5457630157470703,8.998334407806396
-2.2513866424560547,5.688679218292236
6.545746326446533,5.018627643585205
2.9829025268554688,7.037508487701416
-0.014269399689510465,5.452585220336914
-0.5910516157746315,11.348104476928711
2.8961658477783203,7.064318656921387
4.586684703826904,5.750322341918945
7.652175426483154,4.590857028961182
11.994552612304688,3.276968002319336
11.827361583709717,4.430913925170898
5.564272403717041,3.5419821739196777
0.47434568405151367,-0.046884999610483646
3.6411166191101074,-0.4020094871520996
2.365565299987793,0.10422470048069954
1.3854742050170898,-4.139459133148193
6.245589256286621,-0.6151438131928444
-2.1251440048217773,-4.984188079833984
-8.41207504272461,-7.803797721862793
-4.974246025085449,-5.787146091461182
-5.785155296325684,-6.191468238830566
-7.512247562408447,-4.1141510009765625
-1.1955022811889648,-0.9351491928100586
1.3580083847045898,-5.299735069274902
-4.496335983276367,-3.819429874420166
-4.744148254394531,-3.9767026901245117
0.5457282066345215,-4.200279712677002
-1.0221123695373535,1.8935799598693848
-1.990044116973877,0.31445030122995377
5.650961399078369,-6.983184814453125
4.833376407623291,-5.754387378692627
0.07393360137939453,-6.931328773498535
0.8065223693847656,-2.808260917663574
3.893423080444336,-0.9397029876708984
-3.324151039123535,-2.414274215698242
-2.82437801361084,-6.360721588134766
1.8780708312988281,-4.036271572113037
3.065025806427002,-2.8258919715881348
-0.2532958984375,-1.0210990905761719
-3.1505227088928223,1.5752434730529785
-5.829727649688721,3.5347342491149902
-3.0240297317504883,3.1332015991210938
-6.058502197265625,2.2365450859069824
-1.4675617218017578,6.586432456970215
3.3892393112182617,8.365857601165771
2.266049385070801,10.210323333740234
-3.3016204833984375,6.013607978820801
0.09307860396802425,2.0346641540527344
0.046598901972174644,3.814244270324707
-2.875351905822754,3.0573487281799316
-3.6835074424743652,-0.08111000061035156
3.3052921295166016,-3.912687301635742
-3.702700138092041,-7.877182960510254
-6.74440860748291,-12.014162540435791
0.8979558944702148,-10.212147235870361
-2.3173093795776367,-14.107084274291992
-10.971343517303467,-15.902602672576904
-10.338282585144043,-10.771846771240234
-7.868766784667969,-8.991312980651855
1.1650443077087402,-9.11870002746582
-0.5354404076933861,-6.164157390594482
6.409776210784912,-3.085660934448242
9.231829643249512,4.795265197753906
6.874644756317139,5.107688903808594
-3.5967350006103516,8.356928825378418
4.914259910583496,9.93187427520752
8.675181865692139,14.577555656433105
5.965232849121094,12.375736236572266
11.510348320007324,13.106119632720947
9.623527526855469,15.150046348571777
-0.46072009950876236,8.635497093200684
3.124356269836426,11.664140224456787
-0.3470420837402344,5.2215576171875
0.8773565292358398,0.630652904510498
-1.9931793212890625,0.22346969693899155
-3.1934738159179688,-3.521239757537842
-7.474613189697266,-5.303370952606201
-3.89937162399292,-7.37229585647583
-9.852886199951172,-9.42838191986084
-7.204937934875488,-9.688687324523926
-1.511526107788086,-9.781920909881592
1.8446683883666992,-11.138975620269775
-2.1589279174804688,-13.171720504760742
0.9664058685302734,-6.868255138397217
1.7125844955444336,-4.643750190734863
2.239251136779785,1.5685081481933594
-0.17459390684962273,4.3616533279418945
3.8759589195251465,1.4681220054626465
5.805623531341553,4.440653324127197
3.7102699279785156,8.51222276687622
0.037467500660568476,7.2750091552734375
1.0358691215515137,9.728074073791504
-3.8179755210876465,10.914397239685059
-6.27816915512085,5.938482284545898
-5.272245407104492,6.559360027313232
-3.12957763671875,4.191958904266357
0.2819537930190563,-1.7936944961547852
0.8684039115905762,1.4319777488708496
-0.5754948034882545,-2.5618672370910645
-1.367807388305664,-3.567826747894287
-0.04999639932066202,-0.040459600277245045
0.15683170408010483,-4.379546642303467
9.013330936431885,-5.456423759460449
9.688782691955566,-1.1315227299928665
7.8087568283081055,-2.166914939880371
5.204141139984131,-1.60905122756958
1.0909199714660645,4.89269495010376
-0.21589990705251694,3.280508518218994
2.9973745346069336,4.668784141540527
0.8743166923522949,8.01926851272583
1.1437773704528809,6.2062859535217285
0.6945133209228516,7.137966156005859
-4.535937309265137,8.065295219421387
-7.902860641479492,5.938076972961426
-1.5789389610290527,4.934823513031006
-3.8442373275756836,4.740667343139648
-2.514660358428955,0.17702579498291016
0.8095145225524902,-2.7827858924865723
2.1117329597473145,-5.0628662109375
3.558790683746338,-6.970679759979248
0.5809665098786354,-6.497251987457275
2.2542715072631836,-5.573856830596924
4.849910736083984,-6.438648700714111
1.2560725212097168,-5.066835880279541
0.30602220445871353,-1.0910630226135254
4.437577724456787,-3.11429500579834
5.9580206871032715,0.1341820042580366
2.1167874336242676,1.956021785736084
2.9007554054260254,2.3309826850891113
3.145313262939453,4.957401752471924
-6.831395626068115,9.176266193389893
-8.508825302124023,6.325900554656982
-3.104531764984131,4.5035600662231445
-3.2226920127868652,5.963945388793945
0.9073615074157715,3.68044376373291
7.155978679656982,4.638779163360596
1.93023681640625,5.151641368865967
-4.852294921875,-0.05217790137976408
-0.7731915265321732,-0.3979206085205078
-6.916475296020508,0.46067241579294205
-3.397548198699951,-6.497347354888916
6.14396333694458,-2.178013324737549
4.772675037384033,-5.015599727630615
-3.791213035583496,-7.001626491546631
-0.9028077125549316,-2.948915958404541
-5.804431438446045,-4.940831661224365
-8.605194091796875,-6.084895133972168
-3.1781435012817383,-0.4587053880095482
0.887298583984375,-2.0235419273376465
-1.4533042907714844,-6.881892681121826
-1.9194722175598145,0.4572867974638939
-0.05816219840198755,-0.9701014310121536
-0.31440261751413345,-2.6801347732543945
-0.6432533264160156,3.6928892135620117
4.262435436248779,-2.8710484504699707
7.468903064727783,-0.9202837944030762
2.9810190200805664,0.33687349408864975
-0.3758550062775612,-2.633833885192871
-0.44533010572195053,1.292574405670166
-6.325352191925049,2.1706223487854004
-3.7464022636413574,-0.7535337656736374
0.6145238876342773,0.304412804543972
2.6967763900756836,1.4522314071655273
3.3875584602355957,-1.032555103302002
2.605605125427246,0.8400440216064453
-1.8709182739257812,3.3010482788085938
-3.163421154022217,1.5691280364990234
-2.894103527069092,0.07144209928810596
-1.1267662048339844,1.814711093902588
4.657161235809326,0.12242790311574936
5.67246675491333,0.4195808991789818
2.639496326446533,-1.3677477836608887
6.123590469360352,-1.6877532005310059
4.257392883300781,-2.3447275161743164
0.9100676327943802,-1.5410661697387695
3.724539279937744,-1.0264276713132858
3.894925117492676,-4.761338233947754
-0.1880168914794922,-1.1508821696043015
-2.35135555267334,-1.957094669342041
-3.231358528137207,-0.427401103079319
-7.084035873413086,-0.3217339888215065
-7.471561431884766,2.9053688049316406
-4.246997833251953,-0.6957768648862839
-4.643487930297852,2.2974014282226562
-5.799365043640137,-2.5323867797851562
-5.125117301940918,-0.6058454886078835
-5.194962024688721,0.216519795358181
-4.426157474517822,-1.5494465827941895
-2.032756805419922,-1.2438058853149414
3.4008026123046875,-0.5752325057983398
6.351113319396973,-4.343807697296143
3.2770872116088867,-2.3833274841308594
3.6070704460144043,-4.145324230194092
-1.4887332916259766,-2.805626392364502
2.992117404937744,-3.85514497756958
-5.73573112487793,-4.056262969970703
7.948875427246094,-8.854126930236816
-3.591442108154297,-3.5564184188842773
6.017482280731201,-11.25171184539795
-8.76920223236084,-3.5160183906555176
0.9015440940856934,-7.520878314971924
-8.476042747497559,-6.342911720275879
-2.9278039932250977,-5.461931228637695
-9.92053747177124,-2.8591513633728027
1.6091585159301758,-3.151071071624756
-2.823162078857422,3.3253073692321777
-0.824582576751709,3.7144064903259277
6.127035617828369,0.11284350417554379
7.553756237030029,10.529279708862305
4.397332668304443,5.109429359436035
8.399736881256104,8.72880220413208
6.4749836921691895,5.649435520172119
1.4540672302246094,4.884839057922363
6.799221038818359,1.9414544105529785
5.320417881011963,10.107278823852539
6.433355808258057,6.712627410888672
7.934236526489258,11.993420124053955
5.338907241821289,4.526972770690918
-5.787789821624756,1.7321228981018066
-2.3264169692993164,1.1124134063720703
-5.411207675933838,1.553797721862793
-3.496730327606201,0.1273513026535511
-6.933116912841797,0.06185770034790039
5.6510329246521,-4.177248477935791
-5.556333065032959,-5.5924296379089355
-3.3762097358703613,-7.220816612243652
-4.1156768798828125,-4.04512882232666
1.0176897048950195,-5.085515975952148
-6.927692890167236,-3.542912006378174
4.500746726989746,-5.620419979095459
-1.2444853782653809,-4.149222373962402
-0.4926801100373268,-1.4502286911010742
-5.813467502593994,0.9726881980895996
3.2332777976989746,4.917812347412109
-5.367708206176758,4.558193683624268
5.883598327636719,5.2489399909973145
3.4215927124023438,8.702373504638672
4.915821552276611,5.600941181182861
-0.9947299957275391,9.7129225730896
6.287896633148193,8.97815227508545
0.5680203065276146,7.431197166442871
4.846096038818359,6.151723861694336
7.276570796966553,6.2700629234313965
13.39796781539917,3.9386749267578125
2.2362112998962402,6.8505048751831055
4.981660842895508,-3.5880088806152344
2.2614240646362305,-3.0878782272338867
4.307997226715088,-4.83320951461792
-3.032219409942627,-5.533814430236816
7.319092750549316,-4.727137088775635
2.3291945457458496,-7.036471366882324
-0.5153417959809303,-11.418437957763672
-5.708420276641846,-8.712327480316162
0.054526301100850105,-8.220076560974121
-7.533824443817139,-4.8232197761535645
-3.0057907104492188,-4.212772846221924
-3.6112546920776367,-2.358734607696533
-4.038524627685547,-4.473400115966797
-2.9941201210021973,1.507258415222168
-4.923141002655029,1.6318559646606445
-1.2897968292236328,3.2225966453552246
-5.033254623413086,7.562804222106934
-2.2040247917175293,0.33817291259765625
1.1226177215576172,-1.363205909729004
0.6726264953613281,0.009262600215151906
0.10776519775390625,-2.209198474884033
1.7127037048339844,2.7884840965270996
1.120758131146431,-2.5296807289123535
-1.566159725189209,-4.846525192260742
-1.8714547157287598,-4.659390449523926
-0.9047746658325195,-1.2122035026550293
0.592648983001709,-2.847409248352051
-0.12344120070338249,0.26853080838918686
-0.7811903953552246,-4.242944717407227
0.9224771708250046,-3.948545455932617
1.009059026837349,-3.6721110343933105
0.7372499257326126,-0.5060433968901634
2.824258804321289,2.3285388946533203
3.609752655029297,4.147064685821533
4.877150058746338,1.3566255569458008
4.200422763824463,-0.7890105247497559
1.3857603073120117,3.186511993408203
3.3305883407592773,5.247735977172852
-0.8063673973083496,6.385898590087891
-5.265462398529053,2.385079860687256
-0.06625649984925985,-3.851187229156494
-1.8894433975219727,-6.3429951667785645
-7.872676849365234,-5.068087577819824
-2.5499939918518066,-4.603755474090576
-3.479909896850586,-11.612498760223389
-16.26821756362915,-8.886027336120605
-15.848159790039062,-6.9437384605407715
-0.5427240952849388,-3.9197325706481934
-6.256818771362305,-0.8809565752744675
-5.420899391174316,-2.185332775115967
4.525721073150635,-2.1273016929626465
5.587148666381836,3.4319400787353516
-2.4411439895629883,2.672445774078369
-0.3945707902312279,6.551098823547363
9.874725341796875,11.705350875854492
9.198057651519775,10.827982425689697
9.631013870239258,8.791148662567139
15.153753757476807,11.649930477142334
11.083853244781494,7.779788970947266
2.934408187866211,9.140193462371826
-1.847243309020996,9.158110618591309
5.430638790130615,2.9543399810791016
4.585587978363037,-0.04400010220706463
-5.821871757507324,-1.0694503784179688
-0.01751180039718747,-4.052901268005371
-0.6833314895629883,-4.830992221832275
-12.60366439819336,-7.434666156768799
-15.797913074493408,-12.631666660308838
-3.3045172691345215,-7.631897926330566
-2.373206615447998,-9.435093402862549
-2.173125743865967,-10.455155372619629
1.0378360748291016,-8.773016929626465
4.570019245147705,-9.534072875976562
-2.042543888092041,-7.632017135620117
0.47730211168527603,-3.1470537185668945
0.15380379743874073,-5.290579795837402
6.954765319824219,0.21556619554758072
4.062056541442871,1.149439811706543
0.6139397993683815,2.88698673248291
4.81642484664917,3.9483189582824707
3.631889820098877,4.565465450286865
-4.20987606048584,5.122852325439453
-1.6990184783935547,7.634222507476807
0.47192569822072983,6.194698810577393
-5.592966079711914,2.6519298553466797
-4.61578369140625,2.1840453147888184
2.538740634918213,1.1343955993652344
2.7971625328063965,0.014030899619683623
-3.9448022842407227,2.924013137817383
-0.27184490114450455,-0.5494236946105957
0.8800507336854935,0.19724370911717415
-2.4709463119506836,0.8295893669128418
0.5884528160095215,0.6949424743652344
6.166529655456543,1.0764837265014648
4.699981212615967,1.5076160430908203
6.932544708251953,1.353609561920166
5.6770920753479,1.6030669212341309
2.3207545280456543,1.405632495880127
0.7769227027893066,2.1995902061462402
0.23763179779052734,3.2882332801818848
-3.944218158721924,3.3781051635742188
-0.39353370666503906,2.840304374694824
1.074206829071045,-0.17150640487670898
0.6357908248901367,0.898432731628418
-0.6143093109130859,2.8356194496154785
4.461610317230225,0.9765267372131348
1.2099862098693848,0.19267799332737923
2.630126476287842,-0.5231738090515137
2.2817611694335938,-2.0961880683898926
2.569305896759033,-0.04963870160281658
2.3028135299682617,0.4912852868437767
2.316725254058838,0.20906930789351463
3.7247776985168457,1.0932087898254395
1.4176249504089355,1.0126590728759766
3.328108787536621,3.0873656272888184
2.4262070655822754,5.457472801208496
-1.5811681747436523,3.8477540016174316
0.8232235908508301,1.8488049507141113
-1.7404556274414062,1.8608331680297852
-4.536986351013184,3.4056544303894043
-2.0534753799438477,4.263317584991455
-2.9178261756896973,5.853259563446045
-2.9183387756347656,4.447150230407715
-1.345217227935791,2.7684807777404785
-0.3320932015776634,2.4876832962036133
-1.317143440246582,0.013601799728348851
1.3382315635681152,1.3033390045166016
-3.3032655715942383,3.334808349609375
-2.123129367828369,0.40373798459768295
1.6634225845336914,1.3025522232055664
-2.231013774871826,-1.3046503067016602
1.6257047653198242,0.80046646296978
6.931924819946289,0.03566740080714226
1.358044147491455,-1.3082385063171387
-1.839888095855713,-1.067972183227539
2.721226215362549,-1.2327194213867188
-2.3987770080566406,-0.5109786987304688
-9.27135944366455,-1.1288881301879883
-2.9199957847595215,-0.648188591003418
-0.21669860929250717,-0.4106045141816139
-5.272197723388672,-3.214883804321289
-0.6829739362001419,-3.366076946258545
3.181147575378418,-4.162120819091797
0.3988027945160866,-2.5971412658691406
-2.499520778656006,-4.848647117614746
-2.1916747093200684,-5.664098262786865
-1.9524335861206055,-4.228043556213379
-1.402878761291504,-3.3844351768493652
1.788651943206787,-1.211869716644287
3.06776762008667,-0.38154128938913345
-0.7505893707275391,0.31337741762399673
0.3013611026108265,-1.1499881744384766
-1.6260385513305664,2.0908117294311523
-1.7575621604919434,2.569758892059326
1.6286015510559082,7.83381462097168
1.1323810368776321,4.075169563293457
2.7128100395202637,3.0736684799194336
2.359640598297119,2.463042736053467
6.021404266357422,-1.669609546661377
2.7878284454345703,1.089644432067871
3.60945463180542,2.8063058853149414
5.65420389175415,-0.8646845817565918
0.6525993347167969,-3.855562210083008
-4.105794429779053,-5.382096767425537
0.31687021255493164,-6.650972366333008
-1.6788005828857422,-3.233957290649414
-4.763185977935791,-2.599334716796875
-1.4545559883117676,-3.8202881813049316
-1.5336036682128906,-6.6455841064453125
-9.368634223937988,-2.1863460540771484
-8.417892456054688,0.4414081946015358
-1.0432124137878418,0.6533622741699219
-8.67999792098999,2.0560503005981445
-3.7318825721740723,-3.6472320556640625
0.4023313894867897,-1.6784429550170898
-0.8879542350769043,1.681363582611084
-3.4519433975219727,4.7951579093933105
-0.07899999618530273,5.053114891052246
-2.267134189605713,2.110159397125244
5.8144450187683105,-2.78165340423584
1.680135726928711,-2.6853561401367188
9.55289602279663,-3.0596494674682617
1.5835881233215332,1.4466166496276855
9.875965118408203,-2.6861190795898438
-2.000296115875244,-3.763604164123535
2.34072208404541,-10.299789905548096
3.1578421592712402,-12.487447261810303
1.7177224159240723,-11.253106594085693
-1.4151692390441895,-11.196935176849365
-0.621342696249485,-9.074032306671143
-9.745931625366211,-10.93214750289917
-11.60578727722168,-7.062160968780518
-7.949042320251465,-5.5918097496032715
-8.942735195159912,0.11546609923243523
-2.116703987121582,-2.879762649536133
1.1237382888793945,1.2502312660217285
4.791152477264404,0.8776426315307617
-0.8013247698545456,8.714830875396729
8.272254467010498,10.904169082641602
2.176225185394287,11.058628559112549
1.115429401397705,10.480129718780518
10.852670669555664,10.524213314056396
12.757039070129395,10.675811767578125
2.811455726623535,14.841294288635254
9.544587135314941,14.178192615509033
7.95595645904541,9.229111671447754
-1.6713142395019531,9.22999382019043
-0.3704667091369629,5.873417854309082
6.941044330596924,8.349573612213135
3.6359429359436035,1.1610031127929688
-2.885711193084717,2.419769763946533
-2.766895294189453,-1.1478781700134277
1.6973137855529785,-3.826427459716797
-7.5493693351745605,-9.778642654418945
-8.035421371459961,-6.692540645599365
-1.3997673988342285,-6.768834590911865
2.1307826042175293,-2.306342124938965
-6.608188152313232,-12.891554832458496
-3.569924831390381,-9.48188304901123
0.5191206932067871,-9.26741361618042
-1.794588565826416,-4.2133331298828125
-5.2504658699035645,0.12173649854958057
-1.889181137084961,1.3120174407958984
3.206920623779297,2.215290069580078
-2.797818183898926,0.5177139863371849
-2.762305736541748,4.1086554527282715
6.316101551055908,7.336950302124023
3.204822540283203,10.341858863830566
-4.478633403778076,11.245584487915039
2.262282371520996,7.056665420532227
9.37645435333252,9.357893466949463
1.0202764719724655,8.739900588989258
5.043470859527588,8.586645126342773
7.626438140869141,11.6890549659729
6.709229946136475,2.9569625854492188
2.0755410194396973,-1.0505198687314987
6.442570686340332,-3.727555274963379
7.626914978027344,-4.826200008392334
4.2999267578125,-0.8257746696472168
-1.1733174324035645,-7.883810997009277
-2.4328231811523438,-8.101129531860352
-6.332027912139893,-8.651924133300781
-1.774156093597412,-8.772552013397217
-1.5695571899414062,-3.113865852355957
0.9068130701780319,-4.132175445556641
-0.1627206988632679,-5.3971052169799805
-1.1585115641355515,-4.521787166595459
-8.41677188873291,-4.2548298835754395
-5.285465717315674,1.4358043670654297
-3.15396785736084,7.589316368103027
-3.8679003715515137,-0.6778954714536667
-4.281949996948242,-0.6531596183776855
4.211735725402832,-4.449033737182617
0.07374289911240339,-5.496931076049805
-3.760957717895508,0.020408600103110075
-2.457737922668457,2.2850871086120605
1.2592434883117676,-3.947901725769043
-3.7996649742126465,-3.6538124084472656
1.4245986938476562,-6.134200096130371
8.2442045211792,-3.941166400909424
7.720637321472168,3.092634677886963
1.7502546310424805,-0.984334871172905
-0.5102634057402611,-0.670468807220459
-0.49790140241384506,2.89456844329834
-1.779019832611084,-0.93231201171875
1.1650680750608444,3.2640695571899414
6.274998188018799,4.252111911773682
4.489994049072266,1.5074729919433594
-0.6639003753662109,1.9112229347229004
-5.367040634155273,-1.4414072036743164
-6.028938293457031,-0.5517483130097389
-7.1785569190979,1.4861345291137695
-6.386113166809082,-1.322007179260254
0.48067569732666016,-3.973567485809326
-0.23006200790405273,-4.338288307189941
-4.244601726531982,-7.424414157867432
-0.12156959623098373,-4.581403732299805
-1.9182205200195312,-4.306662082672119
-8.337676525115967,-7.255828380584717
-2.5985240936279297,-7.50349760055542
2.444899082183838,-3.5685300827026367
-6.86880350112915,4.858863353729248
-3.072822093963623,4.761385917663574
6.250739097595215,4.131937026977539
-2.3273229598999023,2.7334094047546387
-1.8825411796569824,5.285429954528809
10.08768081665039,7.46312141418457
8.109498023986816,9.360337257385254
-5.221188068389893,7.943201065063477
1.792585849761963,7.382321357727051
4.01231050491333,5.294215679168701
-0.6462215632200241,2.2792816162109375
4.382121562957764,0.6074905022978783
9.001576900482178,2.036881446838379
3.107428550720215,-2.8708457946777344
-2.057051658630371,-1.879727840423584
-3.315412998199463,-4.280269145965576
-2.593350410461426,-6.155335903167725
0.5375862121582031,-0.7406116276979446
0.04500150214880705,-1.044917106628418
0.8730530738830566,-3.991711139678955
-0.5900382995605469,-5.000162124633789
-6.535828113555908,-7.826018333435059
-5.487406253814697,-5.084478855133057
0.06806849967688322,3.50111722946167
2.0160436630249023,3.951382637023926
-2.70460844039917,1.338183879852295
0.41430000215768814,1.9974946975708008
5.146944522857666,-4.543638229370117
0.46210289001464844,-1.5436887741088867
-3.394937515258789,5.297255516052246
3.921997547149658,6.320655345916748
1.388871669769287,3.0474066734313965
-6.425845623016357,1.9189000129699707
-3.71549129486084,-7.115316390991211
2.733325958251953,-0.780034065246582
-0.22096630185842514,2.3289084434509277
-3.22113037109375,-1.891183853149414
3.89481782913208,-1.7699837684631348
-1.3810992240905762,-3.8932442665100098
-7.137012481689453,-4.834377765655518
-1.914072036743164,3.839445114135742
0.9560942649841309,2.992868423461914
1.658463478088379,-0.06740089971572161
1.4226555824279785,0.8717536926269531
5.4286956787109375,-1.6570806503295898
2.9305219650268555,5.546104907989502
-1.4399170875549316,11.430668830871582
-0.009918200084939599,7.943618297576904
6.141424179077148,3.8614630699157715
5.841350555419922,2.055513858795166
6.750047206878662,-0.8340836316347122
5.486786365509033,3.052639961242676
-2.2960424423217773,8.272981643676758
-5.530798435211182,3.5990118980407715
-3.7324070930480957,1.1549115180969238
-3.5338521003723145,-2.364778518676758
1.3827085494995117,-5.208849906921387
8.28397274017334,2.9637694358825684
0.46308040618896484,0.7236599922180176
0.15397069975733757,-1.2777209281921387
1.494300365447998,-2.2899866104125977
-3.2671093940734863,-3.2027244567871094
1.2133479118347168,1.423633098602295
6.310069561004639,5.843186378479004
3.504204750061035,4.034996032714844
3.8082003593444824,4.086363315582275
5.174922943115234,0.4088759049773216
2.707493305206299,4.467833042144775
1.90199613571167,7.667148113250732
2.0862698554992676,7.547760009765625
-1.481795310974121,6.440591812133789
-2.19113826751709,4.567086696624756
-0.03488060086965561,0.5464911088347435
-1.978445053100586,0.14736649580299854
-3.028237819671631,-0.5453348159790039
-1.3460397720336914,2.291548252105713
-6.83135986328125,1.417684555053711
-5.671632289886475,-0.8937239646911621
-0.74067123234272,-6.0578227043151855
-1.2832283973693848,-1.431727409362793
-2.0882010459899902,0.11473890393972397
2.079606056213379,0.555264912545681
0.6802201271057129,2.2485852241516113
-4.21372652053833,-3.2549500465393066
-0.18723009154200554,-2.5052309036254883
2.3560523986816406,2.8856873512268066
2.366006374359131,-0.8500217646360397
2.1979808807373047,2.1173715591430664
2.23691463470459,0.9755253791809082
0.2847791090607643,0.6263852119445801
-2.0869851112365723,1.1121749877929688
-3.0809760093688965,-1.402139663696289
-4.490935802459717,-1.5201687812805176
-2.86790132522583,-2.9313206672668457
-2.4580836296081543,-3.478419780731201
-0.2659321017563343,-5.358779430389404
-0.882112979888916,-5.325782299041748
-4.827749729156494,-5.415534973144531
-2.2139906883239746,-7.3539137840271
-0.6773471832275391,-4.963195323944092
-3.2733559608459473,-5.66401481628418
-1.254892349243164,-3.6113381385803223
4.430651664733887,0.0847340002655983
0.3049731068313122,-2.3698925971984863
-2.0844340324401855,-0.4528642073273659
6.256723403930664,0.6658673286437988
0.20028350874781609,2.6789069175720215
-3.4180641174316406,4.353237152099609
5.9639573097229,6.44453763961792
4.006588459014893,1.0346055030822754
-0.7839202880859375,1.3949990272521973
3.772556781768799,2.153444290161133
8.541262149810791,-0.39516691118478775
3.0733823776245117,2.291595935821533
-3.162968158721924,0.964200496673584
-0.36139488220214844,-2.1543383598327637
1.2494205683469772,-3.2659530639648438
-4.993081092834473,-4.0740132331848145
-3.917539119720459,-6.857919692993164
2.93118953704834,-0.19905570894479752
-5.511081218719482,-0.5264044180512428
-10.3684663772583,-3.3085227012634277
-1.8578290939331055,1.079714298248291
-0.41518211364746094,0.9451150894165039
-6.682074069976807,-1.975250244140625
-1.2289165705442429,3.121638298034668
-1.359248161315918,0.4209161177277565
-3.8666486740112305,1.0706663131713867
-5.52603006362915,5.255687236785889
3.520512580871582,-0.740349292755127
-0.7958292961120605,3.227818012237549
8.312487602233887,-4.242444038391113
4.198253154754639,-1.2889504432678223
-1.8856525421142578,-4.083287715911865
-0.17981529235839844,-1.5075206756591797
1.4239907264709473,-1.1334657669067383
-3.4088492393493652,-8.464133739471436
0.08726119995117188,-2.192842960357666
11.078500747680664,-9.41399335861206
0.9253025054931641,-10.254466533660889
-4.079675674438477,-10.681760311126709
-6.523430347442627,-7.868969440460205
-5.39247989654541,-7.870423793792725
-12.393879890441895,-4.758620262145996
-7.9254150390625,-6.415355205535889
-3.571498394012451,-2.5355100631713867
3.95352840423584,-1.445174217224121
-9.658622741699219,0.9170650690793991
-1.351022720336914,2.9505014419555664
-1.9538640975952148,8.812856674194336
4.043245315551758,6.170904636383057
2.9832959175109863,9.697020053863525
16.41160249710083,7.144689559936523
11.073791980743408,7.079577445983887
1.3611555099487305,12.519991397857666
9.029078483581543,8.998048305511475
10.431504249572754,11.73698902130127
0.5452156066894531,7.363653182983398
6.609582901000977,7.318389415740967
12.139534950256348,9.85039472579956
1.5702366828918457,3.503406047821045
-9.33845043182373,2.8876900672912598
1.0913372039794922,0.9024261683225632
2.1610260009765625,-0.8203268051147461
-9.181809425354004,-4.541301727294922
-5.118989944458008,1.0390161722898483
6.231808662414551,-8.391392230987549
-6.910860538482666,-6.722104549407959
-9.343218803405762,-9.284543991088867
-1.7886042594909668,-9.040617942810059
2.5576114654541016,-3.045189380645752
-7.8748345375061035,-4.190158843994141
-4.075968265533447,-7.435500621795654
2.725541591644287,-1.5004396438598633
-0.8552789688110352,-4.376113414764404
-6.48343563079834,-0.9906768798828125
1.447129249572754,4.445600509643555
6.448173522949219,8.654308319091797
1.3776302337646484,7.909584045410156
-4.277408123016357,9.173893928527832
6.132662296295166,7.890534400939941
1.1570453643798828,7.986283302307129
-2.7845144271850586,6.296956539154053
2.0099282264709473,7.204103469848633
9.774088859558105,6.838536262512207
5.197596549987793,10.562467575073242
6.714487075805664,2.64052152633667
5.831396579742432,0.3183126077055931
6.730294227600098,0.30037159100174904
-1.606738567352295,-2.964639663696289
-1.1432409286499023,-1.2469171732664108
1.0486245155334473,-0.6580114364624023
1.7626285552978516,-3.9919257164001465
-2.1799206733703613,-6.648087501525879
1.5753507614135742,-5.812585353851318
0.6381630897521973,-4.765927791595459
-3.3214807510375977,-5.307519435882568
-5.895590782165527,-4.024088382720947
-3.983891010284424,-5.005848407745361
-3.899073600769043,-3.267955780029297
-2.580690383911133,1.1641144752502441
-0.36492351442575455,0.7287502288818359
0.937807634472847,-0.701606273651123
1.8631339073181152,-3.6429524421691895
-2.4380922317504883,-9.475529193878174
-4.037415981292725,-6.902122497558594
-2.130556106567383,-4.742980003356934
-3.7244200706481934,-2.4910569190979004
0.0008820999937597662,-1.8233299255371094
2.527463436126709,-6.654489040374756
0.6201028823852539,-8.750104904174805
-0.4577517881989479,-2.832973003387451
-1.5795588493347168,-0.514364205300808
-4.0261030197143555,6.202483177185059
-3.8254857063293457,4.755532741546631
0.08138420060276985,4.149234294891357
4.176819324493408,2.1123886108398438
2.667105197906494,6.936299800872803
4.1063666343688965,5.039548873901367
3.0873656272888184,7.390499114990234
-2.2185683250427246,5.442237854003906
-4.826200008392334,3.019833564758301
2.5828957557678223,2.0320892333984375
0.06479020230472088,3.383493423461914
-4.404199123382568,-2.4642586708068848
-2.476370334625244,0.11814829893410206
-4.825568199157715,-6.909418106079102
-12.093734741210938,-10.325086116790771
-5.345630645751953,-8.292710781097412
1.3646364212036133,-6.461679935455322
2.1793723106384277,-9.205222129821777
0.38781169801950455,-9.669125080108643
-0.4488230124115944,-11.262047290802002
1.494598388671875,-8.109533786773682
-0.9979963302612305,-4.839956760406494
-1.2804269790649414,-2.2673606872558594
5.215561389923096,-0.17496349290013313
3.744328022003174,3.083360195159912
2.034330368041992,5.286598205566406
4.1381120681762695,5.75793981552124
2.920997142791748,9.111011028289795
-0.7941842079162598,7.108485698699951
-4.081416130065918,8.453166484832764
-0.49217939376831055,10.650920867919922
-5.388164520263672,5.7215094566345215
-1.0298848152160645,4.314637184143066
-2.705967426300049,7.630395889282227
-0.029921499080955982,1.207292079925537
2.6311397552490234,-3.007221221923828
-0.009083700133487582,-1.8053293228149414
-4.7905802726745605,-3.536069393157959
4.715180397033691,-0.8548737317323685
0.8730649948120117,-2.616000175476074
-0.16336439177393913,-4.709100723266602
2.329409122467041,-6.912326812744141
7.039499282836914,-3.0386805534362793
0.27838949114084244,-3.554058074951172
1.339876651763916,-0.1924872025847435
4.613888263702393,0.7156491279602051
4.560756683349609,-3.629124164581299
2.3668646812438965,-3.3550381660461426
4.2763352394104,0.14227629639208317
3.21274995803833,-1.487278938293457
-1.2002944946289062,4.139900207519531
-8.077216148376465,2.380967140197754
-6.004083156585693,1.6080498695373535
-2.255558967590332,3.561091423034668
-7.826125621795654,-3.064417839050293
-6.103157997131348,2.638065814971924
-3.715825080871582,1.1203765869140625
-5.6146979331970215,-1.611340045928955
-8.147454261779785,-2.7220845222473145
-2.521681785583496,-4.756557941436768
0.9637237340211868,-1.0949254035949707
2.944040298461914,-1.305699348449707
-1.1828064918518066,-1.317739486694336
2.852773666381836,1.910543441772461
5.146074295043945,3.6565303802490234
0.592803992331028,4.564106464385986
3.8983583450317383,3.7488698959350586
12.347090244293213,8.360159397125244
10.343468189239502,5.837380886077881
7.072591781616211,5.019903182983398
7.6081037521362305,5.82122802734375
7.030677795410156,1.8897414207458496
1.6000032424926758,2.3975253105163574
-0.5255341902375221,0.4685163125395775
2.404654026031494,0.8718491345643997
2.1764516830444336,1.1529921740293503
-4.694223403930664,-2.116084098815918
-6.208860874176025,-1.8099188804626465
-4.102873802185059,-2.193784713745117
-6.540286540985107,-2.050137519836426
-8.388972282409668,-1.6214370727539062
-0.8317112922668457,-4.532778263092041
0.16726259142160416,-0.7508516311645508
-0.24263860657811165,-2.0072102546691895
-0.7046700268983841,-2.0917177200317383
0.4484415054321289,2.1722912788391113
6.630146503448486,3.678107261657715
5.737364292144775,3.710329532623291
5.964195728302002,6.626331806182861
8.619368076324463,5.146586894989014
7.520437240600586,4.319417476654053
3.298962116241455,6.514167785644531
1.9081711769104004,4.806029796600342
4.964911937713623,2.9021859169006348
1.82114839553833,4.510962963104248
-3.6218881607055664,0.3336191177368164
-1.5429019927978516,-2.757537364959717
-2.3225903511047363,-2.2721171379089355
-7.280838489532471,-6.215107440948486
-5.970656871795654,-3.9409279823303223
-7.28069543838501,-2.0811080932617188
-8.874094486236572,-3.9150595664978027
-6.230759620666504,-1.8085956573486328
-5.352282524108887,-1.4743685722351074
-3.8497209548950195,-1.823878288269043
0.8998990058898926,1.5445590019226074
0.6677746772766113,2.059447765350342
-1.1439800262451172,1.6440391540527344
2.5087475776672363,3.731656074523926
2.7037978172302246,3.630495071411133
2.268695831298828,4.5636773109436035
5.655491352081299,2.9296875
6.4856648445129395,1.670515537261963
4.603314399719238,-1.2348532676696777
2.126491069793701,-0.5647898092865944
-0.5021452903747559,-1.4364123344421387
-1.2868762016296387,-5.721628665924072
-3.140711784362793,-5.29942512512207
-1.1612535268068314,-5.26663064956665
-0.05819799844175577,-4.15341854095459
-0.0051497999811545014,-0.741422176361084
-6.702733039855957,-2.914547920227051
-6.621313095092773,-4.491817951202393
-7.310521602630615,-4.107809066772461
-5.157291889190674,-4.429197311401367
-0.7986068725585938,0.4101872071623802
1.5250325202941895,2.1503567695617676
0.3061413951218128,2.2606849670410156
0.5513786897063255,1.9884228706359863
-2.229166030883789,5.352663993835449
-0.9342551231384277,4.803180694580078
4.269683361053467,2.080678939819336
6.157433986663818,2.6163220405578613
5.804848670959473,1.8455862998962402
5.56027889251709,-0.284039992839098
1.9059181213378906,4.0900468826293945
-0.16957519575953484,0.08840559981763363
2.2148728370666504,0.5394459143280983
-0.33456090837717056,-1.884138584136963
1.2803077697753906,-6.463456153869629
3.9688825607299805,-4.490149021148682
-1.0633348673582077,-2.094292640686035
-6.848204135894775,-2.2037863731384277
-3.0547618865966797,0.7849215716123581
-0.9773015975952148,-1.6498208045959473
-4.549252986907959,-2.521812915802002
-0.6293178349733353,-0.385737381875515
3.2957077026367188,3.2267093658447266
-0.6559134274721146,1.245260164141655
-5.441844463348389,4.0375590324401855
1.6596317291259766,4.990828037261963
-3.1360268592834473,3.615593910217285
-2.4616360664367676,2.8908371925354004
0.48056840896606445,2.352917194366455
3.7488937377929688,-2.578127384185791
-1.2943506240844727,-0.736081600189209
0.8350610733032227,-2.183818817138672
4.5998215675354,-3.4709930419921875
-5.311739444732666,-2.768063545227051
1.516556739807129,-7.091677188873291
-5.208337306976318,-3.443622589111328
2.415645122528076,-10.699677467346191
-6.010127067565918,-9.01879072189331
1.941072940826416,-12.065708637237549
-6.265568733215332,-10.444271564483643
-5.426490306854248,-8.983707427978516
-3.894937038421631,-9.28640365600586
-5.142366886138916,-6.7028045654296875
-0.7303357124328613,-5.730640888214111
3.1849026679992676,-3.680872917175293
1.909804344177246,-3.5719752311706543
-0.8346676826477051,4.279804229736328
0.8538722991943359,4.163610935211182
-6.23931884765625,8.044421672821045
5.275928974151611,6.578946113586426
9.797096252441406,7.630789279937744
10.728371143341064,7.247674465179443
10.29132604598999,9.98462438583374
7.076728343963623,7.135272026062012
-4.5081257820129395,5.72742223739624
-3.9812564849853516,5.283403396606445
2.4037599563598633,7.279372215270996
3.3495545387268066,3.7520527839660645
6.907463073730469,3.8188695907592773
6.625843048095703,-0.16542669385671616
-2.9541611671447754,-2.21480131149292
-4.434478282928467,0.5220890045166016
-5.137228965759277,-5.298113822937012
-7.5745344161987305,-3.1411290168762207
1.4191269874572754,-6.903660297393799
2.6005148887634277,-7.548761367797852
-1.7081618309020996,-6.846582889556885
-0.09630920365452766,-9.317874908447266
-4.013264179229736,-6.2546610832214355
-3.805363178253174,-2.6991844177246094
-2.2461533546447754,-5.673360824584961
1.4973640441894531,-2.5878190994262695
3.074479103088379,-2.0080089569091797
-0.09440179914236069,0.9833694249391556
-2.1742701530456543,6.5694451332092285
-0.6562948226928711,3.838050365447998
-3.929626941680908,7.516109943389893
-1.5562176704406738,7.1900129318237305
5.453252792358398,8.35484266281128
4.185950756072998,8.94618034362793
-1.2290239334106445,7.664632797241211
-0.023353099822998047,8.594286441802979
2.975332736968994,7.248377799987793
2.2194623947143555,6.118714809417725
6.270706653594971,7.576870918273926
11.367666721343994,2.9802680015563965
5.042934417724609,-1.108396127820015
4.0190935134887695,-3.9556145668029785
2.313232421875,-2.726864814758301
0.3138184919953346,-3.266584873199463
-1.7244815826416016,-2.415740489959717
5.066168308258057,-2.6467084884643555
3.5059332847595215,-10.508978366851807
5.289292335510254,-6.11499547958374
3.211033344268799,-9.69688892364502
-0.9808182716369629,-7.7925920486450195
-4.853808879852295,-1.247572898864746
-5.700480937957764,1.5709996223449707
-1.9980669021606445,-1.9367098808288574
-3.47747802734375,3.7824630737304688
1.943206787109375,-0.48601631075143814
0.6853103637695312,1.9414424896240234
-6.383180618286133,0.7406949996948242
-8.841109275817871,1.6224980354309082
-4.320204257965088,0.7946968078613281
-8.545613288879395,1.4415621757507324
-6.427168846130371,1.9563913345336914
6.15999698638916,-2.337467670440674
1.6822576522827148,-1.2424827367067337
-3.94057035446167,-5.391442775726318
1.0903596878051758,-2.9982447624206543
1.1088132858276367,-1.251232624053955
-2.755725383758545,0.7658123970031738
4.527080059051514,-2.0983457565307617
9.37337875366211,-3.404819965362549
6.687760353088379,-5.976390838623047
5.903792381286621,-2.4791359901428223
5.434286594390869,-0.9638547897338867
0.5081295967102051,2.402806282043457
0.661623477935791,3.270721435546875
-0.14016630128026009,4.915165901184082
2.5439023971557617,4.7568678855896
3.9989352226257324,2.0392656326293945
-3.2825827598571777,2.3897886276245117
-2.7819156646728516,2.8957486152648926
-8.152830600738525,0.41822198778390884
-6.644594669342041,-0.7850050926208496
-4.99272346496582,-3.697371482849121
-6.700754165649414,-7.4568986892700195
-5.441093444824219,-4.397642612457275
-3.766357898712158,-10.370683670043945
-9.100747108459473,-9.802281856536865
-8.572494983673096,-7.2165727615356445
-8.198750019073486,-3.209865093231201
0.04644390195608139,-1.3343095779418945
3.3760786056518555,1.3641715049743652
4.696500301361084,0.15941860154271126
8.202803134918213,1.3039588928222656
4.498505592346191,7.141768932342529
-0.5792498961091042,6.251895427703857
-1.5271306037902832,7.704174518585205
3.3359646797180176,8.112359046936035
5.551087856292725,7.4045538902282715
13.088154792785645,5.68166971206665
14.234018325805664,7.909226417541504
4.368305206298828,4.0976881980896
-2.331829071044922,5.061864852905273
-2.693617343902588,2.5218963623046875
-5.892980098724365,-2.0496368408203125
-4.158687591552734,-1.3815641403198242
3.925812244415283,-5.423104763031006
1.052856370806694,-4.129624366760254
-7.290709018707275,-6.584739685058594
-8.453595638275146,-9.890127182006836
-8.380532264709473,-9.118545055389404
-8.324885368347168,-8.820557594299316
-2.5699734687805176,-7.433962821960449
9.202361106872559,-5.720937252044678
5.5080413818359375,-7.304751873016357
1.7397046089172363,-6.3661932945251465
2.418649196624756,-3.1186342239379883
-0.724482536315918,2.1934866905212402
-4.854416847229004,4.034948348999023
-1.2910962104797363,6.634795665740967
2.7742505073547363,5.245697498321533
3.8602590560913086,4.391109943389893
0.47501329332590103,6.202101707458496
0.8331059664487839,4.79809045791626
-1.0449647903442383,6.074404716491699
-3.936755657196045,1.539289951324463
-2.835416793823242,-1.300668716430664
-1.1990786343812943,-1.6582250595092773
4.279899597167969,-1.2720227241516113
4.992938041687012,-4.453301429748535
1.062607765197754,-2.972280979156494
1.1313676834106445,-5.064117908477783
1.054370403289795,-3.7943363189697266
0.5357623100280762,-1.6489863395690918
2.528047561645508,0.17020700499415398
7.3047637939453125,0.11307000182569027
4.716277122497559,3.1969428062438965
3.9867162704467773,-0.9961962699890137
0.9841799736022949,2.8955936431884766
0.11385680176317692,2.3710131645202637
-0.8273720741271973,5.503880977630615
1.0689855366945267,4.3814778327941895
-1.5334606170654297,4.701864719390869
0.8708714693784714,2.1546125411987305
0.05716090090572834,2.833688259124756
-4.409754276275635,5.528724193572998
-4.02909517288208,6.973731517791748
-0.8044242858886719,6.094849109649658
0.43675899505615234,0.9730339050292969
2.443099021911621,-0.24720430374145508
5.779290199279785,1.1954904347658157
6.517493724822998,2.5276899337768555
3.9681196212768555,4.478716850280762
3.1296372413635254,1.404881477355957
4.713273048400879,2.732551097869873
8.395946025848389,0.48230890184640884
8.063662052154541,3.0051231384277344
3.1794190406799316,3.8492202758789062
3.5998106002807617,5.6641459465026855
-1.0841965675354004,1.1868596076965332
-6.949400901794434,-1.0279179364442825
-1.8767833709716797,-1.4266490936279297
-0.2755760960280895,0.63186876475811
-5.997169017791748,0.3536223992705345
-2.377307415008545,0.6067276000976562
-5.979931354522705,-1.3448715209960938
-9.152686595916748,0.5302191153168678
-4.437017440795898,-0.6616830825805664
-0.4096388816833496,0.7247090339660645
-1.903855800628662,3.3862829208374023
-0.40756460279226303,2.2664666175842285
1.8121123313903809,-0.3931998834013939
-3.149688243865967,0.16857389360666275
-3.7429332733154297,4.492282867431641
3.188192844390869,6.618475914001465
3.8710832595825195,1.7336845397949219
2.3650169372558594,2.4246573448181152
5.282759666442871,-0.058066798374056816
8.659172058105469,-2.2967934608459473
-1.8544554710388184,0.2535104937851429
-2.6653051376342773,-2.616000175476074
2.5743484497070312,-1.2565374374389648
-4.139745235443115,-2.2553563117980957
-5.699706077575684,-5.700278282165527
3.395390510559082,-5.824530124664307
0.9069085121154785,-7.105720043182373
-3.489804267883301,-5.880928039550781
-3.6373376846313477,-4.816222190856934
-1.3461589813232422,-5.255997180938721
-7.903587818145752,-3.781771659851074
-9.052789211273193,-4.711723327636719
1.7903923988342285,-3.987133502960205
0.13453960418701172,-0.18907789140939713
-2.8052687644958496,-1.958608627319336
-2.691209316253662,-0.5323290824890137
3.7565112113952637,0.8441805839538574
-2.418243885040283,1.3711810111999512
-3.1835079193115234,2.2702574729919434
5.856883525848389,1.2646794319152832
6.087160110473633,0.31609538942575455
4.608654975891113,-1.0416150093078613
7.999777793884277,-0.13707879930734634
6.375932693481445,-1.5235304832458496
4.778087139129639,-0.1257777027785778
2.5911450386047363,1.7606258392333984
4.394125938415527,-4.525423049926758
2.7043819427490234,-3.2854437828063965
-0.24803880602121353,-4.7513604164123535
-0.6546617299318314,-2.9462456703186035
-4.619348049163818,3.748202323913574
-5.665957927703857,1.7106294631958008
-5.058646202087402,-0.1648068055510521
-7.630133628845215,-0.271224994212389
-6.749475002288818,-0.9429454803466797
-1.5270471572875977,-0.30884740874171257
-2.7680516242980957,-1.331031322479248
-10.701096057891846,2.697324752807617
-0.17800329253077507,-0.33195018768310547
-3.4862518310546875,0.7418513298034668
-3.2712340354919434,0.1476169005036354
7.458913326263428,-3.0881166458129883
7.335162162780762,0.15038250014185905
9.024214744567871,-7.049167156219482
-0.9971261024475098,-1.6805052757263184
5.884265899658203,-7.368767261505127
-5.465877056121826,-1.9907832145690918
7.18531608581543,-4.08167839050293
-0.5437136068940163,-4.700052738189697
9.982407093048096,-11.297130584716797
-2.3659825325012207,-9.709012508392334
-0.624847412109375,-16.697776317596436
-15.260279178619385,-5.890774726867676
-5.424594879150391,-4.116833209991455
-12.498879432678223,-4.599654674530029
-1.4853715896606445,0.5634545907378197
-3.172171115875244,-3.791356086730957
3.3911705017089844,-5.451869964599609
-4.660272598266602,3.789949417114258
-1.2974739074707031,6.199240684509277
-2.357041835784912,7.090234756469727
5.7151198387146,12.538838386535645
7.716071605682373,9.538757801055908
19.383978843688965,10.222816467285156
10.226738452911377,10.46605110168457
5.382204055786133,11.141669750213623
1.9257187843322754,13.719940185546875
1.3640522956848145,13.038265705108643
-5.137777328491211,8.225834369659424
5.22618293762207,7.090306282043457
5.486500263214111,6.477093696594238
2.1183133125305176,1.6606807708740234
-5.776023864746094,0.45561790466308594
0.13155939988791943,-5.064952373504639
-6.34838342666626,-4.790997505187988
-7.872474193572998,-3.2943248748779297
1.2892961502075195,-6.126809120178223
5.8258056640625,-8.936691284179688
0.08089539594948292,-9.344053268432617
-2.041923999786377,-9.994375705718994
-1.9134163856506348,-3.5663247108459473
-4.3842315673828125,-2.620565891265869
-4.334509372711182,-0.6336092948913574
0.9925603866577148,-2.356743812561035
4.3378472328186035,-0.5045055970549583
-1.1536359786987305,4.528141021728516
-1.9333958625793457,6.630754470825195
-1.0192512720823288,10.405075550079346
-5.016481876373291,8.527553081512451
-3.948330879211426,8.033597469329834
3.3580780029296875,8.520877361297607
0.3011941909790039,8.317244052886963
-2.7208685874938965,9.83644723892212
4.37084436416626,10.164499282836914
3.8637280464172363,5.029487609863281
2.936685085296631,4.452276229858398
11.322987079620361,3.138566017150879
9.11266803741455,3.2605648040771484
6.885337829589844,2.073061466217041
8.320248126983643,-3.0959129333496094
1.5464186668395996,-8.17173719406128
-0.7228373736143112,-5.8090925216674805
3.5941362380981445,-4.947793483734131
2.943885326385498,-4.114890098571777
-0.5692481994628906,-6.150853633880615
-1.0158420354127884,-7.306408882141113
-2.9986143112182617,-10.061836242675781
-7.415735721588135,-5.159866809844971
-7.24797248840332,-2.1182656288146973
-6.186378002166748,0.5217074975371361
-4.05203104019165,1.655590534210205
-1.528310775756836,-1.8273591995239258
-2.3886680603027344,-1.8416881561279297
-2.7042627334594727,-0.2283811941742897
2.38724946975708,1.435554027557373
-4.515969753265381,0.19246339797973633
-2.5211453437805176,-0.9377717971801758
0.9052038192749023,-0.3378152847290039
1.9455552101135254,-4.721546173095703
-3.7140369415283203,-1.0138630867004395
3.1734704971313477,-3.194153308868408
6.0184478759765625,-5.452823638916016
-1.8747329711914062,-2.890622615814209
-2.1962881088256836,-2.3221373558044434
7.47758150100708,-2.4291276931762695
1.7201781272888184,1.2968659400939941
-2.261793613433838,-4.764604568481445
3.7804245948791504,-3.6287307739257812
7.538270950317383,0.148963900282979
-3.2734036445617676,-1.5151500701904297
1.4596939086914062,0.9112834930419922
3.3603549003601074,7.808971405029297
-1.252758502960205,-0.42724609375
-7.995307445526123,1.5232563018798828
-5.377435684204102,-0.5764603987336159
-0.9984135627746582,-3.4460902214050293
-5.2323222160339355,-2.098405361175537
-8.318722248077393,-0.44951438903808594
-1.0663390159606934,-3.3209800720214844
-1.2154222279787064,-0.5400538071990013
-9.171462059020996,-3.517591953277588
-3.8692355155944824,-7.48748779296875
4.1892409324646,-8.348870277404785
-0.4748224839568138,-5.494749546051025
-0.8693932741880417,-6.591832637786865
1.7992377281188965,1.305985450744629
-1.7693638801574707,3.6659598350524902
-1.0062575340270996,0.5040407180786133
5.979490280151367,-0.7311344146728516
3.4110665321350098,3.1137943267822266
8.785426616668701,4.873359203338623
7.56075382232666,9.17656421661377
2.940082550048828,8.061110973358154
-6.815886497497559,8.83868932723999
-0.1713990978896618,8.615756034851074
-2.158176898956299,8.776998519897461
1.0352492332458496,6.633496284484863
6.274831295013428,3.4741759300231934
3.530001640319824,1.9184112548828125
-3.891479969024658,-2.686023712158203
-4.097485542297363,0.6361961364746094
-9.895360469818115,3.11129093170166
-5.779731273651123,-1.2559890747070312
3.298795223236084,-0.9377360343933105
0.45528408139944077,-2.172362804412842
-3.088366985321045,-7.3587775230407715
-1.347815990447998,-3.5760998725891113
-5.216169357299805,-6.494665145874023
-4.703271389007568,-2.579653263092041
4.754126071929932,0.04401210229843855
10.060083866119385,-0.44319629669189453
9.148561954498291,-2.107882499694824
7.440125942230225,-3.0370593070983887
4.705154895782471,-3.872203826904297
-0.36895278841257095,-0.21239519119262695
-2.9460787773132324,3.7669777870178223
-2.2288918495178223,5.587911605834961
2.2087693214416504,3.847193717956543
-5.015873908996582,1.500999927520752
-6.510651111602783,-4.7927141189575195
-5.575037002563477,-2.4753212928771973
-4.613709449768066,0.4654407873749733
-7.868695259094238,-0.20202400162816048
-2.877640724182129,0.1405119989067316
-1.25199556350708,-3.8100361824035645
-0.22343400865793228,-6.972002983093262
-4.0109992027282715,-0.04498959984630346
-0.9715437889099121,1.7366290092468262
-0.04298689775168896,1.2615203857421875
1.4499306678771973,3.227078914642334
1.8936395645141602,0.7712603360414505
12.666606903076172,3.538644313812256
8.70600938796997,7.60798454284668
9.573769569396973,8.677208423614502
9.720230102539062,3.5682082176208496
9.303569793701172,2.090001106262207
0.3908992186188698,1.9132018089294434
5.869603157043457,6.219422817230225
4.290139675140381,7.028770446777344
0.576329194009304,1.7178058624267578
-2.970552444458008,-2.240729331970215
0.21240709349513054,-2.204620838165283
-8.379411697387695,-1.4320135116577148
-4.067385196685791,-0.7626175880432129
-2.2655725479125977,1.1812686920166016
-0.4889845848083496,-3.0369162559509277
0.1294970978051424,-4.807174205780029
2.88848876953125,0.9850382804870605
1.2226104736328125,-0.5952119827270508
-0.2232074923813343,4.852747917175293
-0.5067110061645508,2.167809009552002
4.883754253387451,1.796412467956543
4.561758041381836,4.0062785148620605
4.526674747467041,3.2479047775268555
4.231166839599609,3.9450764656066895
3.918612003326416,4.102122783660889
-1.0688543319702148,5.569100379943848
-1.483619213104248,0.9711146354675293
-3.6102890968322754,2.0867109298706055
-3.2382607460021973,-0.6480216979980469
-0.27663709595799446,-2.105283737182617
-1.308274269104004,-0.11978150345385075
-6.247198581695557,0.24229289963841438
3.7639975547790527,0.5308150872588158
-0.5985736846923828,1.3704538345336914
-3.7276148796081543,-0.02354379976168275
2.741539478302002,1.1605024337768555
0.6172657012939453,1.8254995346069336
-3.696000576019287,3.0405163764953613
-0.5331635102629662,3.640294075012207
0.918126106262207,4.543435573577881
-0.6879448890686035,5.941581726074219
-0.47347549349069595,3.005671501159668
-0.8578897267580032,2.26210355758667
0.5674957856535912,2.933990955352783
-0.6442070007324219,0.431978702545166
-1.9584417343139648,-0.19316669553518295
-4.676663875579834,-2.0052075386047363
-3.2054662704467773,-3.7666916847229004
-5.548429489135742,-2.4369120597839355
-4.751598834991455,-4.290139675140381
-0.8361697196960449,-7.0214033126831055
4.321682453155518,-9.16590690612793
0.3004313074052334,-6.000030040740967
-3.105282783508301,-7.2905659675598145
0.5570888891816139,-4.253506660461426
-3.6010265350341797,-6.072592735290527
-10.358762741088867,-3.470921516418457
0.7918953895568848,0.4865169897675514
8.618438243865967,-2.9102683067321777
-0.06000999826937914,-1.7466068267822266
-2.0733118057250977,0.6090999022126198
8.608222007751465,5.527937412261963
-0.7733464241027832,6.136715412139893
-8.321332931518555,2.9778122901916504
-0.6388307362794876,2.075493335723877
8.624744415283203,0.4122256860136986
2.5757908821105957,2.537548542022705
2.610015869140625,4.232883453369141
12.134170532226562,0.899195671081543
0.746309831738472,1.3265490531921387
-7.314276695251465,-5.2100300788879395
0.27022359892725945,-4.293334484100342
2.927565574645996,-2.6286840438842773
-4.171156883239746,-2.3021340370178223
-0.11106730438768864,-2.508985996246338
0.93994140625,0.49796100705862045
-5.150115489959717,-3.294050693511963
-6.067502498626709,-3.898739814758301
-3.687584400177002,0.8289098739624023
-1.8106937408447266,1.8476247787475586
-3.232407569885254,3.567957878112793
-0.6148337945342064,-1.8234491348266602
-4.548156261444092,-1.931607723236084
0.35589929670095444,2.171647548675537
-4.8699259757995605,6.020009517669678
3.7323474884033203,-0.7837057113647461
4.4066548347473145,-0.3136396035552025
0.7058858871459961,-5.799198150634766
4.674279689788818,-8.591091632843018
1.2808680534362793,3.969287872314453
1.1073589324951172,-3.454148769378662
-3.325521945953369,-4.940187931060791
2.0637989044189453,-6.246185302734375
3.035879135131836,-12.071764469146729
3.505980968475342,-13.585913181304932
-5.723059177398682,-3.8902997970581055
-8.278262615203857,-12.033140659332275
-10.150790214538574,-7.431066036224365
-14.278888702392578,-7.722795009613037
-10.96879243850708,-9.097802639007568
3.6906003952026367,-0.6709098815917969
-3.8098931312561035,3.0176162719726562
-3.470301628112793,3.880035877227783
-3.0720949172973633,6.870913505554199
-2.977001667022705,9.258449077606201
-0.5841850861907005,8.580636978149414
20.75498104095459,10.031330585479736
17.79850721359253,15.065836906433105
12.696635723114014,9.788930416107178
8.34566354751587,12.909972667694092
4.114198684692383,12.010025978088379
-1.2338876724243164,4.954254627227783
3.9838194847106934,9.920644760131836
15.28102159500122,8.807337284088135
15.661990642547607,3.1677961349487305
-0.04900690168142319,1.247870922088623
-5.52743673324585,-2.0424365997314453
-6.088042259216309,-4.717433452606201
-14.330947399139404,-3.1397342681884766
-11.839187145233154,-1.2830495834350586
4.691946506500244,-6.132519245147705
2.1328091621398926,-7.038271427154541
-6.733345985412598,-8.903872966766357
-2.745509147644043,-6.632471084594727
-6.750750541687012,-2.8620481491088867
-11.27772331237793,-0.13846159912645817
-1.9065618515014648,-2.878439426422119
5.231988430023193,2.925705909729004
3.9733052253723145,-0.9907245635986328
-1.9972562789916992,0.5976558104157448
-3.1571149826049805,6.230556964874268
-2.6614785194396973,9.185206890106201
0.28623340651392937,5.4317474365234375
-2.2803306579589844,6.4354777336120605
5.389440059661865,3.7221908569335938
4.790854454040527,6.717061996459961
-1.3686180114746094,3.5242795944213867
-1.6331791877746582,5.753540992736816
3.5796403884887695,1.5555262565612793
2.916860580444336,1.7740130424499512
8.49611759185791,3.889608383178711
8.014750480651855,1.3300776481628418
8.362972736358643,1.2221217155456543
2.316451072692871,-3.1821846961975098
-1.1124253273010254,-6.448113918304443
1.2287020683288574,-2.0250678062438965
7.106137275695801,-2.9796957969665527
2.379763126373291,-0.5429505929350853
0.9253621101379395,-3.1690120697021484
3.78568172454834,-6.2767863273620605
-5.099177360534668,-5.424654483795166
-7.42257833480835,-6.792271137237549
-3.271472454071045,-2.991032600402832
-3.678762912750244,0.2546191029250622
-4.3434858322143555,1.4368414878845215
-1.553809642791748,-1.3419628143310547
-6.868290901184082,-1.9346833229064941
-1.1148452758789062,-0.6779909133911133
0.8217453956604004,-0.33583641052246094
-4.416501522064209,-0.38814540952444077
-0.7508754730224609,-0.395357608795166
3.3930063247680664,-3.710055351257324
-6.9525957107543945,-2.115142345428467
-3.993809223175049,-1.7724990844726562
4.467976093292236,-5.322515964508057
3.1029582023620605,-4.5827507972717285
-1.945030689239502,-7.404780387878418
6.051051616668701,-4.268217086791992
1.9013404846191406,-1.4137625694274902
-5.032038688659668,1.406717300415039
-5.329334735870361,6.155073642730713
1.5671610832214355,4.175198078155518
3.681349754333496,1.7614960670471191
4.609358310699463,2.92128324508667
5.3508758544921875,3.8509130477905273
5.637562274932861,9.031200408935547
-3.262186050415039,7.829320430755615
-7.230925559997559,2.570676803588867
-2.842879295349121,1.1970996856689453
-2.2053956985473633,2.8936266899108887
2.0483851432800293,-0.7739067077636719
0.7660865783691406,-2.4304986000061035
-6.945562362670898,-7.166576385498047
-7.014334201812744,-10.07378101348877
-5.389928817749023,-11.266934871673584
-9.134125709533691,-12.055575847625732
-3.4638524055480957,-13.331711292266846
-3.5593390464782715,-8.734631538391113
-7.296431064605713,-5.9365153312683105
-5.660617351531982,-2.95712947845459
0.5022168159484863,-0.4801272973418236
2.0207881927490234,0.8128166198730469
5.758512020111084,4.970097541809082
8.211183547973633,8.921301364898682
3.4565091133117676,7.078313827514648
2.036881446838379,10.689282417297363
3.724360466003418,14.764440059661865
5.313277244567871,10.871505737304688
12.7227783203125,10.876810550689697
12.167692184448242,5.49849271774292
3.2160282135009766,3.028595447540283
1.458740234375,6.353330612182617
-0.7948756217956543,3.4575819969177246
-1.8410563468933105,-2.6410818099975586
-1.5433430671691895,-5.250608921051025
-2.5565028190612793,-7.609999179840088
-2.020573616027832,-7.976663112640381
-4.799163341522217,-5.217957496643066
-12.504243850708008,-10.05403995513916
-8.53433609008789,-14.232051372528076
-1.088857725262642,-9.230494499206543
-1.5277624130249023,-8.833849430084229
0.7068275660276413,-2.1441221237182617
3.215479850769043,1.7628073692321777
-2.3986220359802246,-1.8893718719482422
-1.7844438552856445,0.8407711982727051
2.973449230194092,5.360925197601318
3.5140514373779297,2.7421951293945312
5.730390548706055,9.718286991119385
2.293848991394043,9.04850959777832
-1.3643741607666016,6.89927339553833
-1.2174606323242188,7.41267204284668
-3.2024025917053223,2.3691415786743164
-0.8265615254640579,1.4938831329345703
2.388787269592285,3.0539512634277344
-1.2319087982177734,-3.613138198852539
-6.7214250564575195,-2.136838436126709
-5.270671844482422,-3.7689208984375
-3.241574764251709,-5.717134475708008
-0.5293726921081543,-5.291342735290527
5.699753761291504,-7.297420501708984
7.983005046844482,-6.37822151184082
2.8833389282226562,-5.706572532653809
-2.7225494384765625,-1.965188980102539
0.05626679863780737,3.54536771774292
3.792858123779297,0.8741617202758789
6.753838062286377,5.724620819091797
11.57311201095581,4.073429107666016
9.661757946014404,6.47580623626709
2.3638248443603516,8.163118362426758
-2.8357863426208496,8.704924583435059
-8.046400547027588,9.088456630706787
-7.005822658538818,7.593894004821777
0.7307648658752441,7.8751325607299805
4.217863082885742,3.090500831604004
3.6178231239318848,1.4081954956054688
0.6689547747373581,0.3104568086564541
-1.3614535331726074,-4.143166542053223
-6.755936145782471,-3.1975388526916504
-3.7338852882385254,-5.524682998657227
4.577505588531494,-7.362926006317139
10.391008853912354,-4.363703727722168
8.675825595855713,-8.668005466461182
4.253077507019043,-6.429588794708252
3.758513927459717,-1.6173958778381348
-1.5591979026794434,-3.988933563232422
-4.758358001708984,0.15025139786303043
5.079746246337891,4.1941046714782715
4.316961765289307,3.499126434326172
-0.7381796836853027,6.068027019500732
-1.7432808876037598,6.529593467712402
-5.581116676330566,5.199384689331055
-8.129894733428955,6.266069412231445
-9.38800573348999,8.848094940185547
-4.56007719039917,6.14389181137085
3.7673473358154297,8.434677124023438
1.3241767883300781,1.3545989990234375
0.014662699541077018,-1.0998964309692383
-1.2882709503173828,2.537357807159424
-4.017508029937744,0.3114938922226429
-7.232320308685303,-0.47997239977121353
-3.360450267791748,0.0809669028967619
4.115629196166992,-3.1896471977233887
5.4248809814453125,-4.565370082855225
2.173030376434326,-2.8965115547180176
1.1627197265625,-1.9449949264526367
-0.5032062903046608,-3.398263454437256
-3.957247734069824,-1.7284750938415527
-5.981540679931641,-5.056726932525635
-0.3119825944304466,-4.375922679901123
1.6360163688659668,-1.290905475616455
3.765881061553955,-2.3828864097595215
2.3420095443725586,-2.21099853515625
0.9044169634580612,-5.560541152954102
0.4561663046479225,-4.497897624969482
-3.790593147277832,-5.624687671661377
-4.038679599761963,-1.5843749046325684
-0.14499429613351822,1.5920400619506836
1.7508983612060547,-1.0193706303834915
-1.7757654190063477,-0.11783840134739876
-3.7467360496520996,-1.600348949432373
-2.445340156555176,0.9812474250793457
-3.4633755683898926,3.983950614929199
-4.470491409301758,2.362203598022461
0.40181878954172134,1.6043663024902344
6.82443380355835,1.7991065979003906
3.164374828338623,3.3014535903930664
-3.2678842544555664,2.3830771446228027
5.623602867126465,6.820249557495117
3.855562210083008,3.124833106994629
0.14337300322949886,-3.347468376159668
3.706955909729004,-0.3110169991850853
9.348464012145996,-1.7606377601623535
5.993592739105225,-1.247727870941162
0.5864739045500755,-0.33687349408864975
0.043726000003516674,-5.113554000854492
-0.45056339353322983,-3.30582857131958
-4.330110549926758,-2.840590476989746
-7.563579082489014,-0.12106900103390217
0.3210901841521263,-0.2523780055344105
-0.4280686005949974,0.41784051805734634
-8.09028148651123,0.39283040910959244
-7.140672206878662,1.4216303825378418
-6.304490566253662,3.2755136489868164
-8.257913589477539,2.4095535278320312
-9.202146530151367,2.016294002532959
-2.179694175720215,2.978503704071045
2.2904515266418457,-0.45804981142282486
3.5992026329040527,-3.2932400703430176
0.5540132895112038,-2.092158794403076
6.21265172958374,-1.8094301223754883
5.499160289764404,-4.234683513641357
0.6987690925598145,-6.586062908172607
1.3863325119018555,-6.549370288848877
10.763120651245117,-4.976439476013184
1.147317886352539,-4.599499702453613
4.366779327392578,-8.027541637420654
-1.2676477432250977,-7.700145244598389
1.6842007637023926,-11.420416831970215
-12.62216567993164,-8.383870124816895
-4.965472221374512,-3.5894274711608887
3.8599729537963867,-8.62044095993042
-7.443952560424805,-1.2376785278320312
-1.055896282196045,-7.136833667755127
-7.999706268310547,2.121305465698242
-2.9111385345458984,1.4160752296447754
-15.450549125671387,7.7899932861328125
-0.12969969771802425,2.451956272125244
0.9122849255800247,12.224221229553223
8.217215538024902,6.641602516174316
8.602428436279297,10.498666763305664
8.21373462677002,7.771503925323486
-0.1698612980544567,7.214975357055664
7.916271686553955,6.943142414093018
5.164694786071777,4.947423934936523
5.763125419616699,4.7513604164123535
8.821797370910645,3.795289993286133
9.967327117919922,4.930484294891357
0.40014978498220444,-0.8941531181335449
-0.28414729982614517,-0.40552619844675064
2.2983670234680176,-1.9213557243347168
3.012239933013916,-3.964662551879883
-3.5156726837158203,-4.048013687133789
2.9080629348754883,-6.281161308288574
-0.3816485032439232,-10.667812824249268
-8.907151222229004,-9.128415584564209
-10.565853118896484,-4.6016693115234375
-5.952692031860352,-3.740978240966797
-4.564964771270752,1.8969297409057617
-6.010937690734863,-1.3498306274414062
-3.256404399871826,-1.2192606925964355
-1.390695571899414,2.8224945068359375
-3.790271282196045,3.1888246536254883
-5.829012393951416,4.791736602783203
-1.1582493782043457,13.586091995239258
2.235555648803711,8.075499534606934
3.354966640472412,10.537254810333252
0.7945656776428223,9.094905853271484
5.863487720489502,7.306241989135742
6.240475177764893,7.363700866699219
6.263267993927002,5.573177337646484
6.746172904968262,2.0909667015075684
10.655498504638672,2.1392822265625
9.004831314086914,1.8646478652954102
3.751969337463379,-1.0729789733886719
1.888597011566162,0.09588000364601612
6.056880950927734,-2.6195406913757324
-0.39763450622558594,-6.658375263214111
0.5854010954499245,-7.301163673400879
3.229522705078125,-6.62841796875
1.617443561553955,-8.70431661605835
-7.578086853027344,-4.75313663482666
-5.787539482116699,-5.8060526847839355
-0.6904243677854538,-5.567622184753418
-2.322542667388916,-3.5898923873901367
-0.47527551651000977,-4.475796222686768
3.381204605102539,-1.0705947875976562
0.30671359971165657,0.9001492708921432
-3.565859794616699,1.7991304397583008
-8.732819557189941,3.62776517868042
-5.168390274047852,1.002824306488037
-4.418849945068359,3.728616237640381
1.6062617301940918,-1.738131046295166
3.4261703491210938,2.557206153869629
3.429257869720459,-0.744020864367485
0.9621620178222656,-3.057432174682617
-2.952420711517334,-3.807520866394043
-6.118035316467285,-6.632208824157715
-3.1297683715820312,-7.296514511108398
0.9396076202392578,-1.9289970397949219
0.46253200620412827,-7.447242736816406
6.984543800354004,-4.374575614929199
6.806135177612305,-6.531429290771484
-0.48830509185791016,-7.1413397789001465
-3.248739242553711,-0.08844139985740185
-0.9362220764160156,5.078089237213135
-0.8713840693235397,2.566254138946533
1.9066810607910156,5.476474761962891
5.560648441314697,4.505717754364014
6.042170524597168,4.3373823165893555
1.1403203010559082,6.552064418792725
-5.968272686004639,7.9125165939331055
-3.93751859664917,4.890179634094238
-4.334235191345215,5.916070938110352
-6.214797496795654,-1.2749075889587402
2.256917953491211,-3.6599040031433105
0.0380754005163908,-5.962574481964111
-6.540822982788086,-9.537184238433838
-2.4964094161987305,-10.757076740264893
-7.357478141784668,-16.252291202545166
-13.88537883758545,-12.063848972320557
-7.617378234863281,-8.64863395690918
0.5242348089814186,-5.921494960784912
0.38371089845895767,-3.88718843460083
2.0938754081726074,-6.242191791534424
5.886352062225342,-0.33184289932250977
3.190183639526367,5.162501335144043
0.5434155091643333,11.700451374053955
0.9601830691099167,11.914145946502686
4.39608097076416,12.666380405426025
4.678857326507568,13.320183753967285
7.807981967926025,10.055017471313477
10.30576229095459,15.279936790466309
8.06645154953003,10.87963581085205
3.121364116668701,10.323750972747803
0.44317249208688736,8.653998374938965
-0.4488826170563698,1.6394972801208496
-0.30395980924367905,-0.8841872215270996
-2.570199966430664,-4.260694980621338
-0.7787823677062988,-7.955539226531982
-3.858006000518799,-7.890665531158447
-6.544649600982666,-8.438217639923096
-11.29390001296997,-12.5113844871521
-7.612287998199463,-10.561084747314453
-7.148563861846924,-11.909925937652588
-1.564466953277588,-8.654451370239258
1.5141844749450684,-7.318317890167236
5.326282978057861,-6.262409687042236
2.471137046813965,-3.814685344696045
0.727844163775444,-1.4600753784179688
2.0253777503967285,1.2435674667358398
4.167723655700684,3.4329771995544434
2.249133586883545,4.245507717132568
6.053280830383301,5.486428737640381
6.716680526733398,6.157505512237549
2.2794485092163086,4.267477989196777
-4.322612285614014,5.386459827423096
-1.9922614097595215,7.108604907989502
-0.32467838376760483,3.4873604774475098
-4.04963493347168,1.78757905960083
-1.3282537460327148,-0.6823301315307617
4.05886173248291,-2.812933921813965
-4.468381404876709,-2.0023226737976074
-7.300400733947754,-1.518869400024414
-0.003206699911970645,-2.761697769165039
-0.2622365951538086,-3.686988353729248
-0.9980559349060059,-4.310882091522217
6.6861748695373535,-2.200472354888916
8.40688943862915,2.0631790161132812
1.6336321830749512,2.5887250900268555
3.894495964050293,1.126408576965332
5.873453617095947,1.9127249717712402
2.639305591583252,2.4871349334716797
4.768610000610352,4.3877482414245605
4.413783550262451,6.274628639221191
-0.29681919142603874,6.8608880043029785
0.4058241844177246,6.513082981109619
-0.6993532180786133,2.8340816497802734
-1.5608549118041992,1.4360547065734863
-1.793348789215088,5.053675174713135
1.9563794136047363,2.576756477355957
-1.1855006217956543,1.0344386100769043
-0.6357789039611816,-1.061701774597168
0.15023949556052685,-3.1253695487976074
-0.39974451065063477,-2.1370291709899902
-0.5584001913666725,-0.07027389947324991
0.9785295277833939,-2.6803016662597656
2.8264284133911133,-2.821660041809082
2.5446653366088867,-1.864480972290039
3.3874869346618652,-1.4690876007080078
5.272197723388672,2.53446102142334
2.073824405670166,3.299438953399658
2.8322577476501465,-0.6557583808898926
1.9573211669921875,0.7086992263793945
-3.489220142364502,2.955615520477295
-2.375483512878418,4.440701007843018
-0.4559754952788353,5.742812156677246
-1.8209457397460938,2.7384400367736816
1.9223928451538086,2.235102653503418
3.467738628387451,4.498136043548584
-0.5470157042145729,3.9850473403930664
-2.550327777862549,4.924404621124268
-5.468714237213135,4.668092727661133
-5.315661430358887,-0.38683410733938217
-0.5860805884003639,-3.302645683288574
0.8224844932556152,-2.708005905151367
-0.2873302064836025,-0.016236300580203533
3.306305408477783,0.03257990116253495
-6.270122528076172,0.06959440186619759
-8.545315265655518,-2.422630786895752
-1.460409164428711,-2.7786970138549805
0.3808259963989258,-2.5289058685302734
-2.1311402320861816,-3.6194682121276855
4.382634162902832,-3.1925320625305176
4.316055774688721,-1.7057418823242188
-4.7069549560546875,-1.8387675285339355
-4.638683795928955,-1.7312884330749512
0.67459337413311,0.23207660764455795
4.905557632446289,-2.355360984802246
2.714681625366211,-3.1966328620910645
5.950498580932617,-3.6615729331970215
5.506300926208496,-4.348540306091309
-1.4699339866638184,-0.6602168083190918
-10.45597791671753,2.817821502685547
-4.49674129486084,1.392674446105957
-0.11285539716482162,-0.7314323633909225
-1.0750532150268555,-0.24888519197702408
2.9674768447875977,-5.319201946258545
7.249748706817627,0.188982505351305
-4.719746112823486,2.037966251373291
-5.670773983001709,-0.7783412933349609
-3.166651725769043,3.143024444580078
0.8037210255861282,0.3124714083969593
3.878605365753174,-1.4887094497680664
10.548138618469238,-0.3590821847319603
8.83336067199707,-1.637732982635498
4.995834827423096,-1.6697287559509277
-1.7266392707824707,-0.7279872894287109
-6.08372688293457,0.4094839096069336
-3.5108208656311035,-0.3738880157470703
2.886676788330078,3.9183974266052246
1.205432415008545,1.5852689743041992
3.2428622245788574,1.3659358024597168
1.7484664916992188,-0.5022286996245384
-7.3589324951171875,-2.950310707092285
-12.473177909851074,0.4121065139770508
-9.169197082519531,3.603959083557129
-3.113400936126709,1.4123082160949707
-4.174149036407471,-2.972102165222168
-2.5409340858459473,-2.7683019638061523
5.163848400115967,-3.265869617462158
-0.8867620676755905,-1.642775535583496
-7.180988788604736,-0.8562088012695312
-1.701366901397705,-1.6525030136108398
4.823911190032959,-5.253088474273682
2.0010828971862793,-5.230224132537842
3.821396827697754,-5.925464630126953
8.619678020477295,-2.5705933570861816
4.731035232543945,-3.052234649658203
-6.055951118469238,-5.413007736206055
-0.8380770683288574,-8.228075504302979
3.3951520919799805,-8.960187435150146
-4.087889194488525,-9.744083881378174
1.7231941223144531,-8.546841144561768
0.950312614440918,-5.170345306396484
-2.634751796722412,-10.125088691711426
-7.695305347442627,-6.354391574859619
-5.5728912353515625,-4.813802242279053
-2.393209934234619,-3.263568878173828
-4.49519157409668,-0.3422379121184349
-1.1621475219726562,0.23987289518117905
4.3462395668029785,0.5905866995453835
7.177340984344482,7.5249552726745605
1.635289192199707,10.038602352142334
5.668854713439941,7.821261882781982
3.7599563598632812,13.034605979919434
-0.6179213896393776,8.318614959716797
0.4848361015319824,8.96061658859253
8.258461952209473,12.242817878723145
8.013558387756348,8.864164352416992
5.961871147155762,11.204278469085693
2.0015478134155273,9.23604965209961
3.2274723052978516,4.422330856323242
-5.783247947692871,6.434512138366699
-5.521905422210693,4.047954082489014
0.37691589444875717,-0.7941842079162598
4.892325401306152,-2.3606061935424805
-0.5531072989106178,-5.205798149108887
4.139673709869385,-5.808556079864502
1.1525630950927734,-5.866563320159912
-6.673610210418701,-6.8984270095825195
-5.997109413146973,-7.801461219787598
-2.1843552589416504,-6.723904609680176
-4.956483840942383,-4.710960388183594
2.54361629486084,-6.411230564117432
2.345144748687744,-3.9625167846679688
-1.2715339660644531,0.18562080338597298
-4.091882705688477,3.2707929611206055
-3.1353235244750977,3.6284923553466797
-5.839359760284424,7.08010196685791
-1.5236139297485352,5.052971839904785
6.737208366394043,6.289827823638916
4.907798767089844,7.780337333679199
1.723933219909668,9.044420719146729
5.164444446563721,10.434722900390625
2.751493453979492,10.986006259918213
2.6574015617370605,8.759188652038574
12.207198143005371,7.73996114730835
10.303819179534912,4.296278953552246
4.229462146759033,0.7999538630247116
6.93669319152832,2.807283401489258
5.4505228996276855,-1.354515552520752
-1.8896102905273438,-3.512418270111084
-1.0768651962280273,-2.73439884185791
2.6395320892333984,-7.615196704864502
-1.9009590148925781,-7.608842849731445
-5.285406112670898,-6.901395320892334
-3.981006145477295,-10.925889015197754
-2.06146240234375,-5.2722930908203125
-4.118847846984863,-4.465985298156738
-4.425668716430664,-4.377353191375732
-0.8430718630552292,-3.483760356903076
-0.6441832333803177,-1.3785243034362793
-3.2841086387634277,-3.2450079917907715
-0.8717656135559082,3.826439380645752
2.4796366691589355,3.4625768661499023
-0.14685389585793018,-1.7136812210083008
-1.4885783195495605,-0.07613900117576122
1.2526154518127441,-0.10994669981300831
1.6539812088012695,0.664675235748291
-2.7504324913024902,1.8283724784851074
-3.5494565963745117,-3.169369697570801
-0.6889581680297852,-4.292690753936768
-1.341712474822998,-3.6086320877075195
-5.164682865142822,-8.234572410583496
-2.022552490234375,-4.486978054046631
1.210474967956543,0.9083271026611328
-2.636444568634033,-0.9759067744016647
2.3267269134521484,-1.3705968856811523
6.569814682006836,1.7569661140441895
2.285122871398926,-2.146756649017334
2.3951292037963867,4.833173751831055
0.8420466631650925,5.737435817718506
4.807090759277344,0.5281209945678711
4.042065143585205,2.4367809295654297
-0.45069459825754166,3.309917449951172
4.758799076080322,1.56707763671875
4.171204566955566,3.3416271209716797
-11.2632155418396,1.0735393315553665
-6.045329570770264,-4.503738880157471
-2.401876449584961,-1.048445701599121
-8.258819580078125,-5.642032623291016
-9.773528575897217,-11.507105827331543
-6.772005558013916,-8.479726314544678
-20.0300931930542,-7.035362720489502
-13.550341129302979,-7.109546661376953
-5.688679218292236,-2.441692352294922
-8.376896381378174,-3.1491994857788086
3.1692981719970703,-4.478156566619873
12.669622898101807,3.9151430130004883
5.411362648010254,1.3936400413513184
4.288244247436523,4.998636245727539
11.0032320022583,10.276377201080322
6.383788585662842,9.980785846710205
10.393834114074707,9.952139854431152
16.888058185577393,11.511516571044922
11.229360103607178,5.920016765594482
8.607733249664307,7.872045040130615
6.065559387207031,8.402514457702637
-1.1348485946655273,2.1152496337890625
-1.0713577270507812,1.7067670822143555
-1.6175270080566406,-2.129852771759033
-6.375467777252197,-3.5289645195007324
-8.011257648468018,-6.730401515960693
-2.920043468475342,-6.058406829833984
-10.25087833404541,-12.529337406158447
-11.675584316253662,-10.488343238830566
-5.239391326904297,-7.168400287628174
-0.8757591247558594,-11.00926399230957
-5.719566345214844,-8.449375629425049
0.5541085824370384,-8.133518695831299
4.952561855316162,-7.5505852699279785
0.4306316003203392,-0.19599199295043945
-2.4642586708068848,1.2369036674499512
2.7680277824401855,2.7696609497070312
2.2553086280822754,3.3275485038757324
0.13756750151515007,5.4224371910095215
4.223191738128662,5.253446102142334
9.586000442504883,6.712782382965088
2.0258665084838867,8.587193489074707
0.0551581010222435,6.084907054901123
-1.989293098449707,6.174039840698242
-4.23809289932251,1.5235304832458496
-3.973400592803955,-0.8571147918701172
1.7110943794250488,0.39157871156930923
4.282212257385254,-0.6829261779785156
3.7765026092529297,-2.6576876640319824
-0.5932927131652832,-1.3233304023742676
-6.894814968109131,-4.261040687561035
2.3211121559143066,-3.6235690116882324
3.602886199951172,0.7590413093566895
5.209195613861084,-1.135397031903267
8.955240249633789,1.6243219375610352
9.46265459060669,2.281367778778076
0.1762866973876953,0.7839798927307129
-5.196189880371094,4.694187641143799
-0.8648037910461426,5.5510640144348145
-1.4463424682617188,5.983638763427734
-1.4310240745544434,8.512771129608154
-0.11818409897387028,5.208003520965576
3.8893938064575195,2.875852584838867
0.9114980697631836,4.435586929321289
-1.7994999885559082,6.961166858673096
1.6093254089355469,4.802906513214111
3.4517645835876465,5.1441192626953125
3.637552261352539,-0.8985996246337891
6.225919723510742,-3.1249403953552246
7.226216793060303,0.874936580657959
3.776979446411133,-0.2127647027373314
-0.23151639848947525,-0.750732421875
-2.6325345039367676,2.6566267013549805
-1.482534408569336,-0.49954649060964584
-1.2649178504943848,1.0943412780761719
-0.8144497871398926,4.571366310119629
-0.2677321061491966,3.711235523223877
1.1398553848266602,3.5247445106506348
-7.082366943359375,1.578199863433838
-7.991313934326172,0.7774949073791504
-5.251598358154297,4.02679443359375
-6.259298324584961,4.815268516540527
-4.2601823806762695,4.796016216278076
6.192958354949951,-1.0619521141052246
5.416560173034668,-1.4426469802856445
0.10427240282297134,-0.8969665318727493
4.543030261993408,-2.5043725967407227
1.6908049583435059,4.725193977355957
-4.780411720275879,-3.3054471015930176
1.2786865234375,-5.586910247802734
2.8612613677978516,-4.5243024826049805
3.3313870429992676,-2.7936816215515137
2.405977249145508,2.813708782196045
1.7018556594848633,0.14398099854588509
-4.171478748321533,-0.08500809781253338
-5.963706970214844,-1.3376355171203613
-9.819352626800537,0.6186246871948242
-7.381260395050049,0.7486342638731003
-5.2974700927734375,-1.034843921661377
-4.562687873840332,1.524674892425537
-0.7500767707824707,-2.5138378143310547
1.949906349182129,-4.592180252075195
-0.44465068727731705,-1.0655879974365234
-0.5285143852233887,-2.267587184906006
1.4159679412841797,-0.038003900554031134
0.8540987968444824,-4.139423370361328
-1.3991117477416992,-7.958018779754639
3.092038631439209,-2.564680576324463
4.88438606262207,-2.2255420684814453
-0.13061759993433952,-1.8394112586975098
-3.134429454803467,0.058591398410499096
1.2967944145202637,-3.3783912658691406
-0.20316839218139648,-2.760910987854004
-0.847172737121582,0.3957867994904518
4.760003089904785,-0.23001430556178093
3.907036781311035,0.4296660050749779
-2.0187854766845703,0.9749054908752441
-0.297236405313015,-0.056362198665738106
2.476215362548828,2.2430896759033203
2.602696418762207,2.490556240081787
4.957032203674316,-1.4593124389648438
7.852458953857422,-1.577901840209961
7.073318958282471,-0.9626030921936035
3.561735153198242,-1.4415621757507324
-3.218090534210205,0.9864687919616699
-4.569590091705322,0.014257399598136544
-3.821897506713867,0.5085587874054909
-5.425775051116943,3.7642717361450195
-2.289581298828125,0.8026003837585449
-1.2912750244140625,3.9604544639587402
-4.26560640335083,4.103648662567139
-8.686065673828125,1.541280746459961
-7.789301872253418,4.42202091217041
-9.269940853118896,2.1857738494873047
-6.730306148529053,0.9308577328920364
0.9462237358093262,1.874101161956787
4.371607303619385,-3.31650972366333
5.803656578063965,-5.484330654144287
4.550433158874512,-2.822589874267578
1.9751667976379395,-7.718658447265625
0.9832262992858887,-4.367482662200928
4.326033592224121,-6.444120407104492
2.472686767578125,-8.099377155303955
8.161962032318115,-6.751883029937744
5.989265441894531,-5.609333515167236
1.4710068702697754,-9.729993343353271
-9.653174877166748,-6.571364402770996
-4.534614086151123,-12.52903938293457
-10.259723663330078,-4.648470878601074
-7.773351669311523,-5.9516191482543945
-5.51224946975708,-3.076326847076416
-2.451193332672119,-2.5378823280334473
-4.453766345977783,-6.334972381591797
-5.241274833679199,1.488173007965088
-2.1245241165161133,1.3172149658203125
-2.866792678833008,6.6132307052612305
1.6942739486694336,6.498050689697266
6.096923351287842,7.795548439025879
13.305842876434326,5.934047698974609
6.485486030578613,8.953702449798584
4.800653457641602,8.427608013153076
3.4351110458374023,14.410698413848877
5.550694465637207,10.354912281036377
0.9395956993103027,13.466799259185791
7.725882530212402,11.227858066558838
5.636084079742432,13.126564025878906
4.1489362716674805,9.545183181762695
-3.603827953338623,4.259002208709717
3.5043954849243164,2.0947933197021484
1.7597079277038574,0.4489421844482422
-3.4221649169921875,2.541494369506836
-3.1581878662109375,1.932525634765625
1.9347786903381348,-3.4334897994995117
-7.676100730895996,-11.877691745758057
-6.700468063354492,-14.210700988769531
0.11050700210034847,-10.83688735961914
3.694474697113037,-7.364249229431152
-3.400707244873047,-8.626115322113037
-1.9425034523010254,-10.392367839813232
-4.700279235839844,-12.49685287475586
-4.456758499145508,-5.329132080078125
-10.072171688079834,0.2367853932082653
-1.6772985458374023,2.286052703857422
-0.9754539281129837,6.530141830444336
-1.6292095184326172,5.754947662353516
-5.1711320877075195,7.368993759155273
-1.0478615760803223,11.438465118408203
-2.880859375,15.420019626617432
2.0576953887939453,13.480043411254883
7.82700777053833,11.867845058441162
13.827145099639893,9.109652042388916
15.976107120513916,8.80979299545288
11.759722232818604,6.09506368637085
3.905057907104492,7.553744316101074
6.395089626312256,1.8933415412902832
1.783442497253418,-1.4884710311889648
5.366361141204834,-4.807865619659424
9.24450159072876,-4.2786478996276855
8.609628677368164,-8.537089824676514
-4.6196699142456055,-9.070408344268799
-7.190525531768799,-14.038455486297607
-8.3823561668396,-10.999763011932373
-13.670730590820312,-7.58436918258667
-4.74168062210083,-7.5044989585876465
3.8661956787109375,-8.117437362670898
-4.876649379730225,-7.614779472351074
-3.7805795669555664,-8.796334266662598
-3.9650559425354004,-1.875293254852295
-11.928343772888184,-0.18682479858398438
-5.339419841766357,2.474236488342285
4.2862653732299805,0.450742207467556
4.2647600173950195,-1.5131354331970215
4.082751274108887,-0.21501779556274414
5.51685094833374,3.7445425987243652
1.2231230735778809,-2.529144287109375
-4.437375068664551,2.2274136543273926
-0.22480489686131477,-1.0018228739500046
4.9587249755859375,-1.1828423291444778
3.173208236694336,1.2293220311403275
0.122487498447299,4.586660861968994
2.9018044471740723,0.6037234887480736
-4.993546009063721,4.292726516723633
-8.257722854614258,1.5256881713867188
-1.3633370399475098,0.5315065011382103
2.9351353645324707,4.821205139160156
3.9092063903808594,5.313229560852051
3.7926435470581055,1.6387701034545898
-1.517164707183838,3.7916183471679688
-7.0989251136779785,0.06874800194054842
-8.168041706085205,0.11465550400316715
-3.4917354583740234,3.244948387145996
3.3173561096191406,-1.3680100440979004
3.712594509124756,-2.158021926879883
2.091658115386963,-5.334007740020752
-4.552948474884033,-7.375442981719971
-5.947768688201904,-6.88709020614624
-8.979761600494385,-7.582426071166992
-8.374595642089844,-11.159956455230713
-2.63516902923584,-7.379710674285889
-3.689277172088623,-3.3206582069396973
-5.590927600860596,-6.440019607543945
-0.25789739564061165,0.7676362991333008
-0.8421540260314941,0.653994083404541
1.6154170036315918,1.2948393821716309
4.087352752685547,4.648435115814209
7.080698013305664,4.421520233154297
3.281223773956299,2.7687430381774902
5.628633499145508,10.72380542755127
2.888655662536621,9.778320789337158
5.281937122344971,14.038443565368652
9.315061569213867,12.551367282867432
7.227885723114014,4.764878749847412
-0.07369520142674446,3.40120792388916
4.733180999755859,3.4013748168945312
-2.581298351287842,4.334890842437744
-6.0559868812561035,1.3198494911193848
-1.9346952438354492,-2.7080416679382324
0.5302667990326881,-6.243336200714111
-4.591774940490723,-7.88424015045166
-6.525683403015137,-4.316234588623047
-9.242510795593262,-5.270063877105713
-8.575773239135742,-5.337989330291748
-6.664299964904785,-10.964763164520264
0.9522675722837448,-10.004115104675293
3.6485671997070312,-7.944822311401367
6.725740432739258,-1.3340234756469727
4.000413417816162,-0.12360810302197933
-4.9393534660339355,-3.3878087997436523
-4.665982723236084,-1.364433765411377
3.543531894683838,0.4997849091887474
4.277050495147705,4.354512691497803
4.511702060699463,7.069206237792969
7.440662384033203,3.3001184463500977
3.0512213706970215,1.8861770629882812
-7.881510257720947,1.3745427131652832
-5.117380619049072,1.9226908683776855
-1.8121600151062012,2.896714210510254
-3.082728385925293,1.6805052757263184
3.0959248542785645,-4.227101802825928
6.3471198081970215,-6.33770227432251
-3.686213493347168,-0.08957389742136002
-2.1906137466430664,0.8551477640867233
-0.9883760660886765,8.213496208190918
-6.233072280883789,2.4501562118530273
2.300715446472168,-0.6897687911987305
7.8162431716918945,3.8440942764282227
4.598391056060791,1.950383186340332
2.892136573791504,8.901715278625488
5.167019367218018,10.303676128387451
-0.8870124816894531,2.0890116691589355
-0.9177684783935547,2.8764843940734863
0.2686619944870472,2.1761298179626465
2.3179054260253906,4.457056522369385
-0.32482150942087173,3.1749367713928223
-0.17340179532766342,2.9293060302734375
-0.5237818136811256,-4.532742500305176
3.6302685737609863,-4.2641520500183105
-3.37294340133667,-1.470339298248291
4.346907138824463,-3.8995742797851562
8.133113384246826,-2.3710012435913086
0.2768993005156517,-6.140995025634766
4.06339168548584,-8.050739765167236
10.08826494216919,-4.312074184417725
1.0291575640439987,-2.353787422180176
0.7277727127075195,0.9422659873962402
5.142712593078613,2.9035568237304688
-0.5404233932495117,1.7569661140441895
-2.388584613800049,2.3128747940063477
6.508064270019531,5.129218101501465
-0.017631100490689278,6.190395355224609
-4.464864730834961,7.113611698150635
-5.006802082061768,7.317173480987549
-7.449734210968018,4.71649169921875
-11.058986186981201,4.809880256652832
-3.3162593841552734,4.485177993774414
1.2390375137329102,4.723596572875977
3.1308770179748535,2.8417229652404785
-2.330005168914795,0.2329229936003685
-1.0290145874023438,-1.1040688306093216
-0.26885269209742546,-0.2794981002807617
-1.9867897033691406,-1.392209529876709
-0.030660599004477262,-0.03843310056254268
6.83598518371582,-2.84726619720459
4.817557334899902,-4.394066333770752
0.019633800256997347,-0.6248354911804199
0.09263750165700912,-1.882922649383545
-1.7978429794311523,-0.24493930861353874
-7.046139240264893,1.3120174407958984
-2.823328971862793,-1.071321964263916
1.0465145111083984,0.31890869140625
-3.4775495529174805,-1.7244338989257812
-2.107977867126465,-2.7855753898620605
-1.5757203102111816,-0.6150364875793457
-3.790152072906494,-1.0264276713132858
-3.220689296722412,-2.602994441986084
1.4209985733032227,-1.1256098747253418
1.4679551124572754,-3.66208553314209
1.0305284708738327,-1.470804214477539
-0.548398494720459,-0.9382367134094238
-1.9722580909729004,-1.5452384948730469
-2.208864688873291,-0.6300210952758789
-0.027918799314647913,-0.48191551119089127
1.5758275985717773,0.9202718734741211
1.7378807067871094,0.5991578102111816
0.21800989285111427,0.5444645881652832
0.4698634147644043,0.25800470262765884
0.7591962814331055,2.3075103759765625
1.8275856971740723,0.7482408732175827
1.142287328839302,0.826263427734375
1.1278151720762253,4.459476470947266
3.844010829925537,0.8926510810852051
3.484928607940674,0.39349790662527084
-0.40749311447143555,-3.269779682159424
4.775536060333252,-4.134821891784668
8.149969577789307,-2.554142475128174
-0.5076884850859642,-1.4716863632202148
-4.588460922241211,-4.564416408538818
-2.115333080291748,-1.3443946838378906
-3.339993953704834,-3.611445426940918
-4.986202716827393,-2.499985694885254
-0.44890638440847397,-0.6035565957427025
2.9403209686279297,-1.8728375434875488
-7.148194313049316,-0.7599472999572754
-11.592793464660645,1.6361355781555176
-8.252179622650146,2.7687430381774902
-3.738069534301758,2.852487564086914
-5.561530590057373,-1.735520362854004
0.3601669892668724,1.7850279808044434
8.0314040184021,1.4157414436340332
0.25228260084986687,0.03098249901086092
-3.7102818489074707,0.2705812081694603
3.021395206451416,-2.593088150024414
6.850707530975342,-2.839827537536621
9.566497802734375,-5.0585150718688965
11.002600193023682,-8.735513687133789
6.55667781829834,-7.471966743469238
3.5695791244506836,-3.866744041442871
-6.032097339630127,-5.178093910217285
-9.937310218811035,-5.798840522766113
-1.2272834777832031,-10.890007019042969
1.084303930401802,-11.345481872558594
-5.163156986236572,-9.736871719360352
-8.106255531311035,-2.725815773010254
-1.0937929153442383,-7.54009485244751
-21.33316993713379,-1.2678027153015137
-8.9829683303833,-7.193005084991455
-3.772735595703125,0.8023499697446823
2.325904369354248,1.2897968292236328
2.451169490814209,7.641959190368652
12.032842636108398,5.592548847198486
8.310079574584961,10.714733600616455
1.7206430435180664,8.611106872558594
5.669248104095459,10.084891319274902
7.917487621307373,11.333072185516357
4.999828338623047,7.0915937423706055
5.897021293640137,10.789525508880615
9.313416481018066,7.132196426391602
7.311856746673584,9.104788303375244
-0.5635738000273705,8.842611312866211
-0.4366755113005638,6.145608425140381
0.38847919553518295,3.1696677207946777
-6.686031818389893,4.2751312255859375
-4.262673854827881,-2.986609935760498
3.595852851867676,-1.8494009971618652
-4.126715660095215,0.09467599913477898
-4.329729080200195,-4.731631278991699
-0.841057300567627,-6.69788122177124
-7.1929216384887695,-7.280075550079346
-7.070612907409668,-7.756185531616211
-2.0779013633728027,-4.938483238220215
4.3892502784729,-5.06366491317749
-1.3463854789733887,-9.980595111846924
2.538168430328369,-5.8373332023620605
1.3287067413330078,-1.1060357093811035
-2.9412388801574707,-1.0304927825927734
-7.532763481140137,3.9216995239257812
4.217720031738281,0.4961847886443138
1.8503665924072266,1.8757820129394531
0.6354808807373047,7.290828227996826
2.6351571083068848,6.153249740600586
1.9529342651367188,8.781445026397705
-9.177851676940918,13.252556324005127
-1.386570930480957,5.790495872497559
7.112634181976318,7.177019119262695
10.204720497131348,5.433487892150879
11.023616790771484,6.031155586242676
10.722625255584717,5.789744853973389
1.9182801246643066,4.419004917144775
0.2550959959626198,-4.293012619018555
-1.2169718742370605,-5.3487420082092285
2.351558208465576,-3.8387656211853027
4.710125923156738,-7.030892372131348
6.536197662353516,-7.1312785148620605
-5.422556400299072,-9.487426280975342
-5.8574676513671875,-13.374114036560059
-9.455585479736328,-7.589602470397949
-4.950857162475586,-8.605122566223145
-3.313624858856201,-5.5576324462890625
2.9282689094543457,-4.171562194824219
4.012942314147949,-3.834867477416992
-3.8488030433654785,-4.027605056762695
-7.937061786651611,-0.15709400177001953
-1.9464850425720215,0.39380788803100586
-5.516397953033447,1.294541358947754
1.9641876220703125,2.2020459175109863
6.460225582122803,1.9215941429138184
10.502111911773682,-2.291440963745117
-3.0173182487487793,-2.053403854370117
-2.1661996841430664,-2.6416897773742676
-5.624747276306152,0.21402839571237564
-3.0096054077148438,-4.265725612640381
-2.845466136932373,0.8513926714658737
2.8117895126342773,-2.244436740875244
3.522002696990967,1.5947222709655762
1.6381621360778809,2.1145105361938477
-3.478693962097168,-1.2112616747617722
-1.5091419219970703,1.6986846923828125
-4.673480987548828,3.3101797103881836
2.7014851570129395,-0.019455000292509794
0.6590843200683594,2.647531032562256
2.7999401092529297,3.26845645904541
3.408205509185791,1.566922664642334
1.5650272369384766,0.5440711975097656
-3.6475539207458496,5.218064785003662
-0.48691030591726303,0.01677270047366619
-3.9802074432373047,1.683664321899414
-4.870188236236572,0.636446475982666
-1.6727209091186523,-4.9346208572387695
1.9489645957946777,-6.650400161743164
0.0331998011097312,-5.979514122009277
-2.3905396461486816,-8.472788333892822
-2.4066567420959473,-6.778955459594727
-3.4442782402038574,-7.281196117401123
-5.744016170501709,-10.261285305023193
-5.487382411956787,-3.016042709350586
-6.215691566467285,2.7054786682128906
4.183852672576904,4.776978492736816
0.46420101076364517,4.036569595336914
1.7837166786193848,4.516100883483887
6.208455562591553,4.725503921508789
1.6997098922729492,15.759384632110596
-2.977287769317627,8.046984672546387
-3.088986873626709,9.616005420684814
0.8219003677368164,7.949590682983398
6.862950325012207,4.8490166664123535
9.913206100463867,3.914940357208252
7.250428199768066,8.033335208892822
5.406510829925537,3.969097137451172
0.7722616195678711,-0.0005126000178279355
-4.136621952056885,-2.295076847076416
0.9897232055664062,-7.2884440422058105
8.86598825454712,-4.4799089431762695
2.931976318359375,-1.7625212669372559
1.524364948272705,-7.726526260375977
1.2909531593322754,-7.3979973793029785
-11.283481121063232,-9.13090705871582
-8.229446411132812,-9.956860542297363
1.717054843902588,-2.4565935134887695
2.979922294616699,-2.587878704071045
3.363633155822754,-4.944455623626709
-1.215064525604248,-4.5278191566467285
-4.421281814575195,-4.88356351852417
-8.225452899932861,-0.8445978164672852
-4.941678047180176,3.490900993347168
-1.3294577598571777,2.0756125450134277
3.710508346557617,0.9856104850769043
1.1564850807189941,4.615378379821777
-4.680180549621582,2.4864554405212402
-5.04993200302124,4.824662208557129
-5.790460109710693,3.7888646125793457
-1.5304327011108398,7.405519485473633
6.114804744720459,2.423262596130371
5.304121971130371,-0.19112829118967056
4.155147075653076,-2.1785378456115723
3.7538647651672363,-2.46046781539917
-2.591121196746826,-0.7467150688171387
-2.07669734954834,1.0042548179626465
4.589879512786865,-1.6592144966125488
7.328248023986816,0.8021354675292969
4.451847076416016,0.40520429611206055
5.35045862197876,1.5404105186462402
5.419301986694336,0.7422090321779251
-1.2017130851745605,3.1467199325561523
-1.163184568285942,-1.1168242245912552
5.547332763671875,1.9301652908325195
4.662930965423584,2.2933483123779297
-0.3589510917663574,-0.9594321250915527
-1.2271881103515625,1.835167407989502
-1.4409184455871582,-0.039947000332176685
-6.734716892242432,-3.9037227630615234
-7.732605934143066,-0.7648468017578125
-1.339888572692871,0.05831719841808081
-0.06237030029296875,-1.1311768740415573
-0.9406208992004395,3.3403873443603516
2.597987651824951,-2.069532871246338
2.5327324867248535,-2.9662489891052246
1.5617609024047852,-0.6479979306459427
0.02629759954288602,-0.883948802947998
1.0935187339782715,4.069876670837402
4.929542541503906,4.5665740966796875
4.970395565032959,1.443338394165039
6.435716152191162,3.0216455459594727
7.619130611419678,5.845165252685547
6.427419185638428,3.7624120712280273
2.95790433883667,7.044625282287598
-1.9325852394104004,6.709110736846924
0.4119158163666725,3.431117534637451
-1.4316439628601074,1.1963605880737305
-1.7116308212280273,2.620577812194824
1.7360210418701172,0.41805509477853775
-0.8715391159057617,1.2861251831054688
-6.569230556488037,0.1420975010842085
-6.2816619873046875,-3.322458267211914
-7.681334018707275,0.4078507050871849
-7.43483304977417,-3.5646677017211914
-2.317953109741211,-2.5240540504455566
1.359415054321289,-4.547762870788574
0.5103110894560814,-1.6741156578063965
1.3157010078430176,-2.1752238273620605
-0.7521629333496094,0.019633800256997347
-4.220271110534668,0.0589727982878685
0.786280632019043,-0.06411079782992601
5.223512649536133,-2.5551319122314453
4.255068302154541,2.302718162536621
5.301094055175781,-1.8353939056396484
5.2326202392578125,3.4872055053710938
-0.6646156311035156,2.7190804481506348
-4.366958141326904,-1.2944817543029785
-2.563297748565674,0.91689832508564
1.3022422790527344,-1.5679597854614258
1.4248967170715332,-3.165924549102783
0.35637620836496353,-0.5658388137817383
1.1800169944763184,-1.9005179405212402
-0.10262729600071907,-2.1585464477539062
-9.668982028961182,-1.21079683303833
-9.231436252593994,2.9737234115600586
-0.4575372114777565,0.7471442222595215
-0.7656692713499069,-0.3505707159638405
-0.26417970657348633,-1.4837861061096191
3.8111329078674316,-3.543972969055176
3.9606809616088867,4.38694953918457
-6.9684624671936035,3.2207846641540527
-4.790687561035156,3.7081241607666016
3.0190348625183105,3.963935375213623
2.8240203857421875,2.071225643157959
4.38845157623291,-0.5699634924530983
13.514769077301025,-0.5120277032256126
8.38937759399414,-2.159392833709717
-2.9893994331359863,-1.5010595321655273
-1.4910340309143066,0.9741663932800293
-2.6987195014953613,0.8028625696897507
1.8414735794067383,-3.998410701751709
1.8883585929870605,-6.200659275054932
4.433763027191162,-4.111206531524658
4.182112216949463,-2.862250804901123
-5.158686637878418,-0.4989742860198021
-12.585699558258057,0.37844181060791016
-4.922080039978027,-0.14022589661180973
-1.966238021850586,-0.026118799578398466
-3.845393657684326,-1.168668270111084
2.738010883331299,1.4239072799682617
5.523312091827393,-0.7728099822998047
-13.278615474700928,2.1782994270324707
-9.574782848358154,0.23730989545583725
-1.2961983680725098,-0.21071430295705795
-2.275383472442627,-0.7470489293336868
4.296278953552246,0.12491939589381218
10.05847454071045,-3.0405402183532715
4.1564106941223145,-2.276182174682617
-2.5017499923706055,-6.355714797973633
-6.306970119476318,-6.011950969696045
-3.9142251014709473,-3.9826393127441406
-3.166794776916504,-6.857240200042725
3.8543105125427246,-8.55931043624878
6.420695781707764,-11.71274185180664
2.4311304092407227,-15.463685989379883
-3.270280361175537,-13.393127918243408
-5.878043174743652,-9.269452095031738
-5.709218978881836,-8.516073226928711
-7.093775272369385,-7.990837097167969
-3.2497763633728027,-8.299148082733154
7.503354549407959,-7.02669620513916
5.554032325744629,-1.1304616928100586
-4.063653945922852,5.752217769622803
4.932129383087158,4.1199564933776855
5.731499195098877,8.763349056243896
-2.041339874267578,5.241489410400391
5.12460470199585,10.600054264068604
9.39399003982544,10.568082332611084
4.176187515258789,10.007667541503906
-2.733886241912842,11.267554759979248
2.052009105682373,11.876380443572998
4.405951499938965,10.586833953857422
-2.1124839782714844,13.47264051437378
-2.9477953910827637,7.273519039154053
6.670486927032471,7.130730152130127
1.6911864280700684,4.1992902755737305
-6.009316444396973,0.5090475082397461
2.926957607269287,1.144564226269722
1.1918306350708008,-1.2051820755004883
-9.079670906066895,-4.433023929595947
-2.9156923294067383,-4.4455647468566895
5.511164665222168,-5.510711669921875
-0.5075931921601295,-11.510658264160156
2.542245388031006,-10.171031951904297
6.491231918334961,-4.98429536819458
1.1255264282226562,-8.07645320892334
0.028681799303740263,-4.842817783355713
-4.282617568969727,-4.9211859703063965
-1.4437317848205566,-2.5371909141540527
3.0350327491760254,1.9968032836914062
1.0386943817138672,1.4572739601135254
-0.2655624970793724,3.4349918365478516
1.3872027397155762,9.760868549346924
-2.4018168449401855,7.641196250915527
-5.695736408233643,11.235272884368896
-5.039548873901367,10.264837741851807
3.368699550628662,10.249340534210205
4.269683361053467,8.915770053863525
4.6025872230529785,8.699500560760498
6.369328498840332,11.262178421020508
7.67139196395874,5.853593349456787
0.08108619600534439,4.730474948883057
2.8670787811279297,3.3207178115844727
10.321044921875,-1.6632914543151855
6.517505645751953,0.7069230079650879
5.184221267700195,-5.2825093269348145
1.7235875129699707,-4.2174458503723145
0.42171478271484375,-5.360221862792969
1.55487060546875,-8.234643936157227
-3.9814114570617676,-8.73250961303711
0.8838654309511185,-9.402239322662354
4.14128303527832,-4.193484783172607
-0.8512973785400391,-5.255448818206787
-7.980084419250488,-2.4828076362609863
-2.890503406524658,-1.5766501426696777
-6.2722086906433105,-3.632473945617676
-9.08271074295044,-0.2696513943374157
-3.5748839378356934,-0.2667069062590599
-0.23512840270996094,-2.58939266204834
-7.344913482666016,0.6605148315429688
-6.150221824645996,-3.67356538772583
-6.89697265625,-1.1756539344787598
-3.4865498542785645,0.9979009628295898
-2.7951955795288086,0.12000800110399723
-1.0285615921020508,-2.087557315826416
2.3770570755004883,-1.214003562927246
3.5314321517944336,-4.295563697814941
2.707552909851074,-1.0855913162231445
1.9558429718017578,2.2792816162109375
4.691040515899658,2.5530099868774414
10.111641883850098,1.7893195152282715
4.674863815307617,-3.2026171684265137
2.7399659156799316,-0.7004857063293457
6.849324703216553,0.4141687974333763
1.0709285736083984,1.2535452842712402
-3.6031007766723633,-0.06194110028445721
1.8540143966674805,1.7191290855407715
2.2527337074279785,0.7213593274354935
-4.107654094696045,-2.5135278701782227
-2.8470516204833984,-0.9001970291137695
-4.255664348602295,-4.957258701324463
-10.599231719970703,-3.3986687660217285
-7.600498199462891,-2.966797351837158
-2.823495864868164,-5.111265182495117
-1.4510750770568848,-2.381277084350586
-1.713263988494873,-4.653167724609375
2.1971940994262695,-8.063924312591553
-1.4417409896850586,-5.729877948760986
-3.3322691917419434,-6.640839576721191
0.7216095924377441,-3.243863582611084
-1.4707565307617188,7.662630081176758
-4.440712928771973,4.657077789306641
6.392097473144531,4.689490795135498
-0.5014896020293236,4.149961471557617
-1.8153667449951172,4.793024063110352
2.2237420082092285,9.092068672180176
2.052009105682373,10.91315746307373
-6.004536151885986,7.890069484710693
-0.05551579874008894,6.029939651489258
0.7210493087768555,6.656277179718018
2.3527145385742188,5.081486701965332
8.020734786987305,2.1101951599121094
6.392347812652588,0.9801744669675827
1.2915849685668945,-5.920982360839844
1.6131401062011719,-3.273463249206543
-6.017601490020752,0.3013492003083229
-1.0758758336305618,-0.3286122903227806
3.8727521896362305,-0.9575963020324707
2.451622486114502,-6.230652332305908
3.3135414123535156,-10.648369789123535
4.48380708694458,-7.245421409606934
-3.4839391708374023,-6.8300604820251465
-7.622992992401123,-2.544736862182617
-1.9021868705749512,-0.6804584711790085
-0.5524634942412376,-2.771580219268799
0.17102960497140884,-2.167820930480957
2.7227282524108887,-1.468217372894287
6.399011611938477,1.578664779663086
0.7835865020751953,3.2413125038146973
-3.49729061126709,3.2539010047912598
-4.1068196296691895,5.130219459533691
-3.047919273376465,6.135082244873047
-5.458879470825195,3.9581298828125
-1.5834331512451172,3.9254069328308105
2.2629380226135254,0.34192800521850586
1.3529419898986816,2.5937557220458984
0.420832596719265,-3.2631635665893555
-0.016510500572621822,0.9516357630491257
0.5521297082304955,-1.3416409492492676
-0.19878150895237923,-2.732110023498535
-0.9020447731018066,0.9237170219421387
2.5985360145568848,-1.2418150901794434
2.607882022857666,0.832521915435791
1.2431740760803223,2.023458480834961
2.660214900970459,-1.5292644500732422
3.908407688140869,3.4305453300476074
2.045011520385742,4.323387145996094
3.3927440643310547,3.8981080055236816
4.904019832611084,4.39152717590332
2.7437806129455566,6.221461296081543
1.9077062606811523,4.5600056648254395
0.19627809524536133,3.876042366027832
-1.6663908958435059,5.986905097961426
-0.37822719663381577,-0.5796670913696289
-1.6805529594421387,1.4202117919921875
-2.7618765830993652,1.9425392150878906
-1.2705326080322266,1.5451788902282715
-1.320505142211914,3.1871557235717773
-1.9381523132324219,0.7586240768432617
0.603330098092556,-1.1407970637083054
4.947221279144287,-0.011992499930784106
3.9740800857543945,-0.9474635124206543
5.080056190490723,-0.22516250610351562
4.099559783935547,0.8371949195861816
2.700519561767578,-0.018715900368988514
4.366457462310791,1.0735034942626953
3.297865390777588,0.40280818939208984
4.364514350891113,0.981748104095459
4.564821720123291,1.451253890991211
0.6672502309083939,1.7206907272338867
-2.956557273864746,3.8431406021118164
-2.5327563285827637,-0.1730204001069069
-2.196335792541504,-2.2322893142700195
-4.723083972930908,-3.031456470489502
-2.916896343231201,-1.12547867000103
1.2245892733335495,-0.4861712083220482
-7.695794105529785,-1.3620495796203613
-8.409285545349121,-4.7844767570495605
-1.283097267150879,-2.7254581451416016
-3.8989782333374023,-2.41013765335083
-3.1531929969787598,2.031886577606201
4.861998558044434,4.0480852127075195
3.049325942993164,1.4651894569396973
-2.585124969482422,0.7183313369750977
-2.883732318878174,0.03098249901086092
0.6049275025725365,1.387476921081543
2.2376656532287598,2.8528213500976562
2.7661681175231934,2.1526455879211426
6.717348098754883,-1.9200325012207031
6.924164295196533,-0.21451709792017937
1.2693285942077637,-2.2606253623962402
-3.2363057136535645,-4.4638872146606445
-3.843569755554199,0.7554054260253906
-1.5630483627319336,-2.290511131286621
-2.4912476539611816,-5.9355974197387695
-0.09565349668264389,-2.213573455810547
-0.6253361701965332,-5.257058143615723
-0.012934199767187238,-5.173635482788086
-5.892574787139893,-0.16175510361790657
-5.777323246002197,-3.4324288368225098
-3.811943531036377,-1.9673705101013184
-4.691028594970703,-1.3720393180847168
1.4574050903320312,-3.0498504638671875
4.600155353546143,-0.7391809672117233
-1.636672019958496,1.5781044960021973
0.26035310700535774,0.4724382981657982
0.312805213034153,2.099013328552246
-4.3308258056640625,3.2401084899902344
0.34712549299001694,0.48184391111135483
10.38351058959961,0.9013056755065918
6.083869934082031,3.261852264404297
7.803165912628174,2.208876609802246
9.680521488189697,2.0524024963378906
5.07354736328125,-0.602722205221653
-2.2552847862243652,0.3247261047363281
2.809786796569824,0.8388280868530273
1.6964197158813477,3.4240245819091797
-1.722705364227295,0.10533330030739307
-0.5048156157135963,-1.195681095123291
-1.502072811126709,1.8873810768127441
-6.52008056640625,2.610325813293457
-7.551872730255127,6.531977653503418
-4.629349708557129,5.075061321258545
-3.8355469703674316,0.972747802734375
-6.837940216064453,1.3112545013427734
-2.3775577545166016,1.0327457636594772
-1.663970947265625,1.2492775917053223
-2.584350109100342,0.28903480619192123
-4.725933074951172,1.5579462051391602
0.9060263633728027,-2.8798699378967285
5.998027324676514,-2.8878211975097656
2.2378921508789062,-6.4543843269348145
1.4413952827453613,-5.696308612823486
3.885936737060547,-3.4331440925598145
-0.2820014953613281,-6.503641605377197
-4.190719127655029,-7.572770118713379
-0.3893018141388893,-5.154633522033691
2.505064010620117,-3.7010908126831055
1.0076045989990234,-5.471646785736084
-4.223906993865967,-6.776618957519531
5.773866176605225,-13.447058200836182
-9.07435417175293,-9.660923480987549
-7.020473480224609,-9.159266948699951
-3.3686399459838867,-8.193039894104004
-3.865659236907959,-3.133857250213623
-11.739873886108398,-4.99880313873291
4.41211462020874,-6.456029415130615
-3.2264351844787598,0.5446910858154297
-1.8379926681518555,-3.015470504760742
0.5907297134399414,3.6356091499328613
5.182969570159912,5.143225193023682
-2.1361708641052246,4.703521728515625
1.5085101127624512,11.880218982696533
6.080329418182373,11.007952690124512
1.8766999244689941,10.730910301208496
3.0719637870788574,12.061262130737305
10.64997911453247,12.249648571014404
7.1318864822387695,8.891355991363525
8.88432264328003,8.330035209655762
7.260417938232422,9.265673160552979
0.9103178977966309,7.6821088790893555
-2.8064489364624023,4.139184951782227
-4.096269607543945,0.25281909853219986
2.2957324981689453,-6.325817108154297
0.7070302963256836,-4.64169979095459
7.764792442321777,-3.5958290100097656
9.800958633422852,-9.315240383148193
-0.8578181266784668,-9.06766653060913
-7.081854343414307,-10.565805435180664
-9.138154983520508,-8.778202533721924
-3.487873077392578,-8.390593528747559
-2.8888463973999023,-2.534973621368408
1.3515830039978027,-4.894709587097168
4.476594924926758,-0.21173950284719467
-2.9644131660461426,-2.30255126953125
-13.517296314239502,1.3013839721679688
-8.381009101867676,8.485448360443115
-3.105950355529785,9.957289695739746
-0.5397915840148926,7.148265838623047
5.256402492523193,8.854496479034424
7.319974899291992,5.943012237548828
3.139662742614746,6.136620044708252
-6.834113597869873,13.387203216552734
-2.450239658355713,10.74972152709961
3.6431074142456055,9.38417911529541
6.958723068237305,8.086884021759033
13.849985599517822,2.7468442916870117
13.870513439178467,4.622435569763184
6.379079818725586,4.469907283782959
-5.527043342590332,0.6471992284059525
-2.0185112953186035,0.003385499876458198
0.6764174252748489,0.8077620714902878
1.457822322845459,-2.650737762451172
6.146132946014404,-4.723405838012695
4.9307942390441895,-4.863584041595459
-1.1915087699890137,-10.508489608764648
-7.844865322113037,-9.968602657318115
-8.259570598602295,-6.133103370666504
0.30580760911107063,-4.638159275054932
-0.4587411880493164,-0.3602743148803711
-1.599574089050293,-2.893507480621338
1.636505126953125,-6.744277477264404
-3.588581085205078,-6.147623062133789
-6.690216064453125,-4.489576816558838
-4.212534427642822,-1.972818374633789
-2.838122844696045,2.7846693992614746
-0.3523707017302513,-2.1931886672973633
-1.0527729988098145,-3.2184481620788574
-1.867067813873291,-1.7771124839782715
-3.035271167755127,-0.1927614025771618
-0.36339759826660156,1.0638236999511719
-1.7596244812011719,3.040754795074463
-2.3183584213256836,0.21095279604196548
1.825261116027832,4.520583152770996
3.0803442001342773,5.469036102294922
2.674591541290283,6.238508224487305
1.4629364013671875,3.619849681854248
2.7904152870178223,3.8135290145874023
3.180670738220215,-0.689542293548584
2.8568625450134277,0.9420514106750488
0.9395719319581985,4.6691179275512695
3.2828927040100098,3.75899076461792
0.2670169062912464,5.873453617095947
-6.434917449951172,-0.7632613182067871
-4.413056373596191,-6.934642791748047
-2.646493911743164,-5.317497253417969
-10.28352975845337,-7.575976848602295
-8.504092693328857,-2.440643310546875
-3.4659981727600098,-4.161512851715088
-4.8394083976745605,-8.4891676902771
-8.143281936645508,-9.442472457885742
2.060985565185547,-8.314251899719238
0.8943557739257812,-5.521035194396973
-3.4956812858581543,-5.27876615524292
0.8144854754209518,-4.653418064117432
-1.8496155738830566,2.0437002182006836
-1.3117194175720215,0.6655930727720261
8.95606279373169,5.357873439788818
8.555841445922852,4.7875285148620605
5.761682987213135,5.876278877258301
3.975522518157959,6.4580559730529785
2.2135257720947266,7.536149024963379
-5.277037620544434,5.411553382873535
-2.547574043273926,6.794345378875732
2.3341774940490723,11.794471740722656
4.148232936859131,4.380488395690918
3.356456756591797,1.311326026916504
0.18619300797581673,3.1178832054138184
-3.1239867210388184,-5.121588706970215
0.05940199829638004,0.7926105707883835
-3.7329792976379395,-2.4206042289733887
0.07627009879797697,-9.616649150848389
4.2815327644348145,-6.1391472816467285
1.3028979301452637,-8.38559865951538
0.29413700103759766,-11.525583267211914
-0.8559823036193848,-5.0727128982543945
-3.6870479583740234,-7.018649578094482
-2.714860439300537,-7.347011566162109
2.790498733520508,-3.3330440521240234
6.079304218292236,-4.9826860427856445
2.9001712799072266,-0.7201313972473145
-2.301037311553955,3.162705898284912
0.3350377082824707,3.7282586097717285
-4.723656177520752,3.499484062194824
-5.684709548950195,4.362010955810547
-3.794240951538086,0.678563117980957
3.801119327545166,7.684886455535889
-0.9845495223999023,5.334067344665527
-5.19258975982666,0.4838467016816139
-4.777169227600098,-0.12371540069580078
-3.0339956283569336,-2.50399112701416
-3.423929214477539,-4.283404350280762
-1.8094062805175781,3.4873247146606445
3.891277313232422,-5.393886566162109
1.512610912322998,-4.215145111083984
-0.15947820618748665,-2.3853063583374023
2.5429248809814453,-4.529380798339844
1.6817092895507812,2.581322193145752
1.534879207611084,4.473352432250977
5.231368541717529,2.111935615539551
6.718969345092773,3.8501977920532227
4.715418815612793,4.0438055992126465
4.747200012207031,5.215394496917725
4.689621925354004,8.935964107513428
2.6694416999816895,10.15995740890503
1.757669448852539,4.929602146148682
0.49250129610300064,2.1488308906555176
-2.1494150161743164,2.7573227882385254
-1.8553376197814941,6.888091564178467
-0.013005699729546905,4.733145236968994
-5.454826354980469,0.08413789793848991
-3.2721638679504395,-4.282021522521973
-0.9652615338563919,-6.123673915863037
-0.04575250204652548,-3.118622303009033
-1.164710521697998,-0.3134607896208763
2.3262500762939453,-0.3964542970061302
4.176449775695801,-0.18831489607691765
7.535815238952637,-3.191065788269043
4.900181293487549,-4.515647888183594
5.705738067626953,4.919993877410889
3.4283995628356934,7.191872596740723
0.02403259975835681,6.3074469566345215
-0.9596586227416992,6.81692361831665
6.92676305770874,4.917168617248535
4.617106914520264,3.1451821327209473
2.122068405151367,8.202922344207764
0.7816194742918015,3.603839874267578
-3.220653533935547,2.895522117614746
-11.651670932769775,1.7328739166259766
-8.280789852142334,-2.3033499717712402
0.39147138595581055,0.6552696228027344
-2.998173236846924,4.402732849121094
-4.649460315704346,-0.8085966110229492
-2.306210994720459,-1.9237518310546875
-6.707370281219482,-5.513250827789307
-8.317840099334717,-3.1446337699890137
-2.1932244300842285,2.1657824516296387
2.242588996887207,2.5295019149780273
0.765526294708252,0.9680985659360886
2.670574188232422,0.3734707832336426
1.3422250747680664,-1.4350175857543945
-1.215982437133789,1.2864112854003906
0.01828670036047697,1.6161203384399414
4.289376735687256,1.7760276794433594
3.418242931365967,0.9743809700012207
1.9522666931152344,-3.0673861503601074
1.2828946113586426,-2.5256991386413574
-0.6943702697753906,-1.7421364784240723
-4.329955577850342,-1.0895133018493652
-3.6734461784362793,-3.8839221000671387
0.5596042051911354,-5.065810680389404
1.902449131011963,-5.571353435516357
-1.56022310256958,-2.0070433616638184
-2.5362133979797363,-2.3088693618774414
-5.208408832550049,-0.7038593292236328
-7.388782501220703,-2.772974967956543
-4.663705825805664,-2.91825532913208
2.880680561065674,-1.7102956771850586
4.079532623291016,3.00217866897583
0.39354559034109116,1.2005805969238281
1.6698002815246582,3.5099148750305176
1.0727763175964355,2.0049333572387695
-2.649819850921631,-1.327836513519287
0.6922602653503418,2.494931221008301
4.611730575561523,2.1198153495788574
5.026054382324219,-0.054013701155781746
2.7080655097961426,3.4851908683776855
3.2329440116882324,-0.08459090255200863
7.224857807159424,-3.7471890449523926
6.177854537963867,-3.542351722717285
2.025759220123291,-6.513345241546631
1.573777198791504,-4.707658290863037
-5.017709732055664,-0.2993940934538841
-9.30490493774414,-2.809751033782959
-5.194997787475586,-0.7932066917419434
-2.465212345123291,-0.8495212346315384
-0.6633877754211426,-2.971947193145752
0.6550788879394531,-1.7615318298339844
-2.696108818054199,2.5464773178100586
-5.44663667678833,-0.7198215276002884
-6.80617094039917,3.7590742111206055
-5.417537689208984,2.724897861480713
0.5278468132019043,-0.21921399980783463
3.9047837257385254,1.1837363243103027
3.946554660797119,0.32912489026784897
4.374098777770996,-2.2435903549194336
1.7300963401794434,-0.6843925267457962
-2.857494354248047,-4.747116565704346
-6.95418119430542,-4.7432541847229
3.7918806076049805,-4.696500301361084
6.584525108337402,-4.876804351806641
1.745915412902832,-10.538458824157715
5.52448034286499,-6.2761664390563965
2.03857421875,-8.71962308883667
-10.878932476043701,-7.121992111206055
-7.49516487121582,-7.951414585113525
-3.8091421127319336,-9.287333488464355
-9.57876443862915,-9.925484657287598
-6.069231033325195,-6.313633918762207
2.0018577575683594,-3.9066195487976074
-7.194960117340088,-2.0160794258117676
-7.072412967681885,1.2458323687314987
-0.43691400438547134,0.6986737251281738
1.2464404106140137,3.8116097450256348
-0.6388664245605469,7.387745380401611
6.354308128356934,7.981979846954346
10.119569301605225,8.726036548614502
7.834827899932861,11.900579929351807
7.384753227233887,11.052703857421875
10.07930040359497,11.682844161987305
3.2649874687194824,11.623072624206543
2.5818705558776855,9.850144386291504
8.646869659423828,6.433093547821045
6.3214898109436035,3.7056803703308105
0.3448367118835449,3.235483169555664
2.921926975250244,3.3997058868408203
-1.525425910949707,4.648852348327637
-7.279336452484131,2.1357178688049316
-3.9557456970214844,-2.385532855987549
0.6820560246706009,-4.056024551391602
-2.356243133544922,-4.921555519104004
-2.1251440048217773,-4.314863681793213
-3.3030271530151367,-3.943037986755371
-6.133401393890381,-5.151784420013428
-7.495379447937012,-5.059826374053955
-3.7912726402282715,-3.13643217086792
2.991342544555664,-2.845752239227295
1.9574403762817383,-2.519237995147705
-1.6012907028198242,-0.9589195251464844
0.06754400208592415,-1.5125513076782227
-5.185973644256592,2.361321449279785
-7.3130011558532715,6.68942928314209
0.8609533309936523,5.621027946472168
7.063686847686768,5.287718772888184
5.100679397583008,3.034031391143799
5.87080717086792,1.1451960355043411
1.3277292251586914,5.655968189239502
-4.511380195617676,4.906952381134033
-5.569660663604736,2.1039247512817383
5.947470664978027,3.1234383583068848
11.386454105377197,1.0358213633298874
14.921045303344727,-0.08536580018699169
10.235881805419922,1.0713458061218262
2.803051471710205,-0.8696795254945755
-3.8694024085998535,-1.370227336883545
-5.539488792419434,-0.2773166075348854
-0.4043697938323021,-3.6761879920959473
7.533895969390869,-2.798604965209961
6.2485456466674805,-5.595767498016357
2.433919906616211,-8.197188377380371
-2.721881866455078,-6.882083415985107
-8.38022232055664,-5.530858039855957
-10.2203369140625,-5.172443389892578
-5.661523342132568,-2.381575107574463
1.0114789009094238,-5.082118511199951
3.2950520515441895,-3.886127471923828
4.395890235900879,-5.266857147216797
2.292776107788086,-1.4833331108093262
-6.462228298187256,0.38756128400564194
-7.819724082946777,0.5455255880951881
-3.700113296508789,-5.06054162979126
-1.3295888900756836,-3.37752103805542
1.5385627746582031,-4.593634605407715
3.458726406097412,-0.20498039200901985
1.7383933067321777,2.509331703186035
-3.073239326477051,-2.1028637886047363
-6.137824058532715,0.11453630402684212
-6.645298004150391,-0.7421016693115234
2.3552536964416504,2.202141284942627
2.5148510932922363,5.598604679107666
-1.0906816273927689,5.389976501464844
6.908738613128662,2.259397506713867
5.870461463928223,2.1677732467651367
-1.7928838729858398,2.0647644996643066
2.1285414695739746,3.902614116668701
1.4339089393615723,9.137094020843506
-3.773510456085205,3.5062551498413086
-0.800168514251709,1.8750667572021484
4.246664047241211,1.8769145011901855
0.07479189895093441,1.8347620964050293
0.540471114218235,0.7300376892089844
-1.493370532989502,-1.1817216873168945
-5.597293376922607,-4.556846618652344
-9.549224376678467,-6.8372368812561035
-1.4769315719604492,-9.544265270233154
-1.0696887969970703,-7.287764549255371
2.2247910499572754,-7.490181922912598
-0.27425289154052734,-8.756852149963379
-2.4686336517333984,-10.048449039459229
-5.8753252029418945,-10.86345911026001
-6.390380859375,-3.938019275665283
-7.2019219398498535,2.5462985038757324
5.058705806732178,5.7654500007629395
6.697595119476318,5.967843532562256
6.07682466506958,6.194591522216797
2.548849582672119,5.231213569641113
0.42515989392995834,12.465298175811768
-7.775533199310303,12.244534492492676
-5.0171613693237305,11.393749713897705
0.4221200942993164,10.062634944915771
6.205630302429199,6.1145782470703125
10.28827428817749,4.141247272491455
9.961366653442383,6.385433673858643
1.6007661819458008,2.888154983520508
-4.8870086669921875,-3.12882661819458
-6.333422660827637,-1.2426971644163132
-0.28281209990382195,-4.742443561553955
4.16942834854126,-6.49571418762207
1.2647747993469238,-4.226851463317871
3.940141201019287,-9.076392650604248
-1.4738678932189941,-12.431025505065918
-7.442593574523926,-11.380481719970703
-8.025312423706055,-12.202322483062744
2.361130714416504,-5.2303314208984375
3.3684134483337402,-6.299805641174316
4.4083356857299805,-5.512094497680664
4.451465606689453,-3.795135021209717
-0.7496237754821777,-3.0439019203186035
-7.105851173400879,2.294790744781494
-4.474961757659912,7.359433174133301
-3.984713554382324,9.37035083770752
-1.1205195635557175,8.54334831237793
1.3339996337890625,8.158266544342041
1.0040283203125,3.4347891807556152
-3.8506507873535156,6.074023246765137
-5.372309684753418,3.6344289779663086
-5.82650899887085,3.82540225982666
-6.381571292877197,4.122340679168701
0.2459884062409401,0.5398153886198997
6.607568264007568,-1.1217355728149414
3.918337821960449,-5.164289474487305
3.5794854164123535,-4.906713962554932
0.9840726852416992,-4.751074314117432
-0.9726524353027344,0.15684369951486588
0.5373715981841087,-3.713524341583252
5.929446220397949,-1.5660405158996582
11.181509494781494,-3.1462669372558594
9.276962280273438,-2.77940034866333
6.956183910369873,2.968311309814453
2.470672130584717,3.686535358428955
0.054120998829603195,3.723299503326416
-0.8115171641111374,4.290139675140381
-1.018977165222168,2.5460004806518555
0.5823969841003418,4.887652397155762
3.1781435012817383,6.084799766540527
-5.831968784332275,2.264988422393799
-7.900500297546387,3.3453822135925293
-6.378614902496338,2.5189876556396484
-6.517016887664795,-0.22724870592355728
-3.4632444381713867,-0.6234407052397728
7.085072994232178,-2.0475387573242188
7.12960958480835,-3.3416032791137695
2.6745080947875977,-1.4736652374267578
3.895115852355957,-1.474142074584961
2.7218222618103027,0.31068330630660057
0.2900839038193226,2.261197566986084
9.218168258666992,-0.8522987365722656
10.592830181121826,-0.7651448249816895
7.959282398223877,0.6691455841064453
3.1125664710998535,2.2005081176757812
5.041658878326416,3.338444232940674
-1.863861083984375,4.924929141998291
-2.8595328330993652,0.1272081956267357
-5.643892288208008,2.356576919555664
-2.49786376953125,1.8854141235351562
-6.901454925537109,-1.6011357307434082
-3.9327144622802734,-1.16729736328125
-3.8190603256225586,-0.802147388458252
-1.117110326886177,-4.592883586883545
-5.5489301681518555,0.5448698997497559
-4.636907577514648,-0.847637727856636
-4.0453314781188965,-1.3343334197998047
-4.142403602600098,-1.797163486480713
-2.78395414352417,-2.751588821411133
4.679453372955322,-0.6731271743774414
5.612003803253174,2.7069687843322754
0.3437995910644531,2.953827381134033
0.8139967918395996,0.8106231689453125
3.560054302215576,0.7662416249513626
0.054526301100850105,-1.503312587738037
-0.8473396301269531,-0.40913820266723633
5.715644359588623,2.5177597999572754
3.8027048110961914,4.421126842498779
-2.9564499855041504,0.04234309773892164
-1.813209056854248,-1.9657135009765625
1.4523625373840332,-0.7275819778442383
-0.2829908952116966,-3.1051993370056152
0.7631301879882812,-1.0038018226623535
-1.6313552856445312,-0.19392969086766243
2.6891350746154785,-3.183877468109131
-6.70626163482666,-0.5995630845427513
-7.030916213989258,-0.42117830365896225
-1.5127897262573242,-0.6945490837097168
-2.6507139205932617,-1.0354161262512207
-8.88378620147705,1.1081218719482422
2.9607653617858887,-0.6204605102539062
4.0624260902404785,1.0132669657468796
-2.7002930641174316,4.400837421417236
-1.1960744857788086,-2.4654030799865723
1.918637752532959,3.894031047821045
-6.873297691345215,0.8713244646787643
1.9151568412780762,-0.8926033973693848
8.713722229003906,4.143249988555908
6.466782093048096,-2.2661566734313965
8.389770984649658,-3.215169906616211
7.415878772735596,0.09809729643166065
-1.9931435585021973,-1.1483191698789597
-1.98439359664917,-1.9959211349487305
-0.9110569953918457,-2.2253870964050293
1.6904592514038086,-4.397737979888916
5.8921098709106445,-3.0373096466064453
0.41229721158742905,0.8666157722473145
-2.5037288665771484,-0.11721850372850895
-4.96898889541626,1.5764594078063965
-7.522141933441162,1.0314226150512695
-8.10239315032959,-0.9961485862731934
0.07826089859008789,-0.7404922693967819
0.5735516920685768,-0.44362548738718033
-3.9554238319396973,-0.4529118910431862
-4.984283447265625,2.401089668273926
-2.6921749114990234,-0.332796610891819
-5.1528096199035645,-3.7019848823547363
0.7215619087219238,-3.168046474456787
6.628310680389404,-2.495086193084717
8.362436294555664,-3.0694961547851562
2.9250025749206543,-4.3674468994140625
0.5008817091584206,-6.4890265464782715
-2.0589590072631836,-6.012058258056641
-0.8258224278688431,-6.3088297843933105
-0.7230877876281738,-7.721221446990967
4.081082344055176,-10.31566858291626
2.2661805152893066,-12.676012516021729
-7.4411749839782715,-12.469232082366943
-7.776951789855957,-6.391429901123047
-3.2428503036499023,-6.573045253753662
-7.565248012542725,-8.756697177886963
-6.78253173828125,-4.732871055603027
7.357990741729736,-3.8438916206359863
3.159046173095703,-1.9328117370605469
-1.651597023010254,4.381906986236572
1.3104677200317383,5.782318115234375
3.165555000305176,7.569217681884766
6.973099708557129,7.499682903289795
5.414938926696777,9.936654567718506
9.36816930770874,8.403706550598145
4.7408342361450195,10.406219959259033
2.91520357131958,9.861958026885986
0.9780406951904297,10.209691524505615
4.4081926345825195,10.085546970367432
2.598881721496582,9.794437885284424
7.333719730377197,4.563403129577637
1.319575309753418,3.9350509643554688
-2.7156829833984375,2.881932258605957
-4.452908039093018,-0.6099582090973854
-2.940237522125244,-0.15741590410470963
-7.248342037200928,-2.4068474769592285
1.559126377105713,-5.963492393493652
3.9069771766662598,-6.904852390289307
-1.9902229309082031,-6.41176700592041
-1.6566991806030273,-8.55337381362915
1.9389986991882324,-4.856562614440918
-5.999040603637695,-4.028487205505371
0.4943370819091797,-4.06038761138916
1.3566374778747559,-4.200422763824463
0.2875209040939808,0.4660606011748314
-0.8688092231750488,-0.9134293347597122
-3.0181169509887695,4.3810248374938965
-2.0607471466064453,7.606446743011475
1.0281682014465332,5.980920791625977
-2.052426338195801,10.294568538665771
-1.3733863830566406,9.460341930389404
0.45419931411743164,8.456504344940186
-0.48542018979787827,8.553802967071533
-3.1815052032470703,6.668591499328613
3.2858729362487793,5.408811569213867
8.87974500656128,5.557703971862793
7.562398910522461,5.559897422790527
6.978178024291992,4.135453701019287
8.43876600265503,1.303112506866455
2.122640609741211,2.0452141761779785
3.8182854652404785,-2.0502209663391113
6.889188289642334,-3.7897229194641113
3.689241409301758,-3.7143826484680176
6.607639789581299,-8.018255233764648
2.0637035369873047,-7.276701927185059
-5.791878700256348,-7.04653263092041
-3.62548828125,-6.404519081115723
-4.669785499572754,-6.413829326629639
-4.082608222961426,-4.217338562011719
-2.611112594604492,-4.039168357849121
3.3228635787963867,-2.6818275451660156
-3.869760036468506,1.469409465789795
-6.491482257843018,3.5919547080993652
-3.885519504547119,3.168201446533203
-8.215510845184326,2.7030110359191895
-4.8598527908325195,0.7538080215454102
0.5127549171447754,-0.8806108683347702
-0.071275201626122,0.7593274116516113
-1.24739408493042,0.8988022804260254
-0.028610199224203825,-0.4919886961579323
-2.2952795028686523,-0.2650737948715687
-2.4343252182006836,-4.464626312255859
0.2260446920990944,-2.8702497482299805
6.111383438110352,-1.7534136772155762
3.194117546081543,-7.665574550628662
1.6302824020385742,-2.558314800262451
1.9295811653137207,-2.609384059906006
1.4146924018859863,-3.2884597778320312
-3.772580623626709,-2.898383140563965
1.1016607284545898,0.7326722145080566
8.516108989715576,-1.4837861061096191
5.338001251220703,1.9075989723205566
-0.27559999376535416,1.3158440589904785
8.713352680206299,0.7711529731750488
0.8416175842285156,2.9282212257385254
-7.888245582580566,2.0130395889282227
-2.3322582244873047,2.683842182159424
2.803671360015869,0.4464269056916237
-8.922529220581055,-2.4355292320251465
-7.019197940826416,-3.7899136543273926
-1.519942283630371,-6.489419937133789
-5.148160457611084,-5.238163471221924
-13.650476932525635,-12.970972061157227
-6.41024112701416,-7.213127613067627
-10.617589950561523,-3.914201259613037
-5.893969535827637,-4.18626070022583
-1.9494414329528809,-5.395293235778809
-2.1337270736694336,-2.6688098907470703
1.612699031829834,-0.20078420639038086
8.986985683441162,3.8810014724731445
1.7040371894836426,8.074486255645752
4.112982749938965,6.748807430267334
12.350523471832275,7.4056267738342285
7.084810733795166,8.003425598144531
8.224189281463623,4.21830415725708
16.412925720214844,9.351277351379395
8.062362670898438,7.332777976989746
0.9137988090515137,4.514813423156738
3.3292651176452637,5.479145050048828
-1.5795350074768066,1.295030117034912
-3.0035972595214844,-0.46367648988962173
-3.3958792686462402,0.1801132969558239
-4.066503047943115,-4.052186012268066
-5.838513374328613,-3.6907196044921875
-8.840179443359375,-6.309795379638672
-15.111374855041504,-5.459904670715332
-10.975897312164307,-5.719459056854248
-5.207037925720215,-5.872797966003418
-2.3698806762695312,-9.60603952407837
2.2255420684814453,-7.709968090057373
5.884301662445068,-5.860030651092529
6.129670143127441,-1.6770601272583008
2.653646469116211,2.6184678077697754
0.8613110333681107,-0.2545714005827904
4.28081750869751,1.0552287101745605
8.221876621246338,1.5515923500061035
2.3365259170532227,3.5921812057495117
3.225219249725342,4.900658130645752
5.536103248596191,7.940781116485596
-1.6003966331481934,4.981780052185059
-6.926393508911133,5.943930149078369
1.479196548461914,2.8299450874328613
-3.479933738708496,0.7486224174499512
-4.823112487792969,2.3273825645446777
3.0379176139831543,-0.2005458064377308
0.9452939033508301,-4.1677117347717285
-5.539155006408691,-1.3994574546813965
1.3310432434082031,1.2078523635864258
2.7877092361450195,-1.1084675788879395
-1.230454370379448,0.22820230573415756
1.8635869026184082,0.1098513975739479
6.20579719543457,-0.619208812713623
1.5085935592651367,1.5201568603515625
2.4333596229553223,3.9383530616760254
6.4276933670043945,5.110585689544678
4.070329666137695,7.063567638397217
0.3353596106171608,5.136609077453613
2.9541492462158203,5.509674549102783
-1.1108756065368652,5.420899391174316
-5.60152530670166,8.402156829833984
-2.817201614379883,4.415023326873779
1.0326266288757324,5.557548999786377
-3.972470760345459,4.176199436187744
3.9974212646484375,1.1190295219421387
7.012009620666504,-0.3793120011687279
2.05533504486084,-1.3268709182739258
3.415083885192871,-2.0044803619384766
6.822454929351807,-3.501462936401367
1.2154818326234818,-3.968930244445801
3.406858444213867,-3.4465670585632324
10.052049160003662,-0.7945775985717773
7.0484161376953125,-2.44368314743042
-2.98231840133667,-2.7434706687927246
2.7788877487182617,1.7114877700805664
0.8867859840393066,-1.5709519386291504
-4.874014854431152,0.25751590728759766
-8.101320266723633,3.5272836685180664
-2.5983810424804688,2.643704414367676
-3.1986355781555176,3.8887619972229004
-9.588956832885742,1.2017130851745605
-7.420659065246582,2.9048800468444824
3.493678569793701,4.3521881103515625
-0.9266853332519531,5.25738000869751
-4.909086227416992,3.322112560272217
0.7697582244873047,3.603029251098633
2.1187782287597656,2.9050707817077637
-1.236867904663086,-2.1144509315490723
0.2069712057709694,0.6837009638547897
4.100692272186279,-0.36715269088745117
4.948842525482178,0.9255170822143555
-1.5456795692443848,-1.517176628112793
-0.4199028015136719,-1.2497305870056152
0.36611560732126236,-2.316570281982422
2.3632049560546875,-0.1736282929778099
-4.589247703552246,-2.378404140472412
-1.6503572463989258,-2.1773457527160645
0.0640511978417635,-0.6400942802429199
-4.304611682891846,-3.4935712814331055
-5.625343322753906,-3.471660614013672
0.7061480730772018,-1.361548900604248
-0.09428259916603565,-3.911888599395752
-1.2160778045654297,-3.1848669052124023
-2.379322052001953,-4.756069183349609
2.1123290061950684,-2.8648018836975098
-3.051590919494629,-2.277076244354248
-4.533326625823975,-1.8106818199157715
0.46682361513376236,-1.840198040008545
2.044665813446045,-3.125131130218506
-3.484344482421875,1.881098747253418
4.323244094848633,-2.032947540283203
2.3676037788391113,0.755608081817627
-2.204132080078125,1.2234807014465332
2.528238296508789,-2.086937427520752
2.273285388946533,1.4775514602661133
-4.7714948654174805,0.6720542907714844
5.713772773742676,1.9093990325927734
9.994101524353027,0.6830573081970215
-0.28308629989624023,-2.373969554901123
7.076215744018555,-2.322232723236084
9.769415855407715,-2.8557181358337402
1.5651345252990723,0.09716750122606754
-2.359437942504883,0.4512668028473854
1.0869026184082031,0.2837539091706276
-3.910386562347412,2.9056429862976074
-5.507290363311768,-0.0018715999613050371
-3.702688217163086,2.7097105979919434
-0.0651120999827981,2.412891387939453
-5.088460445404053,4.2102813720703125
-11.237132549285889,6.888425350189209
-6.686270236968994,3.074800968170166
-5.894684791564941,1.7621278762817383
-6.053674221038818,0.5430698022246361
-5.941605567932129,2.4277687072753906
1.5245795249938965,0.7128357887268066
1.7726778984069824,-0.3096937946975231
-4.004156589508057,-4.726386070251465
2.643251419067383,-6.676685810089111
7.3082804679870605,-5.998516082763672
5.623745918273926,-7.120084762573242
5.343830585479736,-7.17238187789917
6.0036540031433105,-6.973111629486084
1.0624290257692337,-11.310052871704102
3.7776708602905273,-12.28029727935791
1.9585967063903809,-10.251927375793457
-0.825190469622612,-9.372866153717041
0.31141040846705437,-10.962820053100586
-4.67146635055542,-7.129991054534912
-9.839868545532227,-9.74210500717163
-8.725547790527344,-4.827702045440674
-5.9029340744018555,-3.179025650024414
-5.181288719177246,-2.3139119148254395
-6.437325477600098,2.9796719551086426
-2.5132060050964355,4.436039924621582
-5.327475070953369,5.6325554847717285
-2.7909398078918457,8.989083766937256
1.2258529663085938,12.296438217163086
8.447515964508057,9.513139724731445
10.426366329193115,10.681343078613281
10.920095443725586,9.263420104980469
11.947059631347656,7.704305648803711
5.321812629699707,6.889712810516357
3.5204648971557617,9.241855144500732
4.6303391456604,8.588969707489014
6.063318252563477,7.220625877380371
6.721150875091553,0.9664177894592285
5.916857719421387,-2.3769736289978027
1.673436164855957,0.5184770002961159
1.1144399642944336,1.0475993156433105
-4.127073287963867,0.39124488830566406
-5.137956142425537,-0.9630560874938965
-0.5196690931916237,-8.023989200592041
-4.516422748565674,-6.215846538543701
-1.342928409576416,-10.67495346069336
-1.0771750658750534,-3.4473657608032227
-5.466866493225098,-6.152379512786865
-8.635616302490234,-4.414880275726318
-7.488811016082764,-5.477774143218994
-3.987586498260498,-1.7541885375976562
-3.8939356803894043,0.9478569030761719
0.9713411331176758,4.192543029785156
1.3182759284973145,4.508388042449951
1.1841297149658203,3.280496597290039
-3.3263683319091797,6.575047969818115
-5.469810962677002,7.506382465362549
0.23486610502004623,8.16560983657837
1.5447139739990234,12.22003698348999
3.684413433074951,6.48188591003418
10.495555400848389,5.891990661621094
9.699392318725586,6.582963466644287
7.688808441162109,6.565499305725098
8.755433559417725,7.149374485015869
6.052827835083008,4.563617706298828
5.424463748931885,1.8097758293151855
6.9472432136535645,2.3851990699768066
8.816206455230713,-0.18776660785079002
6.289374828338623,-3.224480152130127
-1.6480803489685059,-1.7306327819824219
-3.0722856521606445,-6.437265872955322
-5.209004878997803,-6.5937042236328125
-10.063540935516357,-4.909920692443848
-5.295360088348389,-6.559264659881592
-1.7412066459655762,-4.437124729156494
-3.3859968185424805,-5.435383319854736
-7.2577595710754395,-5.620467662811279
-3.2262802124023438,-5.9853315353393555
-4.864692687988281,0.2798914909362793
-6.662046909332275,-3.137946128845215
0.7033705711364746,1.6722559928894043
-1.079249382019043,1.4101028442382812
-0.9052515029907227,-1.5504956245422363
3.3209919929504395,-2.088630199432373
2.7252554893493652,-0.5878448113799095
2.353811264038086,-1.9776701927185059
0.37219520658254623,1.2414336204528809
0.19031759351491928,-0.3375649079680443
1.692807674407959,-0.7637739181518555
-1.4241337776184082,-1.2716174125671387
3.627002239227295,-3.0517935752868652
7.304251194000244,-6.525862216949463
-0.3401399031281471,-1.5504956245422363
-0.4956365004181862,2.6212453842163086
0.502467192709446,2.198517322540283
-1.5042901039123535,1.3938546180725098
-2.446866035461426,-0.09033679962158203
0.8768559247255325,-1.0994315147399902
1.087963581085205,6.470203399658203
-3.8650035858154297,1.877593994140625
-4.272961616516113,2.47877836227417
-6.377172470092773,-1.3033390045166016
-4.710257053375244,-2.0102977752685547
-2.793419361114502,-1.5961170196533203
-0.5585074052214622,-0.8309484273195267
-0.8954644203186035,-4.358768463134766
-0.012004399904981256,-8.059442043304443
-3.2932162284851074,-11.103487014770508
-3.8049817085266113,-9.812498092651367
-1.0785579681396484,-12.240278720855713
-5.399930477142334,-6.136047840118408
-7.730436325073242,-3.5043716430664062
1.7059803009033203,-2.2313714027404785
0.5365610122680664,0.14363530091941357
-2.447354793548584,2.0461559295654297
10.570192337036133,5.185151100158691
9.006381034851074,11.233580112457275
-1.6270041465759277,9.275710582733154
1.8744945526123047,9.193062782287598
6.036972999572754,13.189661502838135
-2.4205803871154785,14.348328113555908
7.954263687133789,9.243297576904297
9.52906608581543,9.796810150146484
1.358485221862793,4.743468761444092
-1.2070178985595703,1.917576789855957
-0.06040330044925213,3.991687297821045
-5.808281898498535,-0.5305647850036621
0.03614430082961917,-4.845523834228516
-0.8700132369995117,-3.885972499847412
-2.544689178466797,-8.787000179290771
-2.5287866592407227,-6.933319568634033
-4.013347625732422,-4.704439640045166
-7.831048965454102,-10.913896560668945
-5.992913246154785,-6.607949733734131
-2.061283588409424,-2.2443294525146484
2.6615023612976074,-2.3703694343566895
2.6933670043945312,0.4758596047759056
1.7705678939819336,-0.40357109159231186
4.070842266082764,1.0612964630126953
-0.4725933074951172,7.1732282638549805
-3.676903247833252,6.323766708374023
3.2730817794799805,7.160937786102295
0.544130802154541,4.455721378326416
-1.2061595916748047,2.0154953002929688
4.588758945465088,1.3535022735595703
-2.2989988327026367,1.838064193725586
-5.476212501525879,-0.5879760161042213
-2.825295925140381,1.6185522079467773
-2.4881482124328613,-5.273127555847168
-3.8833022117614746,-6.252944469451904
-0.43495889753103256,-4.890680313110352
-1.3737678527832031,-5.713248252868652
-3.029000759124756,-3.9981961250305176
-2.4208545684814453,-2.5609374046325684
0.05307199899107218,-2.0409226417541504
0.6743788719177246,-2.5578975677490234
5.127966403961182,-0.3325105085968971
7.370316982269287,3.1476497650146484
7.382345199584961,5.539858341217041
3.896188735961914,6.940639019012451
2.7866005897521973,7.5907111167907715
3.8519740104675293,7.827496528625488
-1.6880273818969727,8.365976810455322
2.1888256072998047,8.445906639099121
1.9476771354675293,6.479406356811523
-0.08386369794607162,3.120589256286621
-1.9507408142089844,4.096090793609619
1.8669724464416504,-1.3164639472961426
-0.44530630111694336,-3.6652207374572754
-0.8597373962402344,-2.5481700897216797
4.455232620239258,-4.157984256744385
5.471301078796387,-3.6661505699157715
2.813732624053955,-4.2166829109191895
4.1800618171691895,-5.507230758666992
1.342785358428955,-4.105091094970703
-2.065455913543701,-2.031528949737549
0.017488000448793173,-1.5592575073242188
1.5765786170959473,3.5172224044799805
1.2767434120178223,0.7039784640073776
4.662072658538818,2.393198013305664
5.650436878204346,3.862893581390381
-0.9654998779296875,4.605650901794434
-3.7052273750305176,6.841254234313965
-7.9651594161987305,5.3376078605651855
-9.88234281539917,4.791629314422607
-4.444074630737305,5.901944637298584
-0.3340005874633789,3.7305831909179688
4.242920875549316,3.6141395568847656
6.3942551612854,3.1197667121887207
0.13741250149905682,0.8938789367675781
-1.4014720916748047,-1.2822866439819336
-6.315207481384277,0.14070269651710987
-4.834651947021484,1.7140984535217285
-2.345597743988037,3.8826584815979004
2.818763256072998,4.155111312866211
3.5377144813537598,-0.16036029905080795
2.4982810020446777,0.5423545837402344
-2.481412887573242,1.4185309410095215
-4.129278659820557,1.1863470077514648
-2.434682846069336,1.7351508140563965
-1.8487095832824707,-3.7293195724487305
-5.35275936126709,-3.914666175842285
2.098071575164795,-3.1456470489501953
1.5508770942687988,-3.490316867828369
-2.6518821716308594,-0.41315559297800064
-1.9127607345581055,-4.73862886428833
3.885650634765625,-7.06716775894165
-0.2645372971892357,-7.308030128479004
-0.00965600018389523,-6.396043300628662
4.413294792175293,-2.5923728942871094
0.12238030321896076,-3.3788681030273438
-5.887186527252197,-5.820012092590332
-0.1980781927704811,-2.2114992141723633
0.18128160387277603,-3.1446456909179688
-0.8484839648008347,-1.324927806854248
1.9657611846923828,1.3243794441223145
2.9117226600646973,1.4748454093933105
-3.0897021293640137,-0.1466870028525591
-1.0034441947937012,0.43696168810129166
-2.7597546577453613,3.6252260208129883
-3.6557674407958984,4.506862163543701
0.6723403930664062,7.098805904388428
6.473648548126221,2.0062804222106934
2.7069568634033203,-1.8354058265686035
4.551804065704346,-0.6488441675901413
7.3218584060668945,-1.4065980911254883
2.857232093811035,0.9138107299804688
-3.9407968521118164,0.27076009660959244
-2.35673189163208,-1.7421603202819824
-2.1596908569335938,-1.6583442687988281
-2.7432918548583984,-2.245044708251953
-0.8012294769287109,-4.575920104980469
2.8243541717529297,-1.9576311111450195
-3.1480908393859863,0.27170179411768913
-9.162986278533936,-1.4426708221435547
-9.17598009109497,0.5017637833952904
-5.323338508605957,1.9033551216125488
-5.282235145568848,-0.2190827950835228
-1.9117355346679688,1.5100359916687012
3.226339817047119,0.701749324798584
6.02802038192749,-1.4414668083190918
2.5467395782470703,-3.07772159576416
-1.099240779876709,-2.66876220703125
2.574431896209717,-2.942371368408203
6.90152645111084,-1.914048194885254
1.0219811648130417,-2.295839786529541
3.0710816383361816,-6.850612163543701
9.388017654418945,-5.237758159637451
2.9343485832214355,-6.7984700202941895
-8.910083770751953,-5.885744094848633
-4.330384731292725,-3.3181071281433105
-3.2585978507995605,-6.23171329498291
-13.335740566253662,-9.19877290725708
-7.917368412017822,-9.508144855499268
2.578902244567871,-5.671119689941406
-5.751335620880127,-2.860391139984131
-12.26576566696167,-0.5902289971709251
-2.587592601776123,-0.29791589826345444
-3.417837619781494,-0.543212890625
-7.346546649932861,2.9471516609191895
3.3394694328308105,9.135925769805908
12.967836856842041,7.517385482788086
7.464361190795898,13.022828102111816
6.395316123962402,8.081889152526855
12.210583686828613,9.302961826324463
6.589114665985107,9.618580341339111
4.72177267074585,6.516218185424805
8.670663833618164,9.237658977508545
11.710405349731445,7.941234111785889
4.352986812591553,5.69688081741333
2.980172634124756,2.736687660217285
0.32175779342651367,2.9346704483032227
-3.509831428527832,0.4885553941130638
-3.3332347869873047,1.1735081672668457
-2.3329973220825195,-3.0489325523376465
-1.4117240905761719,-5.680680274963379
-3.0277013778686523,-5.50847053527832
-6.707763671875,-6.9695353507995605
-5.451786518096924,-7.365429401397705
-4.896855354309082,-7.832181453704834
-4.366064071655273,-7.669579982757568
-0.5702495947480202,-6.149053573608398
-0.08519889786839485,-3.6194443702697754
-2.6787161827087402,-1.978766918182373
-3.4612059593200684,-2.3770570755004883
1.3690590858459473,0.5963563919067383
-1.4711737632751465,5.608701705932617
5.022931098937988,7.001936435699463
4.800140857696533,8.121371269226074
-2.9073596000671387,8.583879470825195
-3.3050894737243652,8.108961582183838
5.064904689788818,10.200893878936768
-1.2652158737182617,9.639215469360352
3.1813859939575195,6.7258477210998535
10.721683502197266,8.46949815750122
9.492218494415283,4.126238822937012
1.6901016235351562,2.1741628646850586
3.9240360260009766,0.9210587292909622
4.64472770690918,0.3497004881501198
3.0155301094055176,-4.230391979217529
0.8336306363344193,-3.8483023643493652
4.140257835388184,-6.928229331970215
0.009548700181767344,-5.371081829071045
-4.084062576293945,-7.054686546325684
-7.8395843505859375,-6.950569152832031
-1.2218595296144485,-7.969033718109131
-2.302432060241699,-6.297910213470459
-2.5964736938476562,-4.257214069366455
1.2363433837890625,-2.996957302093506
-2.5644540786743164,-1.047360897064209
-4.677796363830566,-0.4319190979003906
-4.94389533996582,-3.413820266723633
0.804901123046875,-0.5316377058625221
-1.7626762390136719,3.621971607208252
2.584671974182129,1.7687201499938965
1.3547778129577637,-3.3038854598999023
-3.136289119720459,-0.9686707705259323
-2.1278977394104004,-5.587756633758545
0.5370378121733665,-0.7934808731079102
0.32274719327688217,-1.6247034072875977
1.5401244163513184,-2.8179168701171875
0.6212830916047096,-5.4541707038879395
-1.926565170288086,-3.206169605255127
-5.861985683441162,-5.151641368865967
-2.3360252380371094,-2.7131199836730957
-2.735614776611328,2.810680866241455
-0.5190372094511986,1.0992168635129929
0.24595260620117188,2.074766159057617
-1.5776753425598145,1.404249668121338
0.24914739653468132,3.8191676139831543
-1.1344314366579056,7.346189022064209
-1.509714126586914,8.200311660766602
3.957641124725342,2.632462978363037
5.721724033355713,2.164626121520996
3.529214859008789,1.5244007110595703
-1.2038230895996094,1.6315698623657227
-0.7484673708677292,0.9381890296936035
-0.44983629137277603,-3.1128525733947754
-12.124872207641602,-6.6878437995910645
-5.509006977081299,-6.897282600402832
4.117250442504883,-9.826648235321045
-6.090748310089111,-14.641070365905762
-11.648690700531006,-10.446321964263916
-10.36440134048462,-7.766592502593994
-5.002415180206299,-8.27493667602539
-6.505799293518066,-4.385042190551758
-1.8131375312805176,-7.139873504638672
11.714434623718262,-0.597846508026123
9.539496898651123,7.51572847366333
0.886225700378418,5.358004570007324
1.718437671661377,9.720659255981445
11.323189735412598,10.551810264587402
4.402637481689453,13.561427593231201
8.150136470794678,11.001646518707275
19.167065620422363,15.314733982086182
7.270157337188721,9.845221042633057
-3.5750985145568848,7.770740985870361
0.47813650220632553,10.62837839126587
-0.13990400359034538,2.5000691413879395
-2.5264739990234375,0.868833065032959
-3.0057907104492188,0.42271610349416733
-1.0605453699827194,-4.780066013336182
-5.499923229217529,-7.005023956298828
-7.404017448425293,-9.054255485534668
-11.792993545532227,-11.387670040130615
-8.332252502441406,-8.744418621063232
-4.455161094665527,-10.176372528076172
-0.17137529328465462,-11.980998516082764
0.04140140023082495,-11.523211002349854
4.387509822845459,-7.762587070465088
3.7883639335632324,-3.631317615509033
-0.38603540509939194,2.2519707679748535
-2.487921714782715,4.528510570526123
5.135345458984375,0.18981700763106346
6.993448734283447,3.285539150238037
2.499842643737793,7.622206211090088
7.479679584503174,6.170952320098877
5.673730373382568,10.793030261993408
-7.7339887619018555,7.549405097961426
-7.150149345397949,3.338336944580078
-1.1258363723754883,5.526530742645264
-3.6423802375793457,1.2972354888916016
-2.286076545715332,-0.7888674736022949
8.065557479858398,1.576066017150879
1.3270139694213867,-4.068648815155029
-5.478274822235107,-4.083752632141113
-1.246953010559082,-1.513838768005371
2.302432060241699,-7.5768351554870605
0.7800102233886719,-2.440524101257324
4.207086563110352,-1.435863971710205
10.899567604064941,-3.32033634185791
4.196798801422119,-2.295553684234619
-3.430044651031494,1.4357686042785645
4.923701286315918,0.7856131345033646
3.672337532043457,4.039418697357178
0.3633737936615944,5.878913402557373
3.7360191345214844,3.413081169128418
2.8810858726501465,5.6038737297058105
-5.3534626960754395,6.6657304763793945
-7.322704792022705,6.521189212799072
-3.776383399963379,4.743468761444092
-3.1002402305603027,6.396055221557617
0.2446294017136097,2.7063846588134766
5.545163154602051,-1.1495233327150345
3.3930301666259766,-2.066218852996826
3.429245948791504,-5.18651008605957
-0.6248236075043678,-3.4743309020996094
-0.9405732154846191,-3.326094150543213
3.537476062774658,-4.098546504974365
4.814445972442627,-3.746938705444336
2.2133946418762207,-1.126718521118164
4.942905902862549,-1.1332511901855469
4.6652913093566895,-2.1866798400878906
-0.7334709167480469,2.6221156120300293
-1.7672419548034668,0.6463407725095749
2.7912378311157227,3.925776481628418
-4.820549488067627,8.318829536437988
-6.482076644897461,4.2716145515441895
-1.1525273323059082,4.5929670333862305
-1.9083499908447266,5.693960189819336
-2.506577968597412,1.6680598258972168
3.004777431488037,6.1151862144470215
-0.10102990083396435,4.333996772766113
0.9033203125,-1.7539501190185547
-3.522026538848877,0.777280330657959
-3.6043167114257812,-2.2711992263793945
1.1910557746887207,-3.74755859375
0.538027286529541,0.35756830126047134
-0.43375488370656967,-3.4109950065612793
1.7871499061584473,-4.752635955810547
0.29535289853811264,-1.3452410697937012
-4.100334644317627,-4.061603546142578
-6.15839958190918,-2.2155165672302246
-1.4298081398010254,1.9391655921936035
-4.235517978668213,-1.8366098403930664
-4.316103458404541,-4.601168632507324
0.5240201950073242,1.2991547584533691
4.916191101074219,-2.733731269836426
0.3870726004242897,-1.0840653628110886
-0.7568597793579102,1.240992471575737
2.4226903915405273,-1.1324524879455566
1.4935731887817383,-3.6287426948547363
-5.098211765289307,-1.3209104537963867
-0.03483300097286701,-2.9056429862976074
3.4093260765075684,-0.4222989082336426
-1.15739107131958,1.0776401311159134
-3.5921692848205566,-1.8067359924316406
1.5952229499816895,0.9260416030883789
-0.5385636910796165,0.29909610748291016
-1.1045575141906738,2.454495429992676
3.1742095947265625,1.2750864028930664
5.695176124572754,2.232635021209717
-0.7982373237609863,2.933192253112793
-1.0447502136230469,-0.047290301881730556
-0.07984640076756477,4.825162887573242
1.6554951667785645,3.5541892051696777
3.148806095123291,-1.1556745320558548
4.8210978507995605,0.7805705070495605
8.060634136199951,-1.7233729362487793
7.44318962097168,-4.137611389160156
1.263737678527832,-0.05060430150479078
-1.698315143585205,-3.551661968231201
2.2606372833251953,-2.8786540031433105
-1.4888882637023926,-1.8072247505187988
-4.763627052307129,-1.6325950622558594
-0.8970140665769577,-2.6802420616149902
-4.663407802581787,-1.3863444328308105
-12.638461589813232,1.2952327728271484
-8.101630210876465,0.5135178938508034
-4.140317440032959,2.388131618499756
-8.084022998809814,-0.5621076002717018
-5.640780925750732,-1.7859220504760742
2.483797073364258,1.9082307815551758
-2.321791648864746,-1.1467933654785156
-4.280483722686768,0.9824513643980026
1.0376691818237305,2.3160934448242188
5.163836479187012,-2.8025031089782715
-0.5627870932221413,-1.5358448028564453
5.10411262512207,-3.865516185760498
9.019911289215088,-3.573143482208252
7.315528392791748,-4.766416549682617
-1.6570448875427246,-6.846201419830322
2.2999048233032227,-5.930542945861816
0.03893380053341389,-6.641590595245361
-7.567000389099121,-9.407460689544678
-6.931805610656738,-8.720052242279053
3.9078354835510254,-8.388078212738037
-0.15609259717166424,-7.391536235809326
-6.6663384437561035,-7.268166542053223
-6.179499626159668,-6.71156644821167
-5.172085762023926,-2.4747252464294434
-10.635185241699219,-0.03603700082749128
-8.327293395996094,2.8951287269592285
8.001291751861572,2.6650190353393555
7.055008411407471,4.70428466796875
7.385993003845215,3.7768006324768066
9.956574440002441,4.277503490447998
1.6366362571716309,6.423628330230713
-4.208743572235107,8.71669054031372
4.880881309509277,9.511053562164307
7.804989814758301,9.717202186584473
11.990272998809814,8.285975456237793
16.339468955993652,5.819797515869141
2.303445339202881,4.991781711578369
-3.6876678466796875,3.942108154296875
-6.5894246101379395,7.452428340911865
-5.146384239196777,-0.4250764846801758
-6.9608330726623535,-0.5730628967285156
1.9500136375427246,-3.1281352043151855
5.577361583709717,-3.751647472381592
-4.093062877655029,-4.7820329666137695
-9.630441665649414,-6.513702869415283
-6.276297569274902,-11.198949813842773
-6.042230129241943,-3.6901354789733887
-3.1336545944213867,-7.476747035980225
3.243231773376465,-5.351150035858154
8.803188800811768,-5.210697650909424
-2.913177013397217,-4.613840579986572
-6.066679954528809,-2.0395517349243164
-2.154111862182617,7.9345703125
0.508260689675808,2.5960564613342285
-1.0811924934387207,10.94520092010498
7.976710796356201,7.6813459396362305
9.0897798538208,4.473996162414551
2.7564406394958496,6.889867782592773
-2.126431465148926,11.538934707641602
4.082095623016357,8.711028099060059
4.468202590942383,11.914455890655518
8.9241623878479,6.312978267669678
11.687660217285156,4.1672468185424805
10.219383239746094,3.5283565521240234
4.897022247314453,-0.45224428176879883
2.3023128509521484,-2.2928595542907715
-3.9615869522094727,-2.993476390838623
0.7929086685180664,-5.5799126625061035
5.313825607299805,-5.857038497924805
2.094852924346924,-8.046293258666992
2.12477445602417,-9.063947200775146
-0.760340690612793,-9.508442878723145
-7.435142993927002,-7.751917839050293
-9.03317928314209,-4.256772994995117
-4.452955722808838,-0.6305932998657227
-2.284848690032959,-1.1070013046264648
0.22634269669651985,-1.767730712890625
-0.14466050080955029,2.327597141265869
-2.2685766220092773,2.3801803588867188
-2.9475808143615723,4.061567783355713
-4.947328567504883,5.288457870483398
-1.9942641258239746,2.6736974716186523
3.0248641967773438,3.5451769828796387
3.328394889831543,-0.7942557334899902
0.6673932075500488,-0.7366538047790527
-0.22600889205932617,1.3162851333618164
-1.7065763473510742,-2.7055740356445312
-1.178896427154541,-5.301475524902344
0.29768940061330795,-4.132795333862305
2.3663759231567383,-4.765486717224121
4.2496442794799805,-3.8544178009033203
0.5360126122832298,-5.512285232543945
-0.7749795913696289,-5.042684078216553
-3.3782243728637695,-1.3684868812561035
-1.8897175788879395,-1.9635319709777832
1.879739761352539,-0.9697555750608444
5.262422561645508,0.8187770843505859
6.423056125640869,1.5761256217956543
5.648219585418701,0.5870223045349121
2.329862117767334,3.2929301261901855
-3.6605238914489746,3.382539749145508
-2.4789929389953613,7.928192615509033
-3.036379814147949,5.108392238616943
-0.477445088326931,1.876211166381836
0.27807949110865593,-0.8208274841308594
-2.249622344970703,-3.1084656715393066
-6.373262405395508,-5.332338809967041
-7.810819149017334,-7.0474982261657715
-11.910486221313477,-11.249089241027832
-16.874206066131592,-3.9226293563842773
-12.929511070251465,-3.9562225341796875
-2.3738622665405273,-1.7185211181640625
-4.409885406494141,-4.309141635894775
-2.3509740829467773,-5.102360248565674
2.3741841316223145,-3.2293319702148438
3.5250306129455566,4.068493843078613
-1.1354804039001465,3.828120231628418
3.9986014366149902,6.584644317626953
8.695399761199951,6.701469421386719
11.56071424484253,5.8043718338012695
15.81965684890747,5.865716934204102
15.812337398529053,7.354342937469482
6.938183307647705,5.4814934730529785
2.8927087783813477,7.870471477508545
-0.20329950377345085,4.689168930053711
1.427626609802246,-0.6815314292907715
-1.1849164962768555,-0.6880760192871094
-0.7455111294984818,-0.6172895058989525
0.0854135025292635,-6.1038970947265625
-6.708395481109619,-3.3736109733581543
-12.216019630432129,-11.045098304748535
-10.927999019622803,-10.230052471160889
-6.76039457321167,-7.060277462005615
-3.0151724815368652,-7.2438836097717285
1.379859447479248,-9.639263153076172
0.6407976150512695,-7.751297950744629
1.6489386558532715,-8.872675895690918
2.230560779571533,-1.300036907196045
-1.4453768730163574,-0.6537675857543945
-0.8813738822937012,-1.8061161041259766
6.843686103820801,-0.8851767331361771
2.972841262817383,1.040184497833252
2.4280786514282227,2.7158498764038086
8.532869815826416,6.609511375427246
2.3131728172302246,5.918395519256592
-3.1693100929260254,4.257798194885254
2.072477340698242,6.096959114074707
-2.491450309753418,3.3305764198303223
-5.221271514892578,0.25621650740504265
2.8470993041992188,4.069018363952637
0.9053826332092285,1.0685324668884277
-2.5370359420776367,1.429915428161621
-0.5989789962768555,0.6391525268554688
-0.6066441908478737,-0.7092595100402832
-3.769528865814209,3.947782516479492
0.16325710341334343,4.423463344573975
4.927849769592285,1.584923267364502
3.4427881240844727,1.5016794204711914
5.852794647216797,2.106773853302002
8.157312870025635,4.921507835388184
2.3857474327087402,4.156124591827393
1.0004162788391113,4.189658164978027
4.557812213897705,3.316068649291992
-2.3709774017333984,2.269423007965088
-3.2871246337890625,3.845703601837158
5.316472053527832,5.789375305175781
2.167510986328125,1.7104864120483398
-3.5647034645080566,4.2793989181518555
0.3722190856933594,3.143477439880371
1.5413165092468262,3.054964542388916
1.288449764251709,2.940845489501953
4.208409786224365,0.17036199569702148
2.746725082397461,-3.7540197372436523
4.659664630889893,1.5431523323059082
2.7074098587036133,-1.6875743865966797
0.38988590240478516,0.20227430388331413
-0.11667010374367237,4.048633575439453
1.0390400886535645,4.102349281311035
3.628385066986084,1.8577098846435547
-1.2227653712034225,2.232491970062256
-0.24031400680541992,2.100670337677002
2.999711036682129,4.3975830078125
-2.900969982147217,2.833878993988037
-7.5006842613220215,2.7721524238586426
-2.855563163757324,0.44940710067749023
-2.1506428718566895,1.8152594566345215
-5.0035834312438965,0.8598803728818893
1.0959386825561523,2.9003143310546875
4.58531379699707,2.568531036376953
-0.28499359264969826,-1.6744613647460938
-4.361081123352051,-3.144073486328125
-5.48168420791626,-2.401149272918701
-0.7530450820922852,-1.1555910110473633
-0.25120969861745834,-2.3525238037109375
-1.5096426010131836,-2.290165424346924
5.837225914001465,-2.2689342498779297
5.058526992797852,-6.341612339019775
-5.861568450927734,-4.737222194671631
-4.197514057159424,-3.6055684089660645
1.6427278518676758,-1.180422306060791
-5.266475677490234,-1.7616033554077148
-6.553804874420166,-3.3123254776000977
0.9858489036560059,-1.1897563934326172
-1.4545559883117676,-0.26646850630640984
-5.501532554626465,-2.2214651107788086
-2.366340160369873,-3.2177090644836426
-1.5321731567382812,-5.368983745574951
1.1491894721984863,-2.5164008140563965
0.8012533187866211,-4.677951335906982
0.8745551109313965,-1.3388752937316895
1.024496629834175,-0.915682315826416
-0.5103946104645729,0.2672553062438965
-2.1285653114318848,-3.314042091369629
0.3490329161286354,-1.5786290168762207
5.079591274261475,-2.8713583946228027
3.7360191345214844,-1.818251609802246
2.4979710578918457,1.3602495193481445
0.6907463073730469,1.3665556907653809
-4.171967506408691,1.5021681785583496
-0.5442022904753685,2.9209017753601074
0.2356291003525257,0.6867170333862305
2.414548397064209,0.773155689239502
8.914756774902344,-0.9027600288391113
7.563388347625732,1.1809349060058594
1.3011574745178223,-0.025451199617236853
-1.1436223983764648,0.41649341583251953
0.6722211837768555,-1.1579155921936035
-3.3105850219726562,-1.781928539276123
-1.5401601791381836,-0.7118344306945801
4.2017340660095215,0.7466912269592285
2.3917675018310547,1.0892391204833984
-3.9316415786743164,-0.022864299826323986
-5.15751838684082,-0.47696828842163086
-7.380211353302002,6.583607196807861
-6.739091873168945,5.938959121704102
-5.09796142578125,6.015360355377197
-3.0642271041870117,3.159511089324951
-0.7776380330324173,0.4650115966796875
-1.1314033716917038,0.1398801989853382
-2.2076010704040527,2.4322509765625
-3.1547069549560547,0.7688164710998535
0.6332039833068848,1.01698637008667
2.5366783142089844,-3.1046509742736816
1.3153553009033203,-5.978405475616455
5.951118469238281,-6.767702102661133
7.845032215118408,-4.675412178039551
2.8467774391174316,-7.075488567352295
5.337107181549072,-6.018435955047607
0.1700400933623314,-9.829723834991455
-0.38645271211862564,-8.715665340423584
-4.159820079803467,-11.943662166595459
-4.256165027618408,-10.171091556549072
-1.0517597198486328,-8.356571197509766
-2.015042304992676,-9.371113777160645
-5.902957916259766,-3.718280792236328
-6.613636016845703,-4.6265363693237305
-5.911624431610107,-2.308809757232666
-6.328606605529785,1.2249112129211426
-4.267644882202148,1.9091606140136719
1.7451286315917969,5.08955717086792
5.580806732177734,7.959890365600586
5.146443843841553,7.48366117477417
6.821227073669434,8.593666553497314
5.349457263946533,6.406748294830322
4.266476631164551,10.463035106658936
6.74213171005249,7.407188415527344
5.445516109466553,11.144423484802246
7.567453384399414,9.400689601898193
9.794580936431885,5.37952184677124
3.850889205932617,7.834744453430176
2.1418333053588867,0.9334921836853027
1.4533758163452148,4.275238513946533
-0.9096264839172363,3.4177780151367188
-4.655110836029053,-1.8520593643188477
-2.438032627105713,-2.2051095962524414
1.7857789993286133,-3.008866310119629
-0.09166000410914421,-4.970896244049072
-3.1221389770507812,-6.806433200836182
-5.544102191925049,-9.08806324005127
-6.245887279510498,-5.784797668457031
-6.786835193634033,-4.802608489990234
-8.106958866119385,-7.386922836303711
-0.9202480316162109,-4.9364447593688965
2.3865103721618652,-6.2326788902282715
-3.963017463684082,-1.8724441528320312
-1.8032550811767578,-0.5555510893464088
2.486848831176758,0.45282840728759766
-2.7016401290893555,4.325294494628906
-1.812446117401123,4.948306083679199
4.411149024963379,6.496477127075195
3.6606431007385254,5.440866947174072
-2.8322219848632812,9.479868412017822
3.461015224456787,8.827388286590576
7.037675380706787,8.605766296386719
3.2269716262817383,11.713767051696777
8.079969882965088,9.427714347839355
9.60162878036499,9.167051315307617
6.99610710144043,6.886684894561768
5.395448207855225,1.1083722114562988
7.934379577636719,-0.09239910170435905
5.617380142211914,-1.1907339096069336
0.026404899545013905,-2.8818726539611816
0.6407737731933594,-3.999054431915283
-2.4897217750549316,-6.499731540679932
-6.943345069885254,-5.315053462982178
-3.0454158782958984,-8.741569519042969
-1.3725757598876953,-6.193828582763672
-0.4288196936249733,-3.5224080085754395
-1.875746250152588,-6.9640398025512695
-4.274845123291016,-3.2943129539489746
-4.428768157958984,-1.533210277557373
-6.387174129486084,-0.42744871228933334
-6.175398826599121,0.4662990942597389
-0.07114409934729338,-0.9582042694091797
3.34165096282959,-2.2110700607299805
-0.9266853332519531,-2.296745777130127
1.3684988021850586,-3.436601161956787
-0.4083156958222389,-3.0628323554992676
-3.802049160003662,1.8674850463867188
-3.8919806480407715,-1.853477954864502
5.18108606338501,-3.603637218475342
1.5414118766784668,-2.4216055870056152
2.7107596397399902,0.44423341751098633
5.650532245635986,3.6126255989074707
1.305842399597168,3.4946084022521973
-3.8881897926330566,-0.8216500282287598
-1.6393303871154785,3.5141825675964355
1.639711856842041,4.850184917449951
2.1437644958496094,4.493522644042969
2.8764724731445312,3.554093837738037
3.6013007164001465,3.310251235961914
-1.3745903968811035,0.8383274078369141
-6.569194793701172,3.1241655349731445
-7.898986339569092,-0.48453811556100845
-6.232297420501709,0.5931735038757324
-4.947710037231445,-0.5085229873657227
-3.3974289894104004,-5.51069974899292
0.19185539335012436,-3.149902820587158
1.722252368927002,-6.6779255867004395
-1.5637874603271484,-9.868872165679932
-0.46509500592947006,-7.7056050300598145
-1.3535261154174805,-9.025943279266357
0.40624141693115234,-8.643186092376709
-2.6407361030578613,-9.013009071350098
-2.0980000495910645,1.7254233360290527
-4.681503772735596,1.5430688858032227
-0.07721189875155687,5.149269104003906
0.3306746110320091,2.8060436248779297
0.3940701112151146,4.138672351837158
5.264008045196533,9.091031551361084
7.1660637855529785,11.415255069732666
-3.6028385162353516,7.616734504699707
-2.6542186737060547,10.111939907073975
-2.3684263229370117,10.9025239944458
-1.9042491912841797,8.148622512817383
4.61726188659668,4.507803916931152
8.049929141998291,3.9848685264587402
2.869129180908203,-2.9675960540771484
1.7179131507873535,-0.5209565162658691
-3.504502773284912,-0.6834744662046432
-2.6697278022766113,-3.386247158050537
2.5011420249938965,-3.8940906524658203
3.675544261932373,-5.575239658355713
2.193880081176758,-8.816146850585938
3.503262996673584,-6.670379638671875
-4.896402359008789,-4.596865177154541
-8.356451988220215,-7.070815563201904
-0.5577445030212402,-5.251026153564453
3.7119388580322266,-3.3691048622131348
2.2471189498901367,-3.222513198852539
0.11279580183327198,0.9453535079956055
0.9101033210754395,0.6280422210693359
-0.9287595748901367,-2.9934167861938477
-5.147826671600342,1.6784906387329102
-1.5199065208435059,1.2340188026428223
2.3009777069091797,3.779458999633789
-3.1213998794555664,5.87921142578125
-5.079388618469238,1.2656927108764648
-3.927946090698242,-1.055443286895752
-3.8535714149475098,1.1954069137573242
-1.5227556228637695,-1.4386296272277832
2.823019027709961,-0.6220579147338867
3.9145827293395996,-4.064226150512695
-1.0512351989746094,-3.427600860595703
-3.296208381652832,-1.9129276275634766
-3.243136405944824,0.2156377024948597
-2.33079195022583,-2.892029285430908
-0.5037068948149681,2.033829689025879
4.753708839416504,-0.5753755941987038
9.125316143035889,1.044011116027832
4.66771125793457,5.125546455383301
0.5189896002411842,5.820250511169434
7.284903526306152,4.524672031402588
4.7029852867126465,6.096124649047852
2.9495596885681152,0.29845239594578743
7.951188087463379,2.7040481567382812
3.1778693199157715,6.01269006729126
-2.851986885070801,4.618275165557861
-2.903151512145996,2.811563014984131
-2.4402260780334473,0.13360979966819286
-7.504880428314209,-1.1012554168701172
1.599586009979248,0.2604961022734642
4.627120494842529,1.2945175170898438
1.8992304801940918,-3.3693552017211914
0.4005790129303932,-5.4593682289123535
0.6581783294677734,-3.104722499847412
0.15500780194997787,-1.6613125801086426
-0.6745100021362305,-0.06290670018643141
-0.004303499881643802,2.0746588706970215
4.2531609535217285,1.5868306159973145
7.9228997230529785,2.1380186080932617
4.786336421966553,4.8894524574279785
2.3440003395080566,6.29044771194458
3.6819934844970703,8.176243305206299
-1.1915087699890137,7.7941060066223145
-3.4804940223693848,6.820440292358398
-0.10367630049586296,4.757785797119141
2.4370193481445312,3.5010576248168945
-1.4681458473205566,1.5093445777893066
-3.143298625946045,2.4386167526245117
-5.2472710609436035,5.065131187438965
-5.169832706451416,2.2124886512756348
-6.868958473205566,-2.1402478218078613
-1.9680380821228027,-0.40819641202688217
3.3973336219787598,1.058494970202446
3.987443447113037,-0.5203365907073021
-2.3406267166137695,0.45545101165771484
-4.008758068084717,2.363407611846924
-2.214336395263672,0.7390738278627396
-4.52878475189209,0.8314132690429688
-2.184903621673584,0.9740828722715378
3.2181739807128906,-1.0706663131713867
5.7325005531311035,2.642381191253662
2.427244186401367,0.9936810284852982
-2.909207344055176,0.10354519821703434
-1.8338561058044434,-1.5715479850769043
-5.638718605041504,-0.3514527902007103
-5.5055975914001465,-2.3842453956604004
-1.9199371337890625,0.11432169936597347
3.5590410232543945,-2.970266342163086
0.46225789934396744,-3.7686824798583984
-2.13700532913208,-4.197263717651367
-3.525364398956299,0.1224398985505104
-2.367997169494629,0.17753839492797852
-3.7993311882019043,-1.2090802192687988
0.4010320082306862,-2.011382579803467
5.951380729675293,-3.0075550079345703
7.051336765289307,-1.8204808235168457
0.009381800191476941,-3.6730051040649414
-0.7901310920715332,0.5016446113586426
-0.12407300062477589,0.8809685707092285
-2.2513866424560547,3.6132216453552246
-3.5319924354553223,3.8595080375671387
4.5326948165893555,-2.2304534912109375
4.835081100463867,0.9320498257875443
4.331696033477783,-1.5238046646118164
1.6654133796691895,-1.537764072418213
5.399799346923828,0.8925318717956543
0.4251242056488991,-3.6427974700927734
-5.6770920753479,-4.474151134490967
-1.034224033355713,-3.1398534774780273
3.6448240280151367,-6.675732135772705
1.803135871887207,-4.174041748046875
-2.01263427734375,-2.6462197303771973
-3.163635730743408,0.5167723074555397
-4.880940914154053,-1.3411998748779297
-8.722913265228271,2.7989745140075684
-5.324757099151611,-0.11885169893503189
0.31692981719970703,3.6993861198425293
-2.0237326622009277,3.7320733070373535
-3.387737274169922,-2.5161147117614746
-1.50223970413208,0.8637070655822754
-4.751002788543701,4.232132434844971
-5.671572685241699,1.2908458709716797
2.210843563079834,0.9660959243774414
4.962730407714844,-4.157447814941406
7.66829252243042,-8.43956470489502
8.385217189788818,-6.463038921356201
3.968322277069092,-5.717098712921143
0.6604670733213425,-4.123246669769287
-4.630446434020996,-6.879007816314697
-3.413558006286621,-11.827373504638672
0.3736734017729759,-12.366831302642822
0.2907394990324974,-11.383700370788574
2.8445005416870117,-9.52986478805542
-2.7812957763671875,-3.7668585777282715
-11.396276950836182,-6.451833248138428
-8.407390117645264,-3.8112282752990723
-7.745027542114258,-6.975889205932617
-13.134503364562988,-3.8160204887390137
1.2999296188354492,-0.07333760149776936
1.7517566680908203,-0.002777600020635873
-5.066287517547607,3.003966808319092
-4.670095443725586,9.141969680786133
2.0929932594299316,7.769870758056641
4.072868824005127,8.251380920410156
6.996333599090576,10.785317420959473
12.026751041412354,8.256042003631592
14.622366428375244,9.567344188690186
4.202067852020264,12.090480327606201
2.521038055419922,9.072649478912354
6.663858890533447,12.61897087097168
6.932854652404785,11.535203456878662
4.365086555480957,4.074430465698242
7.7431321144104,5.875921249389648
3.543245792388916,0.8321166038513184
-4.43873405456543,0.3689765930175781
-3.108227252960205,3.4125566482543945
-3.742098808288574,-0.628972128033638
-5.8815598487854,-1.694333553314209
1.405012607574463,-5.481505393981934
2.1514415740966797,-10.92153787612915
-2.7903318405151367,-9.331727027893066
-3.5590410232543945,-8.228814601898193
-6.673896312713623,-6.034576892852783
-8.43430757522583,-2.794027328491211
-7.502639293670654,-3.5859107971191406
-2.6359200477600098,-3.4190773963928223
0.84900863468647,-2.527022361755371
-1.640641689300537,1.4674067497253418
-1.8721818923950195,5.560517311096191
4.620957374572754,8.392047882080078
-1.2157083302736282,8.170640468597412
-2.358877658843994,5.834066867828369
0.6682872772216797,9.250712394714355
2.389836311340332,10.096180438995361
0.751650333404541,6.539499759674072
4.353725910186768,9.100401401519775
11.143696308135986,5.804347991943359
11.705780029296875,7.041049003601074
9.56195592880249,7.7320098876953125
6.365406513214111,1.7225980758666992
5.710780620574951,0.6794930249452591
0.6340146064758301,-2.4263501167297363
0.21206140518188477,-4.874622821807861
4.696083068847656,-4.520595073699951
3.1978964805603027,-1.7596006393432617
-3.1644225120544434,-5.719447135925293
-2.189910411834717,-7.965302467346191
-6.3167572021484375,-7.766735553741455
-5.886507034301758,-7.237124443054199
-6.271970272064209,-6.346440315246582
-4.061579704284668,-4.686129093170166
0.709843635559082,-5.430817604064941
-3.681647777557373,-5.244994163513184
-5.3214192390441895,-1.3614416122436523
-0.5828500166535378,-1.6230463981628418
-3.5953164100646973,-0.9345055371522903
-1.7853736877441406,-2.176976203918457
0.15447139739990234,-5.54739236831665
3.9876699447631836,-5.632197856903076
1.0525822639465332,-0.811922624707222
1.6389131546020508,-2.422463893890381
1.9569635391235352,-0.436246395111084
-2.555859088897705,-3.2975316047668457
-1.1202216148376465,-4.279959201812744
-1.0744094848632812,-3.281855583190918
-2.432394027709961,5.130469799041748
1.439833641052246,2.5089144706726074
-0.5361795052886009,5.519914627075195
-2.620518207550049,4.142320156097412
1.0867595672607422,1.770329475402832
-1.8935680389404297,2.167689800262451
-1.6017675399780273,4.5717597007751465
3.017449378967285,3.484058380126953
2.9331445693969727,2.0059585571289062
-2.9932379722595215,-0.5785464867949486
1.733231544494629,-2.4646401405334473
-0.49996379762887955,-2.454352378845215
-11.660993099212646,-1.495051383972168
-3.869462013244629,-2.7243614196777344
-1.8958091735839844,-7.39825963973999
-10.103929042816162,-9.048700332641602
-0.46690698713064194,-7.250356674194336
6.574749946594238,-7.469761371612549
-1.898360252380371,-5.345642566680908
-2.120232582092285,-8.556485176086426
1.8839120864868164,-9.581387042999268
-1.1481881141662598,-4.239475727081299
-0.4645824059844017,-5.869781970977783
4.593026638031006,-0.43196678161621094
2.1854758262634277,4.728364944458008
2.1247267723083496,5.1064372062683105
4.7193169593811035,7.496297359466553
3.0649185180664062,5.378961563110352
-1.1396408081054688,7.68202543258667
-2.0208358764648438,6.054973602294922
0.4788041114807129,12.309420108795166
-4.1159987449646,5.971646308898926
-3.0681490898132324,5.368053913116455
2.4320483207702637,5.847597122192383
2.4582624435424805,1.1263371258974075
-0.5996822938323021,-0.0368953007273376
1.5917301177978516,-2.672290802001953
-0.8481979370117188,-4.638171195983887
-2.814030647277832,-1.0434628278017044
-0.5590558052062988,-2.3429274559020996
3.143906593322754,-4.054927825927734
4.235744476318359,-5.316042900085449
3.5558700561523438,-5.8364033699035645
5.8588385581970215,-5.413651466369629
0.2131701074540615,-2.519702911376953
-2.494800090789795,-1.9849777221679688
-0.9865403175354004,-3.9112091064453125
2.882659435272217,-1.7623305320739746
7.427680492401123,0.802147388458252
5.742859840393066,1.9489169120788574
1.9492626190185547,1.4278531074523926
-3.8833975791931152,4.056251049041748
-8.947372436523438,4.638552665710449
-10.081183910369873,8.841300010681152
-5.9378981590271,5.347180366516113
-2.800107002258301,1.4751315116882324
1.3059377670288086,2.652585506439209
-2.6008129119873047,0.8631349354982376
-7.410454750061035,1.0836601257324219
-4.549384117126465,2.2696375846862793
-5.200600624084473,-1.9664287567138672
-1.6067147254943848,-2.81832218170166
7.796633243560791,-2.2019386291503906
4.017078876495361,-0.6547213345766068
2.9125452041625977,2.762889862060547
2.956080436706543,5.998027324676514
0.6865500658750534,3.182816505432129
3.9759397506713867,1.6726136207580566
7.312405109405518,3.5680413246154785
10.741281509399414,3.038620948791504
9.63897705078125,5.247855186462402
5.3719162940979,5.54882287979126
3.790748119354248,1.0997772216796875
0.7166147232055664,2.695906162261963
-2.2220730781555176,-0.9256601333618164
1.7554879188537598,2.503204345703125
1.3617753982543945,0.31173229217529297
-1.5613555908203125,-3.1925201416015625
-5.60835599899292,-3.9514899253845215
-4.280495643615723,-5.219531059265137
-8.52283239364624,-4.024994373321533
-5.322790145874023,-3.566741943359375
-0.6006240844726562,-3.0929207801818848
3.3701658248901367,0.2910136990249157
0.3997921943664551,-1.1112332344055176
0.6402134895324707,-1.45338773727417
4.124724864959717,0.8428574353456497
0.4812717065215111,1.8784761428833008
0.666499063372612,5.263328552246094
7.6812028884887695,7.834184169769287
5.665433406829834,5.250239372253418
3.520321846008301,6.0984015464782715
5.516839027404785,7.425892353057861
3.899407386779785,5.054211616516113
0.23186210542917252,5.268001556396484
2.8556466102600098,0.9267926216125488
-0.0004887999966740608,-3.1446456909179688
-3.408932685852051,-4.454314708709717
-3.4453272819519043,-2.6137590408325195
-4.780972003936768,-5.363583564758301
-8.897483348846436,-2.0836591720581055
-7.235729694366455,-5.522334575653076
-4.857397079467773,-6.433510780334473
-3.545987606048584,-2.689182758331299
-5.384671688079834,-2.291226387023926
-2.380967140197754,-2.031421661376953
-1.5488624572753906,3.666102886199951
-1.8157720565795898,-0.6659269332885742
0.006747199804522097,1.5602707862854004
4.016530513763428,3.3034443855285645
2.1869301795959473,2.9840946197509766
3.462827205657959,2.330148220062256
5.645143985748291,1.9581198692321777
1.407325267791748,0.7363796234130859
0.9561777114868164,-1.3665318489074707
1.0328888893127441,2.7263641357421875
-0.36493539810180664,-2.612578868865967
-1.7297029495239258,-3.2717466354370117
0.7886528968811035,-3.818058967590332
-1.546323299407959,-4.794204235076904
1.5428900718688965,-2.240133285522461
-2.5960445404052734,-0.18676519393920898
-4.684174060821533,-2.727043628692627
-3.9295434951782227,-2.628493309020996
-3.7576913833618164,-0.4222511872649193
-1.6815543174743652,-2.1134018898010254
0.2467155084013939,1.5450358390808105
0.7079005241394043,2.962362766265869
-1.4525413513183594,1.3197660446166992
-1.1274099349975586,3.2537341117858887
0.25008920580148697,4.558539390563965
2.544987201690674,2.4535655975341797
3.9306044578552246,2.283167839050293
2.3575663566589355,2.1558165550231934
5.204904079437256,1.2555360794067383
4.117465019226074,0.9848952293395996
-2.3558735847473145,1.5079498291015625
3.0292630195617676,0.4640936851501465
3.4949779510498047,-2.3676156997680664
-2.4434328079223633,-3.8231968879699707
0.853276327252388,-6.234562397003174
3.263270854949951,-2.993488311767578
-4.688119888305664,-1.2176752090454102
-3.5403847694396973,-1.9868731498718262
0.07854700088500977,-0.3656626120209694
-1.1561036109924316,-1.0097383707761765
-1.225435733795166,-4.235494136810303
2.140378952026367,1.8077850341796875
1.3950109481811523,3.677380084991455
-2.570211887359619,2.321445941925049
-2.346622943878174,3.559434413909912
-2.5066375732421875,2.3717164993286133
-1.0489702224731445,0.8914589881896973
1.3463973999023438,4.773402214050293
-1.1698365211486816,0.2825617976486683
-3.6414504051208496,-2.641749382019043
-0.2557873912155628,0.08100270293653011
1.6185522079467773,-5.396926403045654
-3.2489538192749023,-3.768777847290039
0.30509229749441147,-4.638826847076416
3.2692432403564453,-8.010876178741455
-4.394078254699707,-9.192430973052979
-5.47642707824707,-9.50101613998413
-2.9883623123168945,-11.950123310089111
-0.5029797926545143,-9.774768352508545
-6.223142147064209,-10.317635536193848
-2.645111083984375,-10.673356056213379
-0.6365180015563965,-7.324397563934326
-3.087306022644043,-6.109321117401123
-1.2175440788269043,-3.6796212196350098
1.2970328330993652,-2.56422758102417
2.450716495513916,1.8497109413146973
4.217219352722168,4.2244553565979
-0.027632699348032475,4.645979404449463
0.20602939650416374,5.039691925048828
10.570847988128662,7.719480991363525
7.649683952331543,9.445595741271973
5.351543426513672,8.731436729431152
6.076860427856445,9.245169162750244
3.61020565032959,7.050144672393799
-3.1831741333007812,5.460953712463379
-1.2229443341493607,8.390629291534424
6.3091278076171875,6.0283660888671875
5.761909484863281,4.146683216094971
-3.162693977355957,0.747990608215332
-0.7346391677856445,-0.3834367170929909
-0.4536271095275879,-0.7974863052368164
-7.330155372619629,-2.7190566062927246
-6.749546527862549,-1.140129566192627
3.8269877433776855,-5.613529682159424
0.6361246109008789,-9.136426448822021
-7.831382751464844,-6.8266987800598145
-0.6106257066130638,-8.256947994232178
-3.277146816253662,-3.6483168601989746
-4.973697662353516,-2.629828453063965
1.097726821899414,-3.9348602294921875
4.507172107696533,-5.709123611450195
4.221463203430176,-2.4308204650878906
1.8022656440734863,-0.5535244941711426
-1.0641694068908691,5.574202537536621
-1.0843396186828613,8.416759967803955
-0.3751993179321289,2.265596389770508
0.7981657981872559,5.592131614685059
5.326855182647705,8.719992637634277
6.994891166687012,7.832551002502441
0.0903606042265892,9.069812297821045
-3.156149387359619,9.890472888946533
3.3015847206115723,3.696155548095703
2.3876547813415527,7.4819207191467285
3.7955164909362793,4.372537136077881
12.21379041671753,0.5891323089599609
7.996201515197754,2.5640368461608887
-2.0703911781311035,-4.411053657531738
-2.130866050720215,-3.919100761413574
1.8857717514038086,-4.614448547363281
-1.6382932662963867,-5.807340145111084
2.241981029510498,-4.801642894744873
9.784102439880371,-6.989932060241699
2.667081356048584,-8.892202377319336
-2.8783679008483887,-11.20443344116211
-4.557359218597412,-4.73024845123291
-2.8243303298950195,-3.9067625999450684
-1.719212532043457,1.0139942169189453
-0.7979512214660645,1.2900710105895996
5.131351947784424,0.2621293067932129
3.143632411956787,2.644491195678711
-3.91160249710083,5.7621002197265625
-7.551217079162598,2.075934410095215
-8.01239013671875,3.519916534423828
-5.984938144683838,-1.0849595069885254
-2.6666998863220215,1.4984369277954102
2.4202346801757812,0.48918720334768295
1.9731760025024414,-0.3805994987487793
-2.308022975921631,-2.012789249420166
-7.0568084716796875,-2.277517318725586
-5.566048622131348,-3.1712770462036133
-1.2766480445861816,-1.5283703804016113
0.0896335020661354,-1.5954017639160156
5.154812335968018,-0.007605599821545184
9.157335758209229,-2.5829553604125977
3.22113037109375,-6.247150897979736
1.7785310745239258,-1.8747329711914062
2.836465835571289,-1.7269611358642578
-1.24436616897583,2.2717833518981934
2.5134682655334473,3.354215621948242
6.182730197906494,1.577746868133545
5.407047271728516,3.4932494163513184
3.7533044815063477,5.838131904602051
-1.9428372383117676,4.432010650634766
-3.101980686187744,4.252004623413086
-6.7888617515563965,2.490556240081787
-8.912575244903564,-2.174246311187744
0.6579995155334473,-2.3627519607543945
-1.409471035003662,-5.325746536254883
-5.13230562210083,-6.8813323974609375
-6.884598731994629,-4.799950122833252
-9.037601947784424,-9.777891635894775
-12.053096294403076,-9.728634357452393
-7.64545202255249,-4.567551612854004
-5.450105667114258,-2.65425443649292
5.261635780334473,-0.4674195870757103
2.940845489501953,-0.010073200101032853
-0.019371500238776207,-1.7380952835083008
3.0009031295776367,1.2734174728393555
1.591658592224121,8.615171909332275
-2.0794153213500977,8.991456031799316
3.9356470108032227,10.107409954071045
8.065652847290039,10.9183669090271
8.536815643310547,7.99938440322876
9.19257402420044,7.994520664215088
7.184755802154541,8.365416526794434
-0.8562325686216354,3.598010540008545
-1.7283320426940918,2.2663354873657227
0.13235810212790966,0.6551027297973633
1.9716858863830566,-4.406309127807617
6.611812114715576,-6.4932942390441895
1.3473153114318848,-6.798076629638672
-5.028045177459717,-7.97426700592041
-6.7687273025512695,-9.097933769226074
-8.575081825256348,-12.3726487159729
-9.05994176864624,-14.702796936035156
-1.048743724822998,-9.86485481262207
4.925632476806641,-7.242739200592041
4.676711559295654,-6.504964828491211
-1.3808965682983398,-6.963956356048584
1.2652277946472168,-4.97666597366333
-1.19155652821064,-2.2925257682800293
-2.2272348403930664,3.393840789794922
-1.0836482048034668,5.1450371742248535
3.645932674407959,7.572925090789795
0.10670419782400131,5.8768391609191895
-1.359724998474121,7.894778251647949
2.9741287231445312,7.33712911605835
0.2206086926162243,6.761467456817627
-4.7702789306640625,4.716002941131592
1.2479901313781738,0.8959650993347168
-0.6043672934174538,-1.358199119567871
-1.8587589263916016,-1.3427972793579102
3.619062900543213,-0.8404374122619629
1.9636869430541992,1.2729883193969727
-0.4368900880217552,-3.5822391510009766
3.2643675804138184,-3.204035758972168
0.5678654089570045,-5.269217491149902
1.9493699073791504,-2.3633480072021484
6.332862377166748,0.25250909850001335
5.058002471923828,0.20380020141601562
1.6507744789123535,0.39533380419015884
4.776155948638916,0.514066182076931
2.810227870941162,2.4831652641296387
0.1418233010917902,5.3055644035339355
1.5436887741088867,6.974697113037109
0.9220719337463379,4.132115840911865
-1.3222098350524902,3.482174873352051
-1.2705445289611816,5.063676834106445
-2.436089515686035,7.333409786224365
-5.507957935333252,8.71363878250122
-3.7665963172912598,7.164943218231201
-0.17752649262547493,3.256702423095703
1.2684106826782227,1.2524962425231934
1.8712759017944336,4.722654819488525
6.919980049133301,2.8380513191223145
6.6550374031066895,4.411220550537109
0.6368876248598099,5.1865458488464355
3.9859890937805176,0.8975505828857422
9.542250633239746,0.5043506994843483
3.0080556869506836,0.7454395294189453
3.475797176361084,2.701699733734131
4.3189287185668945,4.928004741668701
1.896810531616211,0.4619001969695091
-6.252992153167725,-2.751326560974121
-1.2276172637939453,-2.7780890464782715
0.8449673652648926,0.322723388671875
-7.562720775604248,0.9296774864196777
-3.5321831703186035,-1.0361552238464355
0.561225414276123,-1.548302173614502
-7.779359817504883,-2.196061611175537
-8.463633060455322,1.129603385925293
1.0837554931640625,0.0541925011202693
-3.1000852584838867,1.9287347793579102
-6.851017475128174,0.8192182332277298
1.8175840377807617,0.7461786270141602
5.928194522857666,-0.1188873965293169
-1.755988597869873,3.5341382026672363
-0.16249420121312141,4.211688041687012
2.7782320976257324,5.512642860412598
-1.1592507362365723,2.0735979080200195
3.326690196990967,-1.2390851974487305
6.475794315338135,-0.7962346076965332
7.346785068511963,-1.7611145973205566
2.268362045288086,-0.9153605252504349
-1.0009288787841797,-2.071535587310791
-5.280113220214844,-3.2840490341186523
-6.050717830657959,-6.85877799987793
-0.2951383963227272,-6.124329566955566
2.343320846557617,-5.405139923095703
3.549623489379883,-4.740273952484131
-0.24255510419607162,-5.844271183013916
-4.336285591125488,-6.424462795257568
-7.398927211761475,-6.0356855392456055
-5.5420637130737305,-4.475200176239014
-6.4786553382873535,-2.5012969970703125
3.1072378158569336,-6.508183479309082
2.565431594848633,-2.493274211883545
-1.149308681488037,-1.51824951171875
-3.376615047454834,-1.4676690101623535
-1.81809663772583,5.639040470123291
-7.0989251136779785,3.236544132232666
-1.9495248794555664,2.069878578186035
6.131505966186523,-0.3340601921081543
7.986104488372803,-0.4591941833496094
5.410313606262207,1.9706249237060547
8.852171897888184,3.2175540924072266
3.6521077156066895,1.1072397232055664
2.157723903656006,-0.3512144088745117
8.636474609375,-1.0138273239135742
8.626306056976318,-2.688109874725342
4.260599613189697,-0.2344846911728382
0.42362209409475327,1.4905095100402832
0.4198431968688965,-1.512455940246582
-8.221065998077393,0.8607863634824753
-9.992873668670654,0.5658150091767311
-2.0566940307617188,0.35367008298635483
-1.690840721130371,1.1826515197753906
-9.11644697189331,-1.274263858795166
-5.130648612976074,-1.5146851539611816
-4.999995231628418,-0.2395511046051979
-11.659097671508789,1.8442511558532715
-5.60678243637085,1.0541796684265137
-0.6117343902587891,1.399552822113037
2.9221296310424805,-0.7629036903381348
3.623080253601074,-4.059100151062012
2.236783504486084,-3.157198429107666
0.012409699847921729,-3.2151222229003906
0.36622289568185806,-2.1217942237854004
-0.38645271211862564,-2.3984789848327637
3.481936454772949,-1.435089111328125
9.123432636260986,-6.590986251831055
8.316075801849365,-7.46380090713501
2.5896549224853516,-8.28089714050293
-0.6028056144714355,-9.758639335632324
-7.253515720367432,-11.013615131378174
-6.984949111938477,-7.927036285400391
-6.95415735244751,-9.776508808135986
-5.363178253173828,-5.772840976715088
-2.6747584342956543,-3.5659432411193848
-0.8337616920471191,-5.513918399810791
-6.777000427246094,-2.9164552688598633
-4.619395732879639,1.2016773223876953
-0.4688620939850807,1.798081398010254
1.8458843231201172,9.346306324005127
5.946230888366699,10.313630104064941
8.461260795593262,11.178934574127197
8.68070125579834,9.767484664916992
1.9367337226867676,8.526229858398438
2.774941921234131,11.624252796173096
3.8030505180358887,13.863050937652588
6.359958648681641,15.032947063446045
4.199635982513428,12.469220161437988
4.793810844421387,9.334707260131836
5.0873637199401855,3.8097143173217773
-0.9786844253540039,4.663252830505371
-6.457769870758057,3.850114345550537
2.5439858436584473,0.33060308545827866
1.1353374272584915,-3.1455397605895996
-4.337716102600098,-6.444430351257324
4.543626308441162,-7.317829132080078
3.7053346633911133,-7.388651371002197
-3.104829788208008,-8.328592777252197
-3.5991430282592773,-8.64475965499878
0.5717277899384499,-8.172070980072021
-4.810929298400879,-7.1196794509887695
-2.5590062141418457,-6.294047832489014
3.0570268630981445,-4.386615753173828
-2.4780988693237305,-1.8915653228759766
-5.029332637786865,2.1187901496887207
0.3667474165558815,1.6094565391540527
-3.867161273956299,3.730642795562744
-5.706524848937988,4.995894432067871
1.6546368598937988,6.297814846038818
2.768564224243164,8.625602722167969
-4.209327697753906,11.010539531707764
-0.21054739132523537,11.441230773925781
6.810998916625977,10.891222953796387
2.173590660095215,7.308328151702881
5.17953634262085,8.481955528259277
11.47756576538086,7.904207706451416
8.733737468719482,5.189752578735352
4.575216770172119,1.2966513633728027
6.191349029541016,0.8281230926513672
4.078435897827148,0.688314363360405
1.8049836158752441,-2.4912238121032715
2.7403712272644043,-3.1630516052246094
-0.1260519027709961,-6.506741046905518
2.453935146331787,-10.309839248657227
1.1948823928833008,-8.403801918029785
-4.833412170410156,-11.589610576629639
-5.441081523895264,-7.806134223937988
-2.7190446853637695,-4.863858222961426
-5.7914137840271,-4.40746545791626
-3.9266586303710938,-7.075309753417969
-0.9675741195678711,-3.930652141571045
-1.15219347178936,-4.99880313873291
-1.7985224723815918,-2.0333051681518555
-1.8631458282470703,-0.3755689039826393
-3.2207489013671875,-2.7849197387695312
-3.2045960426330566,-0.09143349714577198
-3.6858558654785156,0.531923808157444
-3.8794994354248047,1.1609674245119095
-0.7018923759460449,0.44654611498117447
0.4006505012512207,-2.6327013969421387
-3.6693572998046875,-1.453721523284912
2.608466148376465,-0.6711959838867188
1.1579155921936035,2.893507480621338
2.0357370376586914,1.1368154734373093
2.936434745788574,1.0216712951660156
1.1546015739440918,0.6139874085783958
-0.14009480364620686,-1.1074185371398926
3.1838536262512207,2.427530288696289
-1.1610031127929688,-0.4613041877746582
2.434241771697998,2.881944179534912
5.553996562957764,3.8135886192321777
4.132747650146484,-0.1638532057404518
-2.4276375770568848,0.06506440229713917
-3.189408779144287,-4.079949855804443
-2.6175975799560547,-3.372323513031006
-6.920802593231201,-4.540622234344482
-4.495549201965332,-5.966055393218994
-0.613093413412571,-4.191946983337402
-0.7622957229614258,-4.898536205291748
-6.0611724853515625,-5.082380771636963
-5.081772804260254,-5.3809404373168945
-4.88971471786499,-9.026145935058594
-4.244828224182129,-3.7607908248901367
-2.8206586837768555,-5.033910274505615
2.547168731689453,1.795649528503418
0.9433627128601074,5.123281478881836
3.937387466430664,2.8946995735168457
-0.7822751998901367,3.2245993614196777
2.048981189727783,8.661293983459473
3.9090752601623535,7.137489318847656
4.5890092849731445,12.485921382904053
0.535428486764431,9.635841846466064
2.603590488433838,10.632610321044922
2.984750270843506,8.866727352142334
-1.9264817237854004,9.448826313018799
4.1634321212768555,2.695322036743164
7.2853684425354,3.1450271606445312
-2.1213650703430176,0.4351497069001198
-1.144552230834961,-4.194831848144531
-2.0648956298828125,0.09646420367062092
-5.498969554901123,-3.5010814666748047
-2.9788851737976074,-5.055654048919678
1.6426682472229004,-1.5584111213684082
-3.086996078491211,-7.220053672790527
-1.9292235374450684,-8.072161674499512
-1.4489412307739258,-5.053126811981201
-4.347813129425049,-7.019305229187012
0.1501799002289772,-2.44370698928833
6.49791955947876,-1.7125129699707031
5.122518539428711,-0.7355331629514694
3.8161396980285645,0.8678793907165527
5.306613445281982,0.4501819983124733
1.2691378593444824,-0.4296064004302025
0.8455991744995117,3.4016013145446777
-1.1014103889465332,5.652880668640137
2.4859070777893066,4.384899139404297
-0.9375215321779251,3.9701223373413086
-0.009822800057008862,1.4761805534362793
-4.290342330932617,-3.8447141647338867
-6.5320611000061035,-2.306985855102539
-4.711198806762695,-3.995239734649658
-9.304547309875488,-2.7012228965759277
-2.000439167022705,-4.123055934906006
0.4293679818511009,-6.017422676086426
-1.9246220588684082,-6.177496910095215
-0.24639369919896126,-1.4685392379760742
-1.0926126688718796,-1.0947346687316895
-2.4253129959106445,2.520418167114258
2.5629758834838867,3.355550765991211
6.457006931304932,1.6479134559631348
7.653498649597168,4.857897758483887
9.478628635406494,5.534398555755615
6.413090229034424,10.405075550079346
5.856931209564209,8.336400985717773
3.587162494659424,5.60983419418335
2.6470184326171875,5.06131649017334
3.6995887756347656,6.554198265075684
4.360365867614746,4.332971572875977
-0.6221770867705345,3.8768649101257324
-5.333805084228516,3.1604409217834473
-0.7449985295534134,-1.09940767288208
-10.948789119720459,0.11098380200564861
-6.197679042816162,-3.138136863708496
-1.4504671096801758,-0.004076999903190881
3.101968765258789,-4.928481578826904
1.159989833831787,-6.363272666931152
5.01025915145874,-1.2046098709106445
5.911695957183838,-3.3020496368408203
1.7312407493591309,-0.08960960432887077
0.19214149564504623,0.5969763174653053
7.2623491287231445,0.6107091903686523
6.309163570404053,1.5000224113464355
1.4817237854003906,4.637777805328369
5.491745471954346,3.1215667724609375
4.618549346923828,5.984246730804443
-1.4831900596618652,8.435297012329102
-4.677748680114746,4.398095607757568
-3.0920028686523438,5.615627765655518
-6.022536754608154,5.335485935211182
-5.169713497161865,0.30150409787893295
-3.8304805755615234,4.340493679046631
-2.718663215637207,3.337109088897705
1.6470789909362793,3.2743215560913086
-0.9692788124084473,2.481353282928467
-7.32572078704834,0.209581907838583
-0.4878044128417969,-1.8839120864868164
-0.2814769931137562,0.8870244026184082
-4.0599822998046875,0.6360769271850586
-0.009000300196930766,-0.8489847183227539
6.194496154785156,2.4864554405212402
-0.9729980677366257,-0.938725471496582
-0.9378433227539062,-2.8249263763427734
2.448403835296631,-1.2102723121643066
4.002225399017334,-3.20967435836792
-5.118870735168457,-2.675747871398926
-0.787818431854248,-0.46144720166921616
-0.9882091730833054,-2.2135496139526367
-2.5603532791137695,-4.587757587432861
-5.431509017944336,-0.6656885147094727
-0.7092952728271484,-2.4047493934631348
3.8373827934265137,-6.185591220855713
0.05440710112452507,-3.5044431686401367
-3.9071202278137207,-3.2464981079101562
0.4043459892272949,-3.3612966537475586
-2.2549986839294434,-0.0986217986792326
-8.29935073852539,-4.3021440505981445
-2.951169013977051,-1.7417550086975098
5.955815315246582,-0.41228529065847397
5.855429172515869,-3.82692813873291
0.5398749932646751,-3.217160701751709
5.051589012145996,2.602362632751465
3.289628028869629,0.8753777295351028
-7.638382911682129,-0.005769699928350747
-5.921173095703125,1.086127832531929
3.212893009185791,-0.1611470989882946
6.713593006134033,-1.483166217803955
3.080308437347412,1.933443546295166
6.88861608505249,-0.6590127944946289
7.293510437011719,1.470637321472168
-4.118061065673828,2.3310422897338867
-4.673027992248535,-1.7621397972106934
3.917050361633301,0.24745460599660873
3.1376242637634277,1.4155030250549316
-1.2782931327819824,-2.8321385383605957
0.6410002708435059,0.36983489990234375
-1.3577699661254883,3.3072590827941895
-10.532712936401367,0.05491970106959343
-11.041784286499023,1.012861728668213
-2.7419328689575195,1.489412784576416
-1.70365571975708,-3.621816635131836
-2.8267621994018555,1.1990190297365189
-1.3456940650939941,0.4348039999604225
-1.9999384880065918,0.3933072090148926
-6.351172924041748,1.0906338691711426
-3.451836109161377,-2.927720546722412
2.501237392425537,-5.8849334716796875
6.982636451721191,-3.2761335372924805
6.86192512512207,-5.991256237030029
1.7386436462402344,-6.316840648651123
-3.0106425285339355,0.8165956288576126
-2.9320597648620605,-3.9260387420654297
-2.7956008911132812,-6.47808313369751
2.991211414337158,-3.6794185638427734
6.482267379760742,-9.561431407928467
3.8874387741088867,-9.762382507324219
-5.378520488739014,-3.8479089736938477
-10.98630428314209,-8.98895263671875
-12.777042388916016,-4.051196575164795
-10.936164855957031,-1.5027880668640137
-5.277776718139648,-4.451858997344971
4.066312313079834,0.8690118789672852
1.1742115020751953,1.3699769973754883
-4.661881923675537,1.5816211700439453
-4.902160167694092,6.07454776763916
-4.551851749420166,11.199700832366943
1.378464698791504,6.954681873321533
13.980317115783691,6.398069858551025
16.97709560394287,7.821917533874512
13.10046911239624,4.761779308319092
7.506144046783447,9.872901439666748
0.9468674659729004,10.722064971923828
0.6073356047272682,3.678297996520996
5.430853366851807,8.135974407196045
10.60115098953247,4.270291328430176
9.089851379394531,1.9633889198303223
3.191554546356201,4.063284397125244
-3.206479549407959,1.2268781661987305
-11.02837324142456,-2.2011518478393555
-9.907770156860352,-0.2028346061706543
-2.623283863067627,-4.1895270347595215
3.1688570976257324,-4.484927654266357
-2.59629487991333,-2.0247936248779297
-0.6362556666135788,-2.9901862144470215
-2.1990180015563965,-4.075324535369873
-11.452949047088623,-4.5075297355651855
-6.315016746520996,-3.103780746459961
4.337823390960693,-2.6397705078125
2.469348907470703,-1.2564897537231445
-0.45773979276418686,-2.51162052154541
0.10643010027706623,-3.148365020751953
-4.1339874267578125,3.417479991912842
-5.108070373535156,4.993593692779541
-0.15444760210812092,6.1333417892456055
5.387914180755615,8.61903429031372
7.6529741287231445,3.7258028984069824
4.1652679443359375,4.951035976409912
3.143322467803955,4.478967189788818
3.35843563079834,5.980038642883301
0.580287016928196,5.506622791290283
1.3119935989379883,3.198552131652832
10.292017459869385,5.079960823059082
6.46510124206543,2.7628540992736816
4.725682735443115,3.2172441482543945
2.414846420288086,1.861107349395752
-2.1407723426818848,-2.373170852661133
-2.2371768951416016,-0.9570003300905228
2.4391770362854004,-4.539918899536133
0.23050310090184212,-1.648855209350586
0.758659765124321,-1.1257529258728027
1.6306161880493164,-8.171939849853516
-6.336045265197754,-7.254934310913086
-8.9621901512146,-9.92591381072998
-0.22486450150609016,-8.458292484283447
0.3361940011382103,-2.0393013954162598
-2.037358283996582,0.8725286275148392
2.1486282348632812,-0.4472256079316139
1.4935851097106934,-4.709219932556152
-6.5367817878723145,-2.550661563873291
-0.8208155632019043,-0.4434465989470482
3.274667263031006,0.1476048957556486
0.20955799147486687,-0.7815241813659668
-0.21083349362015724,-3.0179500579833984
-4.211127758026123,-4.172062873840332
-3.742706775665283,-1.0819315910339355
-1.7872929573059082,-0.043726000003516674
-2.586221694946289,2.2663354873657227
1.2500762939453125,-0.6735920906066895
3.8770556449890137,-1.309049129486084
-1.8654942512512207,-1.6652464866638184
-1.8187999725341797,-0.023233899846673012
-3.780853748321533,8.015167713165283
-3.198373317718506,6.096851825714111
0.4673599824309349,1.2704014778137207
1.4068961143493652,0.8847236633300781
3.0633091926574707,-0.10508299805223942
5.51069974899292,4.9027204513549805
1.2781023979187012,10.416078567504883
-3.892242908477783,1.4725208282470703
-2.4115800857543945,0.4320383071899414
-4.339933395385742,-2.951645851135254
-3.063201904296875,-3.7520527839660645
2.0407915115356445,-1.1094927787780762
-2.6321053504943848,-3.915262222290039
-4.655313491821289,-11.322236061096191
-2.911233901977539,-15.177905559539795
-6.761825084686279,-13.477861881256104
-4.4080376625061035,-17.363107204437256
-2.0995497703552246,-8.195483684539795
-9.60838794708252,-4.944407939910889
-3.8240671157836914,-4.287278652191162
-0.25281909853219986,-1.0074377059936523
-1.761472225189209,-1.2598037719726562
5.6124091148376465,0.5494951829314232
9.655654430389404,11.126673221588135
1.026904582977295,6.319570541381836
-2.097761631011963,9.61216688156128
3.135073184967041,13.863003253936768
5.402505397796631,11.188256740570068
10.31876802444458,10.599792003631592
14.236032962799072,12.017786502838135
6.864166259765625,6.186974048614502
2.2415518760681152,6.3076019287109375
-4.955089092254639,4.562854766845703
-4.202747344970703,-1.9324898719787598
0.31784769147634506,-1.9911408424377441
3.9827942848205566,-3.7966132164001465
0.07267000153660774,-6.54224157333374
0.3447889909148216,-7.761752605438232
-4.8912882804870605,-9.440505504608154
-11.00224256515503,-12.800467014312744
-6.635916233062744,-9.043574333190918
-1.9602417945861816,-7.400381565093994
-0.4656076058745384,-7.883107662200928
3.183257579803467,-2.9495954513549805
1.4729619026184082,-5.178773403167725
-0.6347537040710449,-1.389920711517334
-2.719879150390625,5.67246675491333
-0.20641090348362923,2.1530866622924805
0.6716489791870117,7.053327560424805
2.6458024978637695,8.191382884979248
-0.042665000073611736,5.888676643371582
0.9673119336366653,10.217928886413574
-4.381799697875977,8.672177791595459
-2.6404261589050293,2.189314365386963
0.19071100279688835,5.1038384437561035
0.314331091940403,0.17191169783473015
-3.6827564239501953,0.23081300780177116
-0.49637559801340103,3.600144386291504
-1.154017373919487,-4.516291618347168
-1.291036605834961,-7.433676719665527
2.870631217956543,-2.672302722930908
6.87103271484375,-3.698873519897461
3.589475154876709,-2.2518277168273926
1.4876484870910645,0.5429267883300781
1.0618805885314941,-1.878213882446289
6.678164005279541,-4.153656959533691
2.124202251434326,4.087460041046143
7.117092609405518,4.712629318237305
9.96387004852295,7.347404956817627
-1.0475754737854004,8.200430870056152
-5.356121063232422,1.682901382446289
1.0949373245239258,3.750944137573242
-5.748546123504639,5.4497599601745605
-4.860544204711914,6.9106340408325195
4.0352582931518555,5.173122882843018
2.1419763565063477,-0.130808399990201
-4.191958904266357,-4.907023906707764
0.13207199983298779,-6.125068664550781
-2.7414560317993164,-3.3434510231018066
-2.217268943786621,-0.9858608245849609
2.1817803382873535,-3.843963146209717
5.789518356323242,-5.595958232879639
7.277023792266846,-7.24564790725708
6.101500988006592,-5.87993860244751
1.5645980834960938,1.5568256378173828
0.35110708326101303,1.2468457221984863
-0.44641491025686264,-0.5865811929106712
2.9515624046325684,1.8980026245117188
5.142509937286377,0.8169174194335938
2.6966333389282227,3.496086597442627
0.17195940017700195,6.6912055015563965
-4.7241926193237305,6.5424323081970215
-9.007978439331055,2.855563163757324
-8.599638938903809,4.012560844421387
-2.7248501777648926,3.087162971496582
3.5228490829467773,3.6159157752990723
-1.0882853716611862,5.238211154937744
1.500403881072998,-2.578294277191162
-2.866387367248535,-2.065742015838623
-9.106016159057617,-1.1758089065551758
-6.670737266540527,0.4994035139679909
0.7255315780639648,1.6494154930114746
0.5645393952727318,0.03477330086752772
4.934453964233398,-3.374361991882324
2.6534318923950195,-0.5801082029938698
-1.9405841827392578,-1.1523246765136719
-0.9620069712400436,-2.2606968879699707
-5.149638652801514,0.6594657897949219
-1.689743995666504,-0.27822259813547134
1.7103910446166992,-2.093982696533203
2.482306957244873,-1.0262250900268555
1.012718677520752,-3.353893756866455
4.8648834228515625,-2.0784497261047363
1.347672939300537,-2.0950675010681152
-2.2588610649108887,-4.632508754730225
1.7414450645446777,-2.664804458618164
0.8723139762878418,-2.189803123474121
-3.2808780670166016,-1.115572527050972
-1.8570542335510254,4.297435283660889
-2.4260759353637695,0.8291959762573242
-3.3311009407043457,0.026380999479442835
-2.457427978515625,1.5066862106323242
0.01802440034225583,-0.044858502224087715
0.4664421081542969,3.8797855377197266
-1.3433575630187988,2.158200740814209
-2.5586366653442383,0.19344089552760124
0.44248100370168686,3.8680434226989746
-0.7925271987915039,2.0535826683044434
4.660284519195557,1.350557804107666
5.834293365478516,0.25157930329442024
4.05193567276001,-2.1018147468566895
2.30255126953125,-1.8576979637145996
2.798449993133545,-2.3789525032043457
0.38121938705444336,-1.5978813171386719
3.246021270751953,-1.4219880104064941
4.525017738342285,-3.136563301086426
3.9643406867980957,-3.257894515991211
2.31550931930542,-4.433798789978027
-1.7606616020202637,-3.18143367767334
-7.014405727386475,-1.372528076171875
-5.733692646026611,1.434767246246338
-5.703830718994141,2.9354333877563477
-3.9983153343200684,0.4294275864958763
-3.573882579803467,0.4059911146759987
-3.390681743621826,1.2511968612670898
-5.138397216796875,0.47098398208618164
-7.493352890014648,2.914905548095703
-5.257761478424072,-3.4230589866638184
0.3216981887817383,-3.0856728553771973
3.3965468406677246,-2.157115936279297
4.386425018310547,-0.3758668899536133
6.790411472320557,0.3226637840270996
-0.3763436898589134,-2.458477020263672
-3.308892250061035,-7.109498977661133
0.722348690032959,-4.582870006561279
5.705893039703369,-7.052946090698242
4.099619388580322,-3.6275267601013184
3.4235000610351562,-5.697596073150635
4.619896411895752,-7.138550281524658
-7.809817790985107,-9.64902639389038
-12.02760934829712,-8.512520790100098
-0.7276415824890137,-5.408895015716553
-0.6786108016967773,-6.795322895050049
-6.28049373626709,-4.256737232208252
0.7277846336364746,-5.271124839782715
0.4136085882782936,-2.953219413757324
-12.909901142120361,6.0598015785217285
-7.961726188659668,6.219112873077393
6.363427639007568,7.509565353393555
2.9645323753356934,9.989523887634277
7.1750640869140625,6.5604567527771
14.771449565887451,10.509371757507324
3.1454086303710938,8.412575721740723
-4.13823127746582,8.33059549331665
3.961050510406494,9.778308868408203
6.263339519500732,5.085098743438721
5.0331711769104,8.14657211303711
10.87336540222168,6.0576558113098145
11.183333396911621,1.3600826263427734
-0.8927226066589355,2.9407858848571777
-3.2349228858947754,-0.9053826332092285
-0.09900329634547234,-1.7558574676513672
-6.014740467071533,-2.893543243408203
-4.196739196777344,-3.15554141998291
3.804314136505127,-6.76504373550415
-5.7770609855651855,-7.403457164764404
-4.638254642486572,-7.916760444641113
-4.706776142120361,-6.426370143890381
-1.8031716346740723,-0.9261012077331543
-8.238637447357178,-1.258707046508789
-0.8997917175292969,-5.382359027862549
-2.1825671195983887,-0.5200028046965599
-2.9521942138671875,-2.203238010406494
-1.105964183807373,4.313766956329346
1.7361044883728027,7.005739212036133
-1.7700791358947754,3.8750052452087402
-1.11616849899292,6.85579776763916
-0.926816463470459,6.745433807373047
0.09236340411007404,3.214430809020996
4.052829742431641,6.858193874359131
7.44251012802124,6.551015377044678
9.0348482131958,2.7933120727539062
9.526705741882324,3.8318514823913574
7.3842644691467285,0.48701759427785873
5.218541622161865,-1.6748905181884766
4.1008830070495605,0.033223601058125496
4.603779315948486,0.5227088928222656
9.204411506652832,-2.788996696472168
4.728889465332031,-5.170321464538574
0.9900450706481934,-7.507920265197754
3.3037424087524414,-7.333779335021973
-1.7043113708496094,-4.005873203277588
-7.235777378082275,-2.836132049560547
0.4020214080810547,-5.183041095733643
-1.3485431671142578,-6.283152103424072
-3.891623020172119,-3.870248794555664
-1.3971209526062012,-0.9642481803894043
-2.03704833984375,2.2914528846740723
-8.260715007781982,2.430438995361328
-6.008732318878174,0.9614943712949753
-0.9003757685422897,-1.241457536816597
0.2829908952116966,3.3756136894226074
-1.7510414123535156,1.5256166458129883
2.887547016143799,3.497922420501709
-4.54254150390625,2.2322535514831543
-3.480851650238037,-3.5623788833618164
-1.4215946197509766,-6.47505521774292
2.0729541778564453,-2.1148681640625
-0.1538277044892311,-2.721846103668213
0.07473229896277189,-1.398003101348877
1.835954189300537,-3.198730945587158
-2.395808696746826,-8.854568004608154
3.5171985626220703,-6.776905059814453
9.002864360809326,-3.4888267517089844
4.733395576477051,1.0860084742307663
-1.1584997177124023,5.433750152587891
-4.251658916473389,1.6014337539672852
-5.254232883453369,2.521681785583496
-2.6485681533813477,4.3679118156433105
3.388643264770508,3.652811050415039
11.917328834533691,8.574509620666504
4.753983020782471,3.686392307281494
2.1773695945739746,2.0779013633728027
-3.3115386962890625,4.545736312866211
-11.214590072631836,4.118180274963379
-9.365808963775635,1.564323902130127
2.720034122467041,0.3338456153869629
-5.083787441253662,-11.97425127029419
-0.6840705871582031,-8.493232727050781
1.2606263160705566,-12.3008131980896
-10.97719669342041,-13.521170616149902
-26.048636436462402,-4.169130325317383
-9.845757484436035,-5.32611608505249
-2.1939873695373535,-9.558939933776855
-5.8068156242370605,-6.846940517425537
12.240839004516602,-3.7576675415039062
14.630317687988281,2.7930140495300293
-1.9274234771728516,10.826575756072998
-5.085897445678711,7.890331745147705
2.10801362991333,8.466100692749023
0.813901424407959,10.249435901641846
11.29986047744751,10.914123058319092
22.21376895904541,13.679802417755127
15.765976905822754,12.23534345626831
2.40325927734375,3.2775163650512695
2.5601625442504883,5.141341686248779
-2.010667324066162,1.7255425453186035
0.2736330032348633,1.5987038612365723
1.4984726905822754,-0.18275979906320572
2.102792263031006,-7.759428024291992
-4.6494245529174805,-11.928164958953857
-4.671847820281982,-9.779512882232666
-15.480971336364746,-11.246335506439209
-12.413668632507324,-8.939123153686523
-6.347203254699707,-6.535804271697998
-1.8203258514404297,-12.389063835144043
-3.741335868835449,-10.057008266448975
3.782379627227783,-9.544610977172852
2.5940299034118652,-5.617773532867432
-4.965198040008545,0.6928563117980957
-2.306342124938965,1.4922380447387695
7.792961597442627,0.31545158475637436
7.414567470550537,2.3485422134399414
6.354355812072754,4.580891132354736
10.396814346313477,8.877646923065186
5.764245986938477,9.582853317260742
-4.839885234832764,4.444420337677002
-4.8722028732299805,5.0948381423950195
1.0500907897949219,5.156815052032471
-0.05067590158432722,2.087855339050293
1.0105609893798828,6.1010003089904785
1.3083219528198242,-1.0740041732788086
-1.6497135162353516,-3.7980198860168457
-3.933382034301758,-1.726973056793213
-4.269766807556152,-4.809415340423584
-0.5525470152497292,-1.878190040588379
3.915286064147949,-0.9241700172424316
4.822957515716553,-9.234941005706787
3.4664273262023926,-2.9742956161499023
1.9976019859313965,-0.9104608744382858
-0.16603469848632812,0.6236075982451439
-1.193547174334526,2.482175827026367
-1.0054349899291992,6.49038553237915
4.16799783706665,3.9911866188049316
6.275510787963867,4.049217700958252
0.0442147022113204,6.029689311981201
1.7882227897644043,7.790255546569824
1.865530014038086,10.495972633361816
-3.74755859375,5.982732772827148
-3.6313652992248535,1.0230422019958496
4.3706536293029785,5.136704444885254
4.057455062866211,2.664005756378174
3.8813233375549316,1.6825079917907715
6.0356974601745605,0.983130931854248
-0.3063678927719593,-2.7501344680786133
-0.7534027099609375,-1.0877727717161179
2.5855541229248047,-0.5614995956420898
1.0956764221191406,0.24906400591135025
1.9754886627197266,-0.20815130323171616
5.751180648803711,-2.2449135780334473
-0.7202506065368652,-1.154184266924858
-0.4171491041779518,1.4412999153137207
2.679896354675293,0.9981989860534668
-1.4362692832946777,3.0214905738830566
-5.14150857925415,1.641833782196045
-1.441347599029541,3.5448074340820312
-2.2725820541381836,2.4094104766845703
-4.484462738037109,1.7250776290893555
-0.0461459020152688,3.5588741302490234
2.5176286697387695,6.905496120452881
-2.453899383544922,3.791928291320801
-1.3178229331970215,2.3853182792663574
-2.618741989135742,2.3413538932800293
-3.497040271759033,2.643406391143799
0.5422234907746315,2.951943874359131
3.6542177200317383,0.47615770250558853
-0.6265878677368164,-1.9805908203125
-0.03862380050122738,-1.7135262489318848
-0.9365200996398926,-3.25467586517334
-3.2584786415100098,-0.6410002708435059
-3.956007957458496,-2.166867256164551
2.6085972785949707,-4.121541976928711
0.9318113327026367,-6.911885738372803
-2.603483200073242,-4.888403415679932
-0.6447553634643555,-3.180050849914551
1.015794277191162,0.4460572823882103
-4.9170732498168945,-1.448822021484375
0.3285408020019531,-4.4953107833862305
6.892275810241699,-5.212771892547607
3.7409543991088867,-4.886734485626221
0.3236651048064232,-4.000914096832275
-0.6187080964446068,0.1635432057082653
-1.9767284393310547,-1.3006091117858887
-8.180773258209229,-0.6545305252075195
-4.02984619140625,-1.1260986328125
4.027152061462402,-3.3887624740600586
4.099166393280029,1.0578036308288574
-1.4127850532531738,1.8541693687438965
1.8119215965270996,-2.20794677734375
-1.6643285751342773,-1.2428522109985352
-10.223519802093506,-1.3492941856384277
-0.3418565168976784,-2.755868434906006
3.659820556640625,4.153931140899658
0.2370000071823597,-2.047085762023926
6.287682056427002,-2.3691177368164062
7.252931594848633,-0.7617592811584473
-1.935434341430664,-1.951277256011963
3.6039233207702637,0.6607770919799805
2.4351000785827637,1.1329054832458496
-1.781010627746582,-1.4353036880493164
3.442108631134033,-2.1319150924682617
6.0594916343688965,0.10486840270459652
-1.4304280281066895,0.4637956991791725
-1.110541820526123,1.4168381690979004
-4.231226444244385,2.4884462356567383
-8.476853370666504,1.4108777046203613
-8.202099800109863,3.399980068206787
0.5284667015075684,3.036630153656006
-0.8194565773010254,-0.27747150510549545
-4.003190994262695,3.795003890991211
-2.4551868438720703,0.9862303733825684
-2.7718186378479004,-1.4912009239196777
-10.025417804718018,-0.3810286894440651
-0.6111263856291771,-1.200556829571724
5.97989559173584,-1.033616065979004
3.7945985794067383,-3.2240748405456543
2.485167980194092,-4.607069492340088
5.478978157043457,-6.852149963378906
-1.5821576118469238,-2.833425998687744
-3.7769675254821777,-3.6255836486816406
4.414725303649902,-4.223954677581787
3.2045960426330566,-7.6519012451171875
0.43545961380004883,-11.680841445922852
-1.6125679016113281,-12.798702716827393
-2.037513256072998,-7.441973686218262
-7.452082633972168,-6.635177135467529
-9.470653533935547,-5.942320823669434
-2.882862091064453,-4.324233531951904
0.08058549836277962,-3.809654712677002
-2.815091609954834,-0.5211234092712402
1.3532161712646484,3.9676666259765625
0.6122351065278053,0.713658332824707
0.22329090163111687,8.21765661239624
2.8749585151672363,8.924007415771484
6.778621673583984,8.755254745483398
9.219348430633545,11.262881755828857
2.954399585723877,9.919774532318115
7.098484039306641,10.745596885681152
4.616653919219971,13.199758529663086
2.387690544128418,11.028337478637695
6.897461414337158,8.705270290374756
5.63662052154541,7.966446876525879
2.9868721961975098,4.831850528717041
1.1570215225219727,3.207123279571533
-1.1921166628599167,2.2370338439941406
-0.30858520418405533,-2.3732542991638184
-1.3662457466125488,-5.138027667999268
-1.382434368133545,-1.780545711517334
0.17125610262155533,-10.411643981933594
0.8258224278688431,-5.940055847167969
-2.509903907775879,-10.270369052886963
-5.193734169006348,-9.739828109741211
-0.6841301918029785,-4.950463771820068
-3.785407543182373,-7.666385173797607
-5.450701713562012,-5.321609973907471
-0.6647586822509766,-2.4682164192199707
-0.06091590039432049,-2.4243831634521484
-2.5799989700317383,-2.1458983421325684
-3.6713123321533203,1.9515395164489746
-3.278017044067383,6.200146675109863
-0.7342814654111862,9.349405765533447
-0.21597150713205338,10.790491104125977
2.726614475250244,10.676431655883789
2.5461316108703613,8.662152290344238
3.810417652130127,13.217461109161377
4.085290431976318,10.475051403045654
6.997692584991455,9.532785415649414
11.152243614196777,6.277024745941162
6.5604448318481445,5.847811698913574
8.188438415527344,2.9613733291625977
7.65223503112793,4.6675801277160645
2.571237087249756,0.6516336649656296
1.8700122833251953,-1.7349958419799805
6.4559221267700195,-6.5784454345703125
2.7939677238464355,-9.503865242004395
-0.3966093063354492,-12.98454999923706
-4.167306423187256,-9.10412073135376
-8.744227886199951,-10.307073593139648
-6.595325469970703,-9.68174934387207
-6.285464763641357,-7.721519470214844
-3.1543612480163574,-8.900284767150879
-1.9669294357299805,-7.938814163208008
-1.0341405868530273,-1.5594124794006348
-2.9259204864501953,-1.7917513847351074
-4.145097732543945,-0.7351517677307129
-1.0689973831176758,3.799748420715332
0.7328032702207565,0.41985511779785156
3.089427947998047,1.6587018966674805
2.8823494911193848,5.977380275726318
0.8131145685911179,-0.5903005972504616
-4.2089104652404785,2.9241204261779785
-2.7057647705078125,2.922511100769043
-0.7166385650634766,-3.1510353088378906
1.2257934361696243,0.31168460845947266
-0.6886839866638184,-1.4412641525268555
2.201247215270996,-7.060813903808594
-0.05816219840198755,-1.2990593910217285
-5.685710906982422,-3.31040620803833
-2.708256244659424,-4.607629776000977
4.135751724243164,-1.1687160283327103
0.6560564041137695,-3.478109836578369
2.341592311859131,-3.5524487495422363
4.500067234039307,3.796672821044922
-0.7347940653562546,-1.5664339065551758
-1.3916850090026855,0.24029020220041275
-3.690659999847412,1.9690871238708496
2.026677131652832,-1.8024325370788574
5.048882961273193,0.6637334823608398
-1.6459345817565918,-2.250218391418457
-2.105236053466797,-6.79701566696167
-0.9699702262878418,-2.94722318649292
-10.687291622161865,-3.418123722076416
-10.239851474761963,-5.3122758865356445
-4.016256332397461,-6.435990333557129
-11.276400089263916,-1.6476988792419434
-13.669896125793457,-4.7205328941345215
1.3463854789733887,0.9541034698486328
-5.835723876953125,2.075517177581787
-3.42710018157959,0.12791159562766552
6.119084358215332,3.8711905479431152
8.989906311035156,6.035768985748291
1.822507381439209,6.675589084625244
9.34607982635498,9.643077850341797
10.328173637390137,9.52751636505127
8.233416080474854,9.609472751617432
11.913251876831055,6.7687273025512695
13.91059160232544,7.109332084655762
2.883625030517578,4.631435871124268
3.3415675163269043,5.484986305236816
-1.1953234672546387,3.7194013595581055
-0.3908514976501465,-2.0505666732788086
-4.766726493835449,-2.2562384605407715
0.5840897932648659,-2.840590476989746
-5.316102504730225,-6.880831718444824
-6.450390815734863,-2.908504009246826
-8.709132671356201,-5.4991841316223145
-8.782565593719482,-6.973528861999512
-9.671390056610107,-2.704167366027832
-0.8693099021911621,-4.7515869140625
0.7697343826293945,-3.636002540588379
-1.1444687843322754,-0.8997440338134766
2.2410154342651367,-2.61152982711792
0.022447099909186363,2.704286575317383
-6.071329116821289,4.2571306228637695
-0.9343504905700684,3.954172134399414
6.519556045532227,4.455447196960449
3.8093209266662598,7.080972194671631
1.8706679344177246,5.52365779876709
10.837185382843018,4.443764686584473
3.8077831268310547,4.467105865478516
-4.749691486358643,0.3366231918334961
-1.0990499705076218,-1.6535520553588867
2.655196189880371,-1.9675254821777344
-2.523958683013916,-7.5006842613220215
2.1574854850769043,-6.197953224182129
4.077029228210449,-5.771291255950928
0.037479400634765625,-7.073009014129639
-4.909491539001465,-3.4604549407958984
-2.8838038444519043,-5.778539180755615
0.43544769287109375,-6.1301589012146
3.1526923179626465,-0.7045506685972214
3.714776039123535,2.041316032409668
5.239617824554443,1.370227336883545
2.316737174987793,6.028962135314941
-0.6653547286987305,3.3535003662109375
-2.7344107627868652,5.696225166320801
-0.4158138856291771,7.358086109161377
-0.03980400040745735,8.618617057800293
-0.4520893096923828,7.597160339355469
-3.654193878173828,7.715809345245361
-0.09294750168919563,5.384302139282227
0.9189844131469727,3.5153865814208984
1.9190669059753418,6.660890579223633
4.346203804016113,2.042555809020996
5.7262420654296875,-0.5739688873291016
4.915797710418701,-3.2079339027404785
4.894089698791504,-7.38598108291626
2.0319342613220215,-2.785348892211914
3.261137008666992,-1.1609076708555222
7.838606834411621,-3.7712693214416504
2.029109001159668,-3.3832550048828125
1.7611384391784668,-4.067349433898926
3.464233875274658,-1.1769533157348633
-0.11526349931955338,0.5174160003662109
-6.062793731689453,3.328549861907959
-3.587031364440918,4.6958088874816895
-1.8265008926391602,2.020108699798584
-7.63782262802124,2.654719352722168
-6.223940849304199,3.487718105316162
-2.581644058227539,7.405269145965576
-7.766473293304443,8.617699146270752
-1.5588760375976562,3.6292076110839844
1.3202428817749023,2.243924140930176
0.03987549804151058,3.109622001647949
4.2783379554748535,4.664206504821777
6.279504299163818,4.40673828125
0.18285509198904037,3.1164050102233887
-1.1089205741882324,-2.08132266998291
0.3363848105072975,-1.8233180046081543
2.833437919616699,-0.4144788160920143
0.9411097317934036,3.371584415435791
5.55877685546875,2.508246898651123
1.3247013092041016,-1.3625025749206543
-4.016482830047607,-1.8268346786499023
-9.363508224487305,-1.6283869743347168
-9.21480655670166,1.9435524940490723
-8.204030990600586,0.6682515144348145
-5.890440940856934,-0.5410552024841309
0.8905529975891113,-3.910958766937256
5.29484748840332,-5.629444122314453
2.7086257934570312,-3.720855712890625
-2.036905288696289,-1.9020915031433105
-2.31935977935791,1.7896056175231934
-3.527092933654785,-2.2381067276000977
-2.310061454772949,-4.419422149658203
0.7184863090515137,-3.491044044494629
6.178104877471924,-2.7152299880981445
3.6330580711364746,-0.0712036993354559
-4.580938816070557,-0.3803730010986328
-4.621398448944092,-1.6100049018859863
1.783311367034912,-0.4045248031616211
2.591216564178467,-0.5468488112092018
6.545424461364746,-0.6728292256593704
10.288453102111816,-1.07269287109375
3.4935593605041504,-0.3770231828093529
-5.550932884216309,-1.056993007659912
0.3291964903473854,-0.24368759244680405
-0.6846786290407181,-2.328944206237793
2.65047550201416,-3.2256722450256348
9.850621223449707,-4.880619049072266
10.365915298461914,-2.26132869720459
-0.17080310732126236,-3.9815902709960938
-4.490029811859131,-1.0329127311706543
-8.25740098953247,-0.1360774040222168
-5.653107166290283,1.2531161308288574
-3.2420754432678223,7.205855846405029
4.312145709991455,1.5258312225341797
-1.721358299255371,3.0153632164001465
-7.377028465270996,2.2553443908691406
-9.788322448730469,2.435171604156494
-11.323177814483643,5.941498279571533
-9.289300441741943,7.079708576202393
-2.436530590057373,3.5198330879211426
3.045833110809326,1.2549161911010742
3.2906293869018555,-0.959932804107666
2.024233341217041,-4.502427577972412
-0.8851885795593262,-3.493773937225342
-2.395927906036377,-3.8210034370422363
2.413511276245117,-5.195653438568115
8.030998706817627,-9.483909606933594
7.368779182434082,-10.99700927734375
8.845865726470947,-9.46725606918335
7.061612606048584,-10.664153099060059
-1.293182373046875,-9.758293628692627
-6.85732364654541,-10.423552989959717
-3.4714221954345703,-10.310184955596924
-7.5319647789001465,-7.2284698486328125
-8.700478076934814,-2.0410776138305664
-5.210447311401367,-4.747021198272705
-4.962325096130371,-2.3311614990234375
-8.295595645904541,-4.078304767608643
-7.708477973937988,1.8393754959106445
-2.5844454765319824,6.012928485870361
-3.9990782737731934,10.247254371643066
-3.454470634460449,8.436262607574463
5.603361129760742,9.74271297454834
9.416782855987549,8.122718334197998
9.576892852783203,9.55970287322998
9.154832363128662,9.621381759643555
6.868696212768555,11.365807056427002
6.087183952331543,7.759237289428711
4.524660110473633,5.955302715301514
10.372793674468994,6.480228900909424
11.272335052490234,7.126188278198242
8.796536922454834,5.585300922393799
6.8941473960876465,1.6689538955688477
0.035965400747954845,-1.21995210647583
-2.7310609817504883,-3.3081531524658203
-5.801117420196533,0.736081600189209
-7.253777980804443,0.1611590012907982
-2.7797460556030273,-2.0534157752990723
-4.458355903625488,-7.118690013885498
-6.054556369781494,-7.699990272521973
-5.792701244354248,-5.021798610687256
-3.6287426948547363,-1.8261432647705078
-4.8308491706848145,-2.503371238708496
-5.418062210083008,-5.139482021331787
-6.027746200561523,-5.164158344268799
-1.034855768084526,-2.4088501930236816
-2.3330211639404297,2.466106414794922
-4.558455944061279,6.63297176361084
1.3183116912841797,7.607460021972656
0.17076730728149414,3.829789161682129
-2.153313159942627,3.7439465522766113
-0.10161399841308594,5.631780624389648
7.00608491897583,7.207667827606201
4.44488525390625,9.511864185333252
6.31256103515625,8.055996894836426
8.62131118774414,4.087507724761963
6.774318218231201,7.033252716064453
6.5071940422058105,4.6233415603637695
7.6538801193237305,4.314076900482178
12.049365043640137,1.0926485061645508
8.501994609832764,1.3257503509521484
6.247663497924805,-4.040956497192383
5.811333656311035,-0.7844687253236771
-2.1907925605773926,-1.22590072453022
-6.790769100189209,-5.761730670928955
-6.570219993591309,-7.014894485473633
-4.149675369262695,-5.000817775726318
-3.443419933319092,-6.8202972412109375
-2.811586856842041,-5.0179362297058105
-3.875124454498291,-3.0510783195495605
-6.117343902587891,-3.3852338790893555
-9.59930419921875,-2.786540985107422
-11.38761043548584,-1.590573787689209
-4.65322732925415,-4.1519880294799805
0.9219170361757278,-2.1840691566467285
-0.4282832145690918,-0.6696581840515137
1.4514446258544922,-3.1800270080566406
3.937065601348877,-2.541983127593994
-0.22619960829615593,-0.4630446061491966
1.7898321151733398,-5.872619152069092
4.568469524383545,-3.6752939224243164
3.887951374053955,-2.0087122917175293
5.254065990447998,-3.9693832397460938
2.572464942932129,-1.3691306114196777
-0.7218360900878906,-0.9995937347412109
3.555917739868164,-1.958000659942627
-0.7703185081481934,-0.09855030104517937
-6.516408920288086,5.152785778045654
-2.902817726135254,6.0395002365112305
-0.7215976715087891,6.076502799987793
-6.001996994018555,2.483212947845459
-1.0461091995239258,3.103506565093994
0.21523239091038704,4.664397239685059
-3.720855712890625,7.355773448944092
-5.357456207275391,3.5901308059692383
-6.280124187469482,0.841224193572998
-4.803895950317383,-1.4130711555480957
-2.5762557983398438,-5.074632167816162
1.8774032592773438,-3.8172006607055664
0.970458984375,-6.040966510772705
-0.680243968963623,-11.183488368988037
-0.9369611740112305,-9.723091125488281
-6.345808506011963,-15.464162826538086
-4.174816608428955,-11.257755756378174
-3.1493544578552246,-6.49491548538208
-4.8265814781188965,-4.770517349243164
3.005361557006836,-2.53220796585083
3.945636749267578,-2.2695302963256836
0.9914637356996536,-1.0297775268554688
1.4240384101867676,6.35833740234375
3.9348840713500977,12.467586994171143
-1.1782646179199219,10.415351390838623
1.0951756685972214,10.952460765838623
6.24772310256958,11.792564392089844
6.3625335693359375,10.881173610687256
9.86020565032959,14.71318006515503
6.620323657989502,10.960531234741211
-2.395510673522949,4.459786415100098
-0.6329060345888138,2.385246753692627
0.7111787796020508,-0.20837780088186264
-4.498052597045898,-3.6219120025634766
3.1306982040405273,-1.663529872894287
1.8463134765625,-6.908750534057617
-4.608762264251709,-11.177468299865723
-8.037924766540527,-10.271012783050537
-5.970609188079834,-9.556210041046143
-5.854237079620361,-10.949671268463135
-2.1712899208068848,-6.490230560302734
-1.1576653271913528,-10.26369333267212
6.332516670227051,-7.3734283447265625
1.7117023468017578,-4.305613040924072
0.3895283117890358,-1.2784719467163086
0.45822858810424805,1.1679887771606445
3.2959342002868652,1.8315315246582031
0.158536396920681,0.921177864074707
4.445803165435791,4.452502727508545
0.09118320420384407,6.823444366455078
0.7730007171630859,5.389797687530518
-1.2804508209228516,3.55604887008667
-6.069958209991455,5.078184604644775
-3.424656391143799,1.247859001159668
-0.9165644645690918,0.8464456349611282
-5.689740180969238,-2.0433545112609863
-2.255845069885254,-4.3052077293396
2.9741644859313965,-2.9296875
-2.680838108062744,-2.189362049102783
-0.42270418256521225,-4.466664791107178
0.5444407090544701,1.4604449272155762
0.2820252999663353,-0.5501747131347656
3.0582547187805176,-3.729891777038574
4.214692115783691,-0.13401510193943977
6.7092061042785645,1.5243172645568848
9.526598453521729,5.993282794952393
5.831563472747803,7.628202438354492
6.805598735809326,5.97538948059082
3.8761496543884277,2.3071765899658203
-1.3206124305725098,5.541133880615234
0.49130920320749283,7.339072227478027
0.9893537312746048,2.984786033630371
-1.7868518829345703,3.837275505065918
-0.11336799710988998,2.219367027282715
1.033484935760498,0.3229380026459694
-3.540313243865967,2.152121067047119
-5.385291576385498,2.1526217460632324
0.8738517761230469,-1.2468338012695312
-2.0464301109313965,-1.3982772827148438
1.5825986862182617,-2.815389633178711
7.222795486450195,-2.770876884460449
5.0232648849487305,0.10871890000998974
0.2635597996413708,0.9124516695737839
0.3589152917265892,1.2149930000305176
4.139578342437744,2.097773551940918
0.00013109999599691946,2.1438121795654297
3.8834571838378906,1.2020350247621536
9.210872650146484,5.258834362030029
3.1848788261413574,5.6516289710998535
-1.4432549476623535,3.7662386894226074
-4.117929935455322,5.492007732391357
-6.2721967697143555,4.2998552322387695
-4.805970191955566,2.7933359146118164
-2.4840950965881348,4.662799835205078
1.7729759216308594,1.8415570259094238
-0.11100769974291325,-1.3031005859375
-5.793523788452148,0.22842880338430405
-4.10839319229126,1.3387322425842285
-3.55757474899292,-2.041947841644287
-2.88393497467041,2.0304203033447266
0.45697689056396484,-0.12025830335915089
7.083320617675781,-4.559016227722168
3.3578991889953613,-0.201642494648695
-3.833925724029541,-3.9126157760620117
-4.4495463371276855,-3.4858107566833496
-4.377222061157227,0.8764147758483887
-1.877892017364502,-2.083301544189453
0.78582763671875,-2.3993849754333496
1.3081669807434082,0.026464499533176422
-2.962493896484375,-4.134523868560791
-3.985428810119629,-2.7068257331848145
-5.756711959838867,-2.5007128715515137
-3.7811756134033203,-4.943954944610596
1.3597965240478516,-3.541862964630127
5.354106426239014,-2.7580618858337402
3.952300548553467,-6.467127799987793
1.87147855758667,-2.248871326446533
-0.15547280199825764,-3.456997871398926
-1.1224865913391113,-3.7937283515930176
-1.7191529273986816,-0.3610372915863991
2.7224063873291016,-2.5594115257263184
3.1873583793640137,-1.8588066101074219
0.56717399507761,1.4400243759155273
-2.360248565673828,-0.028312199283391237
2.023196220397949,0.715029165148735
-3.3785223960876465,1.4307737350463867
-3.0138731002807617,0.4245400056242943
3.937804698944092,4.258549213409424
0.7631778717041016,4.498660564422607
-0.9226440638303757,2.60775089263916
3.8869142532348633,-1.0463953018188477
1.8298864364624023,-0.3920555114746094
0.23378130048513412,-1.6733884811401367
3.890371322631836,-0.31065940856933594
-1.7312169075012207,-0.48836469650268555
-2.6203155517578125,-2.901136875152588
-1.0231255739927292,-0.5623101815581322
-2.130270004272461,-1.781630516052246
-2.4877548217773438,-1.2228965759277344
1.454925537109375,-1.6202807426452637
-1.580500602722168,-0.41518211364746094
-6.465637683868408,3.282630443572998
-3.740692138671875,3.408801555633545
-3.8227081298828125,3.058934211730957
-4.325556755065918,0.9008646011352539
-2.5083184242248535,1.1519432067871094
-0.45953989028930664,2.370309829711914
1.614701747894287,-0.8939862251281738
0.39892200380563736,0.021898699924349785
-0.654447078704834,-0.7316827774047852
6.140279769897461,-1.5856146812438965
4.059100151062012,-3.567945957183838
0.4233241081237793,-6.933140754699707
0.6908298283815384,-8.548879623413086
5.735993385314941,-3.107285499572754
-0.9827970713376999,-5.447685718536377
-4.762732982635498,-5.6868791580200195
1.641249656677246,-11.273586750030518
-0.6605386734008789,-11.895084381103516
-7.8047871589660645,-12.02704906463623
-5.936634540557861,-4.619765281677246
-1.5550017356872559,-5.107247829437256
-3.960740566253662,-4.517924785614014
-10.132086277008057,-4.24044132232666
-2.060091495513916,-1.8474221229553223
0.14483929611742496,1.2986540794372559
-4.481148719787598,7.427561283111572
-1.6021013259887695,7.851076126098633
9.347224235534668,11.078941822052002
7.761931419372559,10.949504375457764
8.69288444519043,7.124626636505127
12.714123725891113,8.972954750061035
6.882202625274658,9.415066242218018
1.4028191566467285,7.140493392944336
0.17777679488062859,6.017816066741943
4.044437408447266,4.872322082519531
5.206716060638428,5.5432915687561035
7.943606376647949,5.462408065795898
3.3229947090148926,4.417920112609863
-2.0308971405029297,2.9320359230041504
-5.799436569213867,-0.5154966935515404
-9.601962566375732,-1.2981653213500977
-7.445883750915527,-1.61057710647583
0.11650320142507553,-1.4273405075073242
1.899862289428711,-4.572045803070068
-4.159283638000488,-5.763697624206543
-5.7306647300720215,-6.015884876251221
-3.937399387359619,-3.326249122619629
-5.562007427215576,-4.170060157775879
-6.212007999420166,-7.563889026641846
2.833712100982666,-5.608987808227539
5.931591987609863,-1.4203310012817383
0.2290605939924717,-2.1033167839050293
-4.435181617736816,3.006303310394287
2.1334171295166016,3.5592079162597656
2.9970526695251465,5.585575103759766
0.7813931256532669,6.55442476272583
4.87443208694458,6.303346157073975
6.084299087524414,7.339215278625488
-2.172362804412842,8.835208415985107
-3.866910934448242,9.169816970825195
2.0200610160827637,6.006252765655518
7.8055620193481445,5.723226070404053
6.282448768615723,4.370772838592529
10.46140193939209,4.044985771179199
6.2143683433532715,4.318451881408691
-1.162862777709961,-1.1596202850341797
-1.541602611541748,-5.777215957641602
-3.5149693489074707,-7.296323776245117
-1.0611653327941895,-5.9592604637146
8.085453510284424,-7.275187969207764
1.6686320304870605,-7.993030548095703
-2.983880043029785,-8.86605978012085
-1.8067479133605957,-10.941648483276367
-1.5643954277038574,-8.533775806427002
-4.258418083190918,-5.990076065063477
0.5547881126403809,-3.7044882774353027
5.238819122314453,-2.5401711463928223
0.7375121116638184,-3.179657459259033
-5.556058883666992,-1.0028480738401413
-5.15446662902832,1.0343313217163086
-6.177639961242676,5.289661884307861
-2.3763656616210938,4.388177394866943
0.9048342704772949,0.25010110810399055
5.052769184112549,-2.4901270866394043
4.577887058258057,-7.609617710113525
-1.3054370880126953,-2.00960636138916
-5.299854278564453,0.4715561866760254
-6.5543532371521,-1.57012939453125
-7.6433539390563965,-2.5406718254089355
-0.394439697265625,-4.487013816833496
6.300783157348633,-2.192401885986328
8.410656452178955,0.040543098002672195
6.0369133949279785,2.0113348960876465
0.8130788803100586,-2.5765299797058105
-2.180814743041992,1.4762163162231445
-2.4750232696533203,0.6406545639038086
-0.8970499038696289,2.0308971405029297
2.663850784301758,6.533324718475342
5.944931507110596,3.9673924446105957
5.752265453338623,1.1820793151855469
-2.3709893226623535,1.6744017601013184
-3.4223437309265137,2.1505355834960938
-2.486240863800049,5.038237571716309
-8.650350570678711,5.174624919891357
-6.1637163162231445,0.8045077323913574
3.682863712310791,-4.304468631744385
0.9426116943359375,-9.312963485717773
-2.139413356781006,-8.243870735168457
-0.14549490064382553,-5.566585063934326
-1.2239336967468262,-2.9642462730407715
-11.94378137588501,-9.295296669006348
-11.26699447631836,-6.6530585289001465
-4.636991024017334,-4.132819175720215
-2.26975679397583,0.948488712310791
1.9526481628417969,2.2832512855529785
3.9655566215515137,4.4228315353393555
5.09343147277832,4.337573051452637
1.518237590789795,7.186233997344971
-3.2743215560913086,8.349061012268066
-3.4680962562561035,7.591879367828369
2.106344699859619,11.093413829803467
4.754185676574707,8.695614337921143
9.346544742584229,5.682229995727539
11.38235330581665,6.335592269897461
9.171593189239502,5.327975749969482
1.6472935676574707,1.4434337615966797
1.8517494201660156,0.6188393011689186
-1.9071340560913086,-4.884886741638184
5.303061008453369,-9.69935655593872
3.9748668670654297,-6.31566047668457
-0.5198955908417702,-6.787919998168945
-3.388047218322754,-9.100019931793213
-7.970583438873291,-7.766127586364746
-13.21324110031128,-11.05433702468872
-2.9892325401306152,-8.477544784545898
2.6893973350524902,-3.478705883026123
4.603886604309082,-4.8087239265441895
0.15273090451955795,-5.602991580963135
-3.7471771240234375,-2.5066494941711426
-7.296180725097656,-4.922080039978027
-7.490289211273193,2.0721435546875
-5.099284648895264,3.7510275840759277
5.115234851837158,2.1339774131774902
6.934773921966553,6.606197357177734
-1.8310785293579102,3.501307964324951
-3.7795186042785645,3.0068039894104004
-1.0530471801757812,4.485476016998291
-5.363655090332031,6.1043500900268555
0.47305818647146225,4.432356357574463
8.426499366760254,0.36073919385671616
6.657552719116211,-3.9278149604797363
2.0856499671936035,-2.548086643218994
-0.3885507956147194,-1.8758177757263184
-1.0376214981079102,3.1633496284484863
-2.0402073860168457,-1.3361334800720215
0.7592915743589401,-0.6323099136352539
7.275128364562988,-0.5077958106994629
11.385345458984375,0.1557112019509077
6.522822380065918,0.8957862854003906
5.184972286224365,2.709841728210449
2.9445409774780273,1.7464995384216309
2.555716037750244,-0.1578092947602272
-0.693202018737793,1.390516757965088
1.5408873558044434,1.8188834190368652
1.1061906814575195,3.2871007919311523
-1.13310806453228,2.1407723426818848
-5.532896518707275,1.0047554969787598
-2.804291248321533,0.7694005966186523
-4.0132880210876465,1.2057781219482422
-5.02856969833374,0.5950570106506348
-2.3205161094665527,1.9526362419128418
0.7390618324279785,2.405691146850586
1.6895532608032227,-3.21502685546875
2.522909641265869,-0.5036472901701927
4.283583164215088,0.13235810212790966
0.9033679962158203,6.847429275512695
1.8193840980529785,4.204034805297852
4.263556003570557,2.2000908851623535
8.338212966918945,2.4990320205688477
9.753084182739258,2.2220253944396973
9.369683265686035,4.594516754150391
7.013332843780518,7.581174373626709
0.44274330139160156,6.464529037475586
-3.1836628913879395,3.3408284187316895
-4.611635208129883,1.161646768450737
-2.2397756576538086,-1.2474895268678665
-0.17457010224461555,1.3408780097961426
-2.7396559715270996,1.5470027923583984
-7.079470157623291,-0.6804704666137695
-7.790577411651611,-1.880335807800293
-8.64405632019043,-0.8517742156982422
-9.124362468719482,-4.481089115142822
-0.7381916046142578,-1.960301399230957
0.9891272336244583,-3.7563323974609375
1.6876220703125,-2.69240140914917
0.3201127052307129,0.2774835005402565
-1.5511155128479004,-1.2427330017089844
-3.303098678588867,0.009620200144127011
0.31050439924001694,1.5363693237304688
5.809628963470459,-0.8291959762573242
9.071910381317139,1.295173168182373
7.911694049835205,-0.9531856328248978
4.410111904144287,1.8622994422912598
-1.8438100814819336,2.532327175140381
-4.624736309051514,-0.8834719657897949
-4.42349910736084,-0.44879909604787827
1.181173324584961,-1.3339996337890625
3.3005356788635254,-2.148568630218506
0.8874893188476562,-1.703810691833496
-1.599717140197754,-2.0352959632873535
-5.479705333709717,-2.6357293128967285
-11.636137962341309,-2.4448633193969727
-7.245588302612305,-1.5240192413330078
-0.26187900453805923,0.07791520096361637
1.0377287864685059,-2.9429197311401367
1.2758374214172363,-4.284560680389404
-0.8423089981079102,-4.464828968048096
-2.3396730422973633,-0.39093490689992905
-4.941666126251221,-0.3511666879057884
-5.9238433837890625,1.9718647003173828
1.2215256690979004,0.15556810423731804
5.056548118591309,0.5771278962492943
5.534529685974121,1.978921890258789
6.82218074798584,-1.2059569358825684
7.385492324829102,0.038707300554960966
2.001810073852539,0.9563565254211426
3.5306692123413086,-0.6843805313110352
0.9395719319581985,-0.34595731645822525
1.8894553184509277,-1.5836834907531738
5.994236469268799,-5.661106109619141
0.18029209226369858,-0.393521785736084
-0.553584098815918,-1.6622424125671387
2.197122573852539,-0.23322109133005142
-3.645026683807373,-0.5632400885224342
-7.070720195770264,-1.2031316757202148
3.8773417472839355,-1.5731096267700195
-1.4772415161132812,1.5085220336914062
-6.466734409332275,-1.086878776550293
-1.8162727355957031,-1.0574579238891602
-7.948911190032959,-2.141416072845459
-15.063154697418213,-2.6630401611328125
-3.2175302505493164,-0.9014368057250977
0.11517999693751335,1.082444190979004
0.023925299756228924,-2.740299701690674
10.195040702819824,-2.7527451515197754
5.713021755218506,-3.183603286743164
-0.8957148343324661,-5.19031286239624
0.31038520857691765,-1.7899632453918457
-2.2202134132385254,-2.1683692932128906
-3.130519390106201,-6.429457664489746
2.1179914474487305,-4.241907596588135
3.8263916969299316,-8.804190158843994
-0.4848957061767578,-12.808763980865479
-3.5358667373657227,-7.967185974121094
-1.9869804382324219,-8.85390043258667
-4.019665718078613,-7.011473178863525
-3.4255146980285645,-5.089068412780762
-4.639887809753418,-7.384097576141357
4.9721479415893555,-7.189083099365234
0.7107614725828171,-0.8608579635620117
-5.7668328285217285,1.9888877868652344
2.670896053314209,2.7897238731384277
5.6758880615234375,7.034921646118164
-1.0539054870605469,4.401636123657227
5.076134204864502,10.526323318481445
8.760297298431396,10.698103904724121
7.106208801269531,8.488523960113525
-1.0521411895751953,11.104190349578857
4.308629035949707,11.615526676177979
8.100605010986328,15.54403305053711
2.294743061065674,9.587228298187256
-2.7325868606567383,9.588909149169922
5.481314659118652,7.112753391265869
3.2296299934387207,5.691027641296387
-5.48933744430542,8.943760395050049
-3.2936811447143555,-0.42673349380493164
1.7284631729125977,1.8128395080566406
-4.57996129989624,-3.8483262062072754
-6.196045875549316,-6.794261932373047
1.2935757637023926,-3.9928317070007324
1.6708135604858398,-9.030449390411377
-4.23123836517334,-8.503866195678711
-3.9429545402526855,-8.112752437591553
0.04761219955980778,-7.540571689605713
-1.163625717163086,-4.926705360412598
-5.57408332824707,-6.08290433883667
-0.12402529828250408,0.03215070115402341
7.62791633605957,0.065040597692132
3.500998020172119,1.0921239852905273
1.7533421516418457,3.121936321258545
0.3735185042023659,5.523216724395752
-2.706444263458252,12.331092357635498
-3.855264186859131,10.218477249145508
-6.158196926116943,9.375941753387451
2.452719211578369,11.825716495513916
7.146632671356201,8.406150341033936
6.902551651000977,11.03067398071289
6.683743000030518,12.218260765075684
9.10189151763916,7.386970520019531
1.2288212776184082,7.79268741607666
2.541971206665039,0.6473183631896973
7.600605487823486,-1.6113519668579102
7.788991928100586,-3.030836582183838
1.5728950500488281,-4.585206508636475
3.962421417236328,-6.448602676391602
-3.7633419036865234,-7.238185405731201
-2.1190762519836426,-8.518588542938232
-1.8476247787475586,-10.835874080657959
2.18505859375,-9.920203685760498
1.8596887588500977,-6.916248798370361
4.79891300201416,-4.716551303863525
-2.981746196746826,-6.560695171356201
-6.675302982330322,-3.2991886138916016
-3.144657611846924,-1.9997239112854004
-10.030746459960938,0.9098290652036667
-4.126298427581787,1.220107078552246
-4.007852077484131,1.6832828521728516
-5.946099758148193,-1.8007397651672363
-3.6331534385681152,1.9991517066955566
-2.014327049255371,-2.8276801109313965
-8.35886001586914,1.6833782196044922
-0.02748969942331314,0.901186466217041
1.318371295928955,-5.327653884887695
-0.43396949768066406,-4.501461982727051
-1.5841960906982422,-3.3106565475463867
5.842828750610352,-2.8921008110046387
-0.881505012512207,0.07034540176391602
2.1007657051086426,-0.0333667011000216
6.138741970062256,-2.5803565979003906
7.653260231018066,-1.292574405670166
3.6357760429382324,-2.929532527923584
7.847309112548828,-2.351653575897217
-0.7815957069396973,-0.04597899969667196
2.722644805908203,-2.3282647132873535
-0.5164384841918945,-1.9562482833862305
-0.6936430931091309,1.7652153968811035
-4.92318868637085,0.6584405899047852
-0.015473399544134736,-0.7416129112243652
-11.210083961486816,0.11652709916234016
-8.653903007507324,-4.2091965675354
-0.5730270966887474,-1.8677115440368652
-1.2908339500427246,-1.3694286346435547
-5.6584954261779785,-1.3526082038879395
2.6269078254699707,-4.423344135284424
-2.129244804382324,-4.244494438171387
-9.088778495788574,-8.287501335144043
-1.969754695892334,-1.4941811561584473
6.023669242858887,-3.5319924354553223
-0.3346562013030052,6.012749671936035
-3.004324436187744,2.542853355407715
8.613157272338867,3.149700164794922
3.3671140670776367,3.233158588409424
-3.7904977798461914,7.448828220367432
4.060518741607666,7.684767246246338
5.538272857666016,10.255324840545654
-2.9007911682128906,2.1253585815429688
-5.467820167541504,3.6200761795043945
2.4246573448181152,4.711365699768066
2.7541756629943848,7.171070575714111
0.6353974342346191,7.101583480834961
3.8930654525756836,3.530716896057129
0.5161046981811523,-3.9953112602233887
-0.20327569916844368,-3.7913918495178223
-4.951906204223633,-1.6377925872802734
-0.6796479225158691,3.6005258560180664
5.526745319366455,-1.4858365058898926
-0.20700689405202866,-3.580343723297119
-2.238762378692627,-10.564184188842773
2.0701169967651367,-5.50912618637085
-2.7796149253845215,-5.973708629608154
-8.150029182434082,0.0853538978844881
2.343928813934326,0.483858585357666
7.78195858001709,-3.011190891265869
5.211400985717773,-8.180582523345947
1.9830942153930664,-5.629897117614746
7.006466388702393,-1.816558837890625
-0.8158683776855469,4.233121871948242
-9.969913959503174,3.3275842666625977
-4.551875591278076,2.5412559509277344
0.9502649307250977,-0.7553696632385254
-4.0158867835998535,1.8432140350341797
-0.728154182434082,0.9948372840881348
5.337250232696533,3.9306640625
-3.532087802886963,1.2428045272827148
-6.042969226837158,-3.1694769859313965
0.47665830701589584,-2.884185314178467
0.6357789039611816,0.5040884017944336
-0.24082660675048828,0.07195469923317432
-0.1600622944533825,2.034127712249756
0.07123949937522411,-1.1263251304626465
-1.450192928314209,0.16452070325613022
-1.3843536376953125,3.25089693069458
3.2865047454833984,3.971529006958008
5.120420455932617,5.57173490524292
4.76764440536499,4.768073558807373
4.191184043884277,1.3911962509155273
5.055379867553711,-0.17241239547729492
3.663766384124756,1.6739726066589355
4.053008556365967,1.2712478637695312
3.5118699073791504,3.459930419921875
2.42689847946167,1.0764002799987793
2.027440071105957,-4.000365734100342
-1.96685791015625,-2.525055408477783
-2.9814720153808594,0.9366273880004883
0.08254050277173519,1.8525481224060059
-0.47734979540109634,0.475311316549778
-2.0641088485717773,1.6304373741149902
1.525735855102539,-1.5375375747680664
4.660499095916748,-0.020492100156843662
-0.20345449447631836,3.694438934326172
1.804816722869873,5.158054828643799
2.578258514404297,5.411374568939209
-1.643538475036621,2.4823427200317383
3.621983528137207,4.304349422454834
6.615209579467773,5.41149377822876
4.500722885131836,5.212855339050293
1.7302989959716797,4.569363594055176
1.477956771850586,4.401099681854248
-0.31206609681248665,0.7522106170654297
-5.257987976074219,0.2781867980957031
-3.4958600997924805,-1.0567306727170944
0.3088236041367054,-1.044905185699463
-1.2554287910461426,0.061595398001372814
-1.4242768287658691,-6.036579608917236
-1.0546206682920456,-2.809751033782959
-3.811466693878174,-2.0785093307495117
-4.522693157196045,-1.9954562187194824
-3.5085678100585938,-0.5519270896911621
-3.7674665451049805,0.2031446062028408
-0.273442305624485,-0.09405610151588917
1.897883415222168,2.0812392234802246
0.39508339017629623,3.006625175476074
-1.7526030540466309,5.072891712188721
0.775909423828125,5.829906463623047
-2.2145509719848633,3.7202954292297363
1.2134075164794922,0.33741001039743423
4.757702350616455,4.330718517303467
6.858265399932861,6.2609076499938965
3.752005100250244,0.396728515625
-2.3892641067504883,0.6009579077363014
-4.766488075256348,-4.5920491218566895
-3.9487123489379883,-4.152524471282959
-7.516908645629883,-2.5054931640625
-0.8704662322998047,-3.5029172897338867
2.5986194610595703,-2.4454355239868164
-1.172196865081787,-6.921195983886719
-4.603219032287598,-6.96101188659668
-1.4435052871704102,-5.203127861022949
-3.244328498840332,-0.7228255271911621
-5.037236213684082,-1.602637767791748
0.9965897351503372,-1.5364885330200195
5.780172348022461,-2.8746843338012695
1.6946911811828613,-1.6207575798034668
2.131175994873047,-0.15072819776833057
0.3745437040925026,1.7592549324035645
-0.2847195044159889,3.7233591079711914
-2.0291686058044434,1.2148857116699219
0.40367841720581055,-2.17897891998291
7.430744171142578,-1.0442019253969193
7.320606708526611,1.8757820129394531
6.937456130981445,-0.0037908999365754426
1.51902437210083,0.10962489992380142
-2.9292941093444824,-2.9488205909729004
-2.6680350303649902,-3.4612059593200684
-0.7985830307006836,0.32057758420705795
0.5268334969878197,0.958859920501709
-0.6186128035187721,1.2247800827026367
0.41091438382864,0.40291551500558853
-4.226851463317871,0.11017319746315479
-7.2304368019104,0.9840012341737747
-1.2488483637571335,3.992152214050293
-0.44002529233694077,3.0849099159240723
-3.354620933532715,2.486574649810791
-3.378760814666748,1.2706995010375977
0.852823331952095,-0.6815671920776367
-1.9618749618530273,-0.12011529877781868
-3.930532932281494,-0.03705020062625408
3.984344005584717,0.9143949300050735
7.852721214294434,-2.5142788887023926
1.7059922218322754,-5.758559703826904
-2.4167537689208984,-6.039750576019287
4.665553569793701,-6.902062892913818
-0.4020094871520996,-2.015364170074463
-7.71099328994751,-4.176366329193115
-0.2845167927443981,-7.738792896270752
6.042003631591797,-8.410155773162842
-2.799224853515625,-7.617473602294922
-3.486192226409912,-7.858431339263916
0.05067590158432722,-6.171631813049316
-9.666275978088379,-6.93206787109375
-11.958134174346924,-12.353503704071045
-3.782510757446289,-7.023870944976807
-2.2086024284362793,-5.1151275634765625
-3.5503745079040527,-1.7073273658752441
-1.5267729759216309,0.628972128033638
-7.967376708984375,1.2253761291503906
-5.894219875335693,1.7409205436706543
1.6149401664733887,6.37897253036499
3.882777690887451,8.524608612060547
11.985278129577637,10.987615585327148
12.167859077453613,11.481249332427979
8.533227443695068,9.260916709899902
1.9811272621154785,9.736204147338867
4.103195667266846,14.750421047210693
3.676891326904297,9.331786632537842
7.295060157775879,12.197554111480713
9.313738346099854,9.652400016784668
8.630585670471191,1.1706829071044922
0.13788940384984016,4.809737205505371
-2.279806137084961,3.0931472778320312
-5.23684024810791,-0.2981423959136009
-1.58233642578125,0.08971690200269222
-2.0466208457946777,-6.62919282913208
0.543522797524929,-7.965958118438721
1.7453670501708984,-7.895052433013916
-1.7198920249938965,-9.964776039123535
-9.572112560272217,-8.048081398010254
-8.672332763671875,-7.9947590827941895
-5.464565753936768,-7.426941394805908
1.2885689735412598,-5.620598793029785
2.0941734313964844,-4.643833637237549
2.570176124572754,-0.5846261978149414
-1.738893985748291,-0.6866455078125
-8.347296714782715,2.3922204971313477
-7.069575786590576,4.334068298339844
-0.10071990080177784,9.625446796417236
3.6526918411254883,9.677767753601074
6.788575649261475,9.213948249816895
3.413403034210205,8.58166217803955
-0.18230680376291275,7.675886154174805
-3.4429192543029785,9.203970432281494
0.156021099537611,10.152149200439453
3.1013131141662598,7.384085655212402
11.424016952514648,7.488620281219482
11.918377876281738,5.5023193359375
7.465815544128418,-1.3094544410705566
4.264414310455322,3.007662296295166
-3.236103057861328,-3.529787063598633
-3.7508130073547363,0.22083520889282227
1.103067398071289,-1.8869519233703613
6.155812740325928,-4.924190044403076
4.045760631561279,-5.623781681060791
2.1207571029663086,-8.282637596130371
-1.4787912368774414,-8.558154106140137
-7.185173034667969,-6.784701347351074
-9.213411808013916,-6.690263748168945
-2.4477481842041016,-2.8000950813293457
3.468775749206543,-3.0911803245544434
1.254105567932129,-4.791462421417236
0.9685993194580078,-2.9149889945983887
-0.49027200788259506,-4.928898811340332
-6.891143321990967,-2.4886012077331543
-7.121121883392334,0.1900314912199974
1.6326546669006348,-0.08505580015480518
0.845789909362793,-4.18621301651001
-4.686999320983887,-0.6201506033539772
2.497720718383789,-2.2515177726745605
-1.1787056922912598,-0.7487654685974121
-9.107458591461182,1.7586350440979004
-0.974571704864502,1.9217848777770996
0.9784697741270065,0.6027460098266602
-0.30983690172433853,5.7607293128967285
5.1569342613220215,1.8932461738586426
8.236432075500488,2.554333209991455
-0.29137130826711655,3.0106306076049805
-1.0967134684324265,1.2737035751342773
2.468550205230713,4.440009593963623
-2.220034599304199,3.2143235206604004
-0.17600059509277344,3.7047386169433594
4.986679553985596,3.358006477355957
3.112304210662842,2.4760961532592773
-5.355465412139893,1.166546270251274
-4.908740520477295,-5.019187927246094
-5.1662445068359375,-4.33114767074585
-8.889508247375488,-6.260550022125244
-4.132425785064697,-4.875755310058594
-1.792919635772705,-7.559061050415039
-5.121004581451416,-8.658576011657715
-3.6130428314208984,-10.003495216369629
-1.6471385955810547,-10.76420545578003
-2.7449965476989746,-8.136379718780518
-2.3278355598449707,-7.0534586906433105
3.687560558319092,-7.198512554168701
-0.39750341325998306,2.245509624481201
-2.6454925537109375,-0.023460399825125933
7.348263263702393,6.746113300323486
6.451845169067383,6.302380561828613
2.657008171081543,5.691659450531006
0.7350564002990723,11.995768547058105
5.252015590667725,12.209534645080566
-1.0621309280395508,8.23054313659668
-4.742169380187988,8.59079360961914
3.1615614891052246,10.650527477264404
5.181765556335449,9.28027629852295
2.0746231079101562,6.811058521270752
-1.020824909210205,2.236783504486084
-2.1798133850097656,-4.2201995849609375
-2.0178914070129395,-3.8015365600585938
-7.272398471832275,-2.781033515930176
-3.7229418754577637,-4.7721266746521
5.5687665939331055,-4.589319229125977
1.1934400349855423,-10.271799564361572
-2.962493896484375,-11.144042015075684
0.5926370993256569,-10.005390644073486
-2.3448944091796875,-7.600462436676025
-6.092441082000732,-6.485307216644287
-0.6996511667966843,-1.6931414604187012
11.65844202041626,-3.3460140228271484
7.827639579772949,-0.3789066895842552
-0.017666800413280725,-0.4071832075715065
1.3410449028015137,5.112135410308838
-2.097022533416748,7.552015781402588
-7.559692859649658,4.150211811065674
-5.766892433166504,7.018542289733887
5.005359649658203,8.096480369567871
3.5645127296447754,4.437100887298584
-6.8767547607421875,4.347097873687744
-3.893721103668213,-3.4534692764282227
-4.040277004241943,-3.9447665214538574
-9.940123558044434,-0.42767520993947983
-3.0974626541137695,-4.020678997039795
6.22638463973999,-4.900026321411133
1.4445900917053223,-3.2276511192321777
0.7429242134094238,-7.421588897705078
1.7911672592163086,-3.5626769065856934
-1.771998405456543,0.961613729596138
-0.2909063920378685,0.33762451261281967
6.350886821746826,0.39458271116018295
5.617976188659668,4.188930988311768
7.854509353637695,2.386486530303955
7.13043212890625,6.635034084320068
3.2706499099731445,9.596538543701172
2.752077579498291,8.006393909454346
2.8876662254333496,7.479703426361084
1.8746256828308105,3.031182289123535
1.5039563179016113,4.320681095123291
1.1368393898010254,6.952500343322754
-1.5953421592712402,4.148399829864502
-4.5003533363342285,1.0304809361696243
-5.660295486450195,-4.191124439239502
-3.252863883972168,-4.112565517425537
-1.4067411422729492,-3.1463146209716797
1.0812044143676758,-1.8362641334533691
2.111387252807617,-2.06831693649292
2.276277542114258,-2.9939651489257812
3.067314624786377,-4.688596725463867
6.381630897521973,-1.76314115524292
6.639885902404785,0.0062584999250248075
7.664811611175537,2.4483203887939453
6.242847442626953,6.322503089904785
3.6185383796691895,3.324902057647705
3.205227851867676,4.2449235916137695
1.7079472541809082,7.031798362731934
1.8345952033996582,6.347000598907471
-0.6860613822937012,6.589031219482422
-3.5221219062805176,4.536128044128418
-4.3605804443359375,2.661621570587158
-6.89539909362793,2.876579761505127
-4.745674133300781,0.3186821937561035
-5.025649070739746,4.003310203552246
-8.538210391998291,0.9267448633909225
-5.72890043258667,-3.215456008911133
-6.819629669189453,-4.078948497772217
-6.427788734436035,-1.592707633972168
-1.9619941711425781,0.6193161010742188
1.5956640243530273,2.0470499992370605
-0.9056925773620605,1.497030258178711
-0.2605915069580078,-1.9277572631835938
1.742231845855713,-0.6043552979826927
2.594435214996338,3.056156635284424
1.2671351432800293,0.5132437124848366
6.7504048347473145,0.9821534156799316
6.338024139404297,-0.735175609588623
6.081628799438477,-6.133830547332764
0.7831692695617676,-1.4125466346740723
0.13804440386593342,-0.36219358444213867
-2.149367332458496,-0.8964657783508301
-4.113280773162842,-1.175546571612358
-3.6255359649658203,-6.610703468322754
2.8797388076782227,-8.593642711639404
-2.314305305480957,-4.076015949249268
-3.6567211151123047,-3.600585460662842
-6.781184673309326,-2.1991491317749023
-9.709572792053223,-3.3966660499572754
-8.653223514556885,-2.042055130004883
-1.5898466110229492,-3.3311963081359863
1.7412662506103516,-0.6941080093383789
1.8019676208496094,1.1779546737670898
-0.6185055151581764,1.2448667734861374
2.09500789642334,1.7720699310302734
-1.0321497917175293,2.1848082542419434
1.4610648155212402,3.174114227294922
3.3287763595581055,0.0954269990324974
6.958973407745361,2.984130382537842
3.494906425476074,2.657294273376465
3.773486614227295,-1.7856955528259277
8.642089366912842,-0.7700561732053757
7.170510292053223,-4.458355903625488
3.245115280151367,-4.867088794708252
3.585219383239746,2.8271079063415527
-0.1928568072617054,-3.923773765563965
-7.244622707366943,-3.2700419425964355
-5.627882480621338,-2.1205782890319824
-0.004220000118948519,-2.1680593490600586
-1.5503525733947754,-0.6331682205200195
-7.421875,-0.36717649549245834
-6.449496746063232,0.6170034036040306
-5.11937141418457,1.4876604080200195
-9.177923202514648,4.736757278442383
-5.223536491394043,3.044259548187256
2.6800036430358887,0.12812609784305096
4.206633567810059,1.7136096954345703
0.8121848106384277,-1.7956733703613281
1.3892173767089844,-1.0413765907287598
0.9439588338136673,-1.1612892150878906
-2.4695634841918945,-4.123437404632568
-1.1826276779174805,-6.1279296875
6.746852397918701,-5.50466775894165
10.275626182556152,-7.878220081329346
5.517876148223877,-10.325956344604492
1.9563555717468262,-8.291065692901611
-2.0580649375915527,-5.760049819946289
-4.157626628875732,-8.536338806152344
-7.399582862854004,-9.578871726989746
-3.202521800994873,-10.409879684448242
-0.6130098924040794,-7.477104663848877
-0.4260540008544922,-6.643033027648926
-10.85115671157837,-2.830171585083008
-8.923077583312988,-2.2797465324401855
-6.164205074310303,-1.658773422241211
-7.361853122711182,2.7104735374450684
-1.4878153800964355,7.473695278167725
12.609684467315674,10.795211791992188
6.744241714477539,9.105885028839111
1.6700983047485352,8.549797534942627
5.257773399353027,9.87541675567627
5.413568019866943,11.404788494110107
-0.38222070783376694,10.702860355377197
5.220615863800049,10.209012031555176
13.673651218414307,6.898486614227295
9.65505838394165,4.192709922790527
3.843557834625244,4.2688727378845215
5.63664436340332,2.681136131286621
1.587843894958496,3.2712221145629883
-7.39750862121582,0.7026433944702148
-3.0687808990478516,-3.776216506958008
2.2052407264709473,-2.841341495513916
2.3981213569641113,-5.42222261428833
-2.442324161529541,-2.8078794479370117
-3.012967109680176,-2.6543617248535156
-3.2979369163513184,-6.392109394073486
-7.758140563964844,-7.571053504943848
-8.183181285858154,-5.305421352386475
0.18993619829416275,0.7538676261901855
3.7121176719665527,-0.1558899972587824
-2.8986573219299316,0.4589081183075905
-5.430710315704346,0.7547497749328613
-1.0186194628477097,-2.8275251388549805
-6.886541843414307,4.620838165283203
-5.899298191070557,7.375979423522949
4.156100749969482,6.4929962158203125
6.862175464630127,7.249259948730469
1.7580509185791016,5.086040496826172
2.004420757293701,4.067623615264893
2.5000810623168945,9.003305435180664
1.501011848449707,6.428003311157227
-1.7540216445922852,2.9137015342712402
7.221853733062744,2.5844216346740723
9.622442722320557,1.2296438217163086
6.52918815612793,2.0736336708068848
2.127504348754883,2.714681625366211
4.547977447509766,-1.3790130615234375
1.9643306732177734,-2.3148536682128906
-1.2850403785705566,-3.144669532775879
3.805053234100342,-6.4757585525512695
4.471027851104736,-2.4203896522521973
-1.074826717376709,-4.556584358215332
-1.2629032135009766,-8.012843132019043
-2.6485443115234375,-9.847855567932129
-5.872142314910889,-7.235097885131836
-3.3553123474121094,-6.454825401306152
-0.21092889830470085,-2.900421619415283
-3.719449043273926,-1.2722253799438477
-2.1445393562316895,-1.8636703491210938
0.5693554878234863,-3.261244297027588
-1.6596317291259766,-2.2875547409057617
-2.8046131134033203,-0.7436156272888184
0.7174491882324219,-1.3830065727233887
-1.6968846321105957,-3.645789623260498
-6.936788558959961,-4.774188995361328
-1.675736904144287,-6.083738803863525
2.3186326026916504,-1.9232988357543945
-0.9746670722961426,-0.9451746940612793
2.482736110687256,-2.0414233207702637
0.3493190184235573,-0.5336881056427956
-2.32236385345459,0.471651591360569
-3.3745408058166504,0.7682204246520996
1.5206098556518555,5.225038528442383
1.3354063034057617,6.803023815155029
7.4814677238464355,0.23983720690011978
9.74346399307251,1.673567295074463
-2.5812506675720215,0.8921504020690918
-4.6608805656433105,4.917240142822266
-5.401253700256348,10.95656156539917
-7.119011878967285,4.9684882164001465
0.025963799562305212,2.848660945892334
12.001371383666992,1.5266060829162598
5.75178861618042,-1.2401223182678223
0.9167910367250443,-0.5117655172944069
-11.296272277832031,0.17323490232229233
-14.193308353424072,-3.798997402191162
-13.938724994659424,-4.371130466461182
-4.426896572113037,-10.669100284576416
8.521318435668945,-6.241941452026367
13.42623233795166,-7.356750965118408
4.011702537536621,-9.198689460754395
-2.0015597343444824,-12.581121921539307
-10.376536846160889,-11.821413040161133
-11.61423921585083,-2.2802233695983887
-9.34220552444458,0.9355782717466354
9.369039535522461,8.661055564880371
11.15647554397583,5.147850513458252
14.519655704498291,3.0678153038024902
1.7693638801574707,5.26043176651001
-1.240229606628418,12.355983257293701
-5.704796314239502,15.808272361755371
-9.444749355316162,13.898491859436035
-4.6401143074035645,9.319901466369629
11.110115051269531,5.887973308563232
12.965559959411621,5.2153825759887695
6.024014949798584,9.702718257904053
1.1911510676145554,2.415943145751953
-1.7951130867004395,-0.11527540162205696
-12.101519107818604,-4.778194427490234
-6.106007099151611,-7.613325119018555
3.5812973976135254,-7.7301859855651855
4.416382312774658,-6.951320171356201
-0.5619167909026146,-9.102511405944824
-0.7114291191101074,-11.699116230010986
-5.129432678222656,-15.356481075286865
-7.054007053375244,-13.480031490325928
-1.313483715057373,-6.047320365905762
7.225310802459717,-6.162059307098389
8.358144760131836,-2.906489372253418
1.5706539154052734,-3.1577467918395996
0.9548305720090866,-3.535306453704834
-1.4905452728271484,3.242182731628418
-3.5011887550354004,9.355831146240234
-4.382288455963135,10.364603996276855
0.6805896759033203,9.015393257141113
0.5536913871765137,4.928338527679443
-0.46770568937063217,2.807033061981201
-3.144705295562744,5.833470821380615
-3.7461400032043457,7.862365245819092
-5.934107303619385,6.379437446594238
-11.243772506713867,1.7116785049438477
-4.597735404968262,-4.172849655151367
3.678154945373535,-5.558586120605469
1.549994945526123,-7.209038734436035
3.0654191970825195,-3.59189510345459
4.286134243011475,-2.6893019676208496
1.4140725135803223,-2.997922897338867
-1.1423707008361816,-4.732298851013184
4.230141639709473,-4.6009063720703125
15.366613864898682,0.06970169954001904
9.659016132354736,2.574479579925537
8.01236629486084,2.8919339179992676
7.429242134094238,2.5262951850891113
0.6826519966125488,2.921760082244873
-2.6621103286743164,3.603208065032959
-1.0067939758300781,8.172047138214111
2.123284339904785,7.764017581939697
-0.027418099343776703,6.363117694854736
-2.614772319793701,0.16540290787816048
-5.16812801361084,2.7444958686828613
-7.409501075744629,2.6935338973999023
-5.930149555206299,4.7544121742248535
-8.485734462738037,-0.20481349900364876
2.416372299194336,-4.9254655838012695
6.354987621307373,-3.7613272666931152
6.097781658172607,-4.786491394042969
6.244254112243652,-1.0026813298463821
3.267037868499756,1.9126415252685547
-0.8858203887939453,0.18960239365696907
4.107916355133057,-1.9823908805847168
8.259928226470947,-0.39833780378103256
9.448325634002686,3.16925048828125
8.607423305511475,4.532170295715332
9.345638751983643,5.394566059112549
1.6405105590820312,-1.8947958946228027
-5.419564247131348,-0.9167194366455078
-3.0874013900756836,3.181004524230957
-2.7030229568481445,2.995014190673828
-5.5259108543396,2.6276469230651855
-2.2757411003112793,-1.297008991241455
2.3542046546936035,-4.905426502227783
-5.529141426086426,-3.319418430328369
-6.591677665710449,-0.22461410611867905
-3.4496665000915527,1.2784838676452637
-6.367230415344238,-0.8484364300966263
-8.834409713745117,-5.079054832458496
-0.970768928527832,-5.864250659942627
3.934001922607422,-0.280988197773695
1.987135410308838,4.633951187133789
0.7106900215148926,1.9884228706359863
1.7385482788085938,0.6628633290529251
3.280460834503174,-2.9294490814208984
1.2696027755737305,-2.04160213470459
-0.3089546971023083,0.668644905090332
4.219293594360352,6.305694580078125
2.101445198059082,3.8229823112487793
-2.4797797203063965,-4.270339012145996
-0.9702085703611374,-1.9922971725463867
3.507983684539795,-1.0254622250795364
4.616212844848633,-0.6960034370422363
-1.7508625984191895,6.867396831512451
-2.696514129638672,-0.3327846899628639
-0.38455720990896225,-3.2225489616394043
-6.281721591949463,-1.4405369758605957
-5.89371919631958,-1.2723565101623535
-1.1502385139465332,2.7275800704956055
-1.877915859222412,3.0074238777160645
-6.228625774383545,-0.5958795920014381
-4.599905014038086,-3.5097837448120117
2.960360050201416,1.7250537872314453
1.0292291641235352,1.2673497200012207
-1.2026072293519974,2.9773592948913574
0.7884026318788528,3.784453868865967
1.426994800567627,-2.168869972229004
1.6351938247680664,-3.0357837677001953
3.056013584136963,1.3216614723205566
8.906745910644531,-0.3247261047363281
9.8982572555542,1.9417285919189453
0.8592606335878372,-1.1809468269348145
-0.27537349611520767,-5.13840913772583
2.2128939628601074,-2.0763397216796875
-3.520476818084717,0.17371179535984993
-2.2353649139404297,0.8560776710510254
2.751779556274414,2.7576208114624023
-0.2788067050278187,-1.7303705215454102
-6.314992904663086,-1.1835694313049316
-3.702080249786377,1.0388494282960892
-2.3136496543884277,5.003833770751953
-8.298063278198242,2.5659561157226562
-4.859519004821777,3.048872947692871
-2.858293056488037,-2.454257011413574
-2.5072693824768066,-2.803981304168701
-4.39295768737793,2.131927013397217
0.8404015749692917,-0.8130431175231934
1.1045336723327637,-1.115274429321289
1.5500903129577637,-3.788924217224121
5.077075958251953,-8.967030048370361
5.471038818359375,-7.510173320770264
1.388990879058838,-3.251028060913086
-0.07857079617679119,-7.755148410797119
1.619565486907959,-6.947040557861328
-1.7814278602600098,-10.105407238006592
0.7084845751523972,-13.781297206878662
4.676318168640137,-11.968481540679932
-1.1485099792480469,-9.15975570678711
-8.483076095581055,-12.502825260162354
-9.695994853973389,-8.649277687072754
-6.480860710144043,-11.639916896820068
-5.24517297744751,-8.098018169403076
-2.1743416786193848,-4.447638988494873
6.441843509674072,0.3514767065644264
4.980111122131348,-0.6813765317201614
-4.1335225105285645,3.347468376159668
1.3083457946777344,4.152071475982666
7.86898136138916,6.989037990570068
3.253936767578125,12.870478630065918
10.622596740722656,12.038838863372803
14.85522985458374,8.780181407928467
2.8931140899658203,6.958150863647461
0.7409573346376419,7.581281661987305
5.856752395629883,11.034762859344482
-0.9196639060974121,10.47443151473999
-2.1499991416931152,7.852160930633545
3.229236602783203,3.279542922973633
1.9403576850891113,2.8978824615478516
-4.773294925689697,4.366183280944824
-0.1704574003815651,0.2822517976164818
-5.477750301361084,1.7329216003417969
-5.637848377227783,-3.9094090461730957
0.8916378021240234,-7.258319854736328
-2.2948503494262695,-7.828009128570557
-2.6235580444335938,-5.134224891662598
1.2228847295045853,-4.969799518585205
-3.4153342247009277,-3.326106071472168
-3.0190467834472656,-3.624558448791504
2.8467655181884766,-6.238985061645508
4.912328720092773,-0.1414657011628151
4.414010047912598,2.1866798400878906
1.107311174273491,2.975761890411377
-3.236210346221924,8.465564250946045
0.4195452108979225,2.9199600219726562
-0.7886291295289993,5.940699577331543
-1.2812018394470215,12.944209575653076
3.9589285850524902,8.915865421295166
3.0945539474487305,7.051718235015869
-4.328775405883789,5.991780757904053
-0.3173946961760521,5.1717400550842285
5.423891544342041,5.861997604370117
5.110931396484375,9.055566787719727
4.841399192810059,4.099929332733154
6.29727840423584,5.124115943908691
6.914961338043213,2.6098012924194336
1.1290431022644043,-4.010319709777832
2.615821361541748,-0.8466125279664993
4.677689075469971,-3.447866439819336
3.622293472290039,-4.465043544769287
-0.3072381019592285,-6.075596809387207
-0.38802620023489,-6.211590766906738
1.1197329312562943,-6.722307205200195
-2.830624580383301,-7.009148597717285
-7.6519012451171875,-2.1766304969787598
0.7521749287843704,-7.793152332305908
-1.682746410369873,-7.558119297027588
-7.104671001434326,-0.6824017316102982
-0.7639408111572266,0.7947325706481934
0.2593993954360485,4.006373882293701
-10.391831398010254,4.050660133361816
-5.483365058898926,-1.3293862342834473
1.9356608390808105,-1.7568349838256836
-2.267944812774658,0.3944993019104004
-0.6031036004424095,-2.2374987602233887
1.3664484024047852,-1.0081291198730469
-5.19871711730957,-2.0611047744750977
-5.169641971588135,-5.607354640960693
1.2554049491882324,-6.657052040100098
-0.6205081939697266,-3.9231061935424805
5.298256874084473,-6.909012794494629
3.8701295852661133,-3.972148895263672
-0.8365988731384277,-3.5045266151428223
2.1646738052368164,-3.3489227294921875
0.9941577911376953,0.05742310080677271
-1.8956780433654785,0.4735827073454857
5.255758762359619,1.654517650604248
7.297360897064209,2.420985698699951
4.415702819824219,0.7023096084594727
3.0414342880249023,0.2366900071501732
4.458856582641602,2.121877670288086
-1.1472225189208984,7.353663444519043
-3.077089786529541,6.206238269805908
-3.009915351867676,2.950906753540039
-0.2793312072753906,-0.40532350540161133
-3.990352153778076,-4.082274436950684
-5.377435684204102,-6.060826778411865
-5.680215358734131,-4.298162460327148
-5.6809186935424805,-9.324944019317627
-13.659191131591797,-11.736845970153809
-12.203621864318848,-5.186152458190918
-10.919749736785889,-4.992532730102539
-3.982973098754883,-4.490351676940918
-5.394601821899414,-0.922846794128418
0.7906556129455566,-2.7840495109558105
7.154643535614014,0.577855110168457
7.7629923820495605,5.460608005523682
1.5227198600769043,6.372976303100586
6.434690952301025,9.937870502471924
5.811607837677002,12.806904315948486
8.906888961791992,8.051931858062744
14.915478229522705,8.111572265625
15.099310874938965,8.71586799621582
5.382585525512695,5.640518665313721
3.918766975402832,8.43205451965332
-2.996826171875,8.093595504760742
-2.622663974761963,1.2388229370117188
-1.7847061157226562,0.7778525352478027
-1.0265707969665527,-0.889134407043457
-4.590713977813721,-3.1757354736328125
-5.783569812774658,-3.736746311187744
-12.158310413360596,-8.267903327941895
-10.834002494812012,-8.915746212005615
-8.17110538482666,-7.947957515716553
-2.7814388275146484,-7.386434078216553
1.1543869972229004,-6.069207191467285
1.4700889587402344,-8.11082124710083
4.588258266448975,-7.609224319458008
4.168200492858887,-3.9859414100646973
2.80379056930542,-0.7053018361330032
4.581296443939209,1.449728012084961
5.187225341796875,0.5774021148681641
2.500152587890625,0.8051276206970215
0.2688766084611416,3.588569164276123
3.726065158843994,7.0975661277771
0.33925771713256836,8.528327941894531
-3.4702658653259277,5.835878849029541
-1.4705657958984375,3.9005517959594727
-0.23142099380493164,-0.9275556355714798
-4.83548641204834,0.33876899629831314
-2.052450180053711,1.6325592994689941
-1.0774611681699753,1.6841530799865723
-4.597151279449463,2.0248055458068848
-3.0460119247436523,-1.249837875366211
1.8698692321777344,-3.5006046295166016
0.8688449859619141,-4.440701007843018
2.454233169555664,2.2613167762756348
6.947970390319824,3.173065185546875
3.316211700439453,2.0166516304016113
0.4765510931611061,-0.5705953016877174
6.614041328430176,-0.8126974105834961
5.959451198577881,4.546165466308594
1.7931342124938965,7.493424415588379
5.337667465209961,6.007111072540283
2.585172653198242,3.7343978881835938
-6.8817973136901855,3.7379026412963867
-3.2926440238952637,5.019164085388184
1.916646957397461,6.644105911254883
-2.6144862174987793,5.248737335205078
-2.4482250213623047,2.351653575897217
6.662154197692871,1.6444921493530273
2.7322888374328613,-0.6707310676574707
0.1904010958969593,-0.35216808319091797
7.121527194976807,-0.02404449973255396
5.179011821746826,-1.1396169662475586
1.1528850346803665,-3.04490327835083
6.317436695098877,-3.368520736694336
3.043854236602783,-3.879368305206299
-2.4797439575195312,-0.3731847181916237
2.7060508728027344,-0.3388642892241478
4.367721080780029,-1.7546296119689941
-3.3766865730285645,-1.422441005706787
-2.366483211517334,1.4527678489685059
-2.8525471687316895,1.2148261070251465
-7.607054710388184,4.787802696228027
-8.68903398513794,0.21452900022268295
-3.238511085510254,0.8474469184875488
-2.1581172943115234,1.218581199645996
2.3526430130004883,2.3349881172180176
3.8436174392700195,3.7437796592712402
-0.2659321017563343,2.790522575378418
-1.3236761093139648,1.5219330787658691
-1.071012020111084,1.5505075454711914
-2.1382570266723633,1.9478678703308105
1.0831593722105026,2.5161027908325195
1.8489718437194824,0.8681417256593704
-0.5439997091889381,2.590000629425049
-2.009415626525879,-0.15915630385279655
-0.4230380058288574,0.42847391217947006
-0.2860545925796032,-1.7349958419799805
-1.6059160232543945,-1.5309691429138184
-0.31282901763916016,-2.7941226959228516
0.76156847178936,-3.8550496101379395
-4.777979850769043,-4.3937087059021
-2.4160385131835938,-3.6622166633605957
2.4981021881103516,-3.076958656311035
1.7942070960998535,-6.4737677574157715
0.8938313275575638,-7.1823954582214355
-0.017523800488561392,-3.955721855163574
1.1647701263427734,-8.283746242523193
-4.568910598754883,-2.1661758422851562
-5.590951442718506,-4.685389995574951
-0.4616260901093483,-2.4970650672912598
1.4209747314453125,-2.2321224212646484
-1.0309935361146927,-0.7348061352968216
4.768574237823486,-1.3035297393798828
2.9947400093078613,-0.11798139661550522
-5.376005172729492,1.3889670372009277
-3.134739398956299,3.971076011657715
-0.5841850861907005,3.838932514190674
-2.936422824859619,4.1651129722595215
4.436230659484863,2.866804599761963
11.808919906616211,2.262258529663086
5.120992660522461,6.029248237609863
4.223620891571045,2.14616060256958
3.1061649322509766,1.4024138450622559
-0.652921199798584,0.971674919128418
3.014075756072998,1.9083619117736816
4.934287071228027,-0.65597303211689
2.9008865356445312,1.2123703956604004
-1.4181256294250488,-1.1742234230041504
-3.7444233894348145,0.9403228759765625
-6.054389476776123,2.7778267860412598
-5.1197052001953125,-1.9065022468566895
-7.288610935211182,2.412569522857666
-3.649020195007324,2.406489849090576
-2.6636362075805664,-1.7835617065429688
-4.988574981689453,1.6425251960754395
-9.16658639907837,0.7384657859802246
-3.8642525672912598,-1.5464425086975098
-4.629909992218018,2.8722405433654785
-4.5754313468933105,-3.7790298461914062
6.034791469573975,-6.24319314956665
8.882975578308105,-4.136645793914795
1.9451618194580078,-8.470892906188965
5.631911754608154,-4.377031326293945
4.752922058105469,-4.093527793884277
-2.1662116050720215,-8.10164213180542
1.0080218315124512,-9.157896041870117
6.420397758483887,-9.20097827911377
0.4382609948515892,-8.614754676818848
-2.0987510681152344,-9.466779232025146
-5.8348774909973145,-9.010875225067139
-8.232271671295166,-11.169159412384033
-8.005356788635254,-7.251107692718506
-7.545340061187744,-2.5632858276367188
-4.31361198425293,-1.2005209922790527
-3.3954501152038574,0.8073688298463821
-4.557394981384277,0.11701580137014389
-4.195857048034668,2.2847890853881836
0.6135940924286842,5.179989337921143
4.158413410186768,9.94253158569336
4.537665843963623,10.113179683685303
10.190391540527344,12.485969066619873
11.24030351638794,6.623554229736328
6.725621223449707,5.4647088050842285
7.372629642486572,6.2705159187316895
8.121633529663086,8.702802658081055
3.621065616607666,10.238969326019287
4.957985877990723,8.77000093460083
4.549837112426758,2.8438448905944824
3.467249870300293,-1.1529921740293503
-1.913893222808838,-0.01678470056504011
0.5320907011628151,2.686929702758789
1.9954919815063477,-1.4700055122375488
-1.3476848602294922,-3.3124208450317383
-4.135000705718994,-8.323967456817627
-2.417266368865967,-5.948531627655029
-4.5257568359375,-1.8815398216247559
-8.136296272277832,-4.283499717712402
-3.745543956756592,-5.0518035888671875
-0.31207799911499023,-6.018710136413574
-4.336392879486084,-5.289101600646973
-2.236795425415039,-0.11684889905154705
-2.873051166534424,3.4934401512145996
-4.725909233093262,6.163954734802246
-6.866276264190674,3.210878372192383
6.413984298706055,2.9786109924316406
2.7709603309631348,4.837679862976074
-1.373124122619629,5.000543594360352
1.1558055877685547,7.0783257484436035
2.880561351776123,5.51607608795166
-7.2064995765686035,4.308438301086426
2.2470474243164062,6.801438331604004
14.396750926971436,7.173490524291992
8.891725540161133,6.922364234924316
9.153211116790771,7.885432243347168
10.442090034484863,4.380607604980469
2.547585964202881,2.9665708541870117
0.3634810075163841,4.880774021148682
4.807901382446289,2.6486754417419434
11.299669742584229,1.7770171165466309
4.202282428741455,1.481938362121582
0.7228612899780273,-8.004796504974365
-2.3904919624328613,-5.925238132476807
-6.066441535949707,-3.1418442726135254
-10.413098335266113,-6.513464450836182
-5.855274200439453,-4.774606227874756
-1.478588581085205,-5.64190149307251
-3.5423755645751953,-8.915114402770996
-6.0628533363342285,-4.35793399810791
-2.2637128829956055,-2.9937028884887695
-3.421163558959961,-1.224815770983696
-5.273091793060303,0.09419919922947884
-3.7642836570739746,-0.92788927257061
2.7545571327209473,-1.8698930740356445
3.7198901176452637,-1.3540387153625488
2.6188254356384277,-2.3555755615234375
0.7763863354921341,-3.0975699424743652
1.506948471069336,-2.553236484527588
-2.1778464317321777,-0.8128762245178223
-0.47316551208496094,-3.163909912109375
-0.06903409957885742,-2.214515209197998
3.898906707763672,-1.0077357292175293
2.357816696166992,-2.514803409576416
0.6464838981628418,-0.6580352783203125
-0.812995433807373,5.656158924102783
-1.7396807670593262,1.990962028503418
-4.214048385620117,6.119287014007568
-1.6722917556762695,4.819762706756592
-0.5289435014128685,3.819918632507324
-0.7490634918212891,6.311678886413574
-1.242053508758545,7.600653171539307
2.3657679557800293,1.1752129346132278
-3.749680519104004,0.9702681750059128
-3.6440610885620117,2.219259738922119
-3.3405423164367676,-0.2905726060271263
-5.154061317443848,0.4488348960876465
-4.477334022521973,-5.875051021575928
1.578843593597412,-12.40907907485962
0.33032890409231186,-11.706650257110596
-4.08933162689209,-12.899458408355713
-0.8003115653991699,-16.49874448776245
-4.146695137023926,-10.172700881958008
-12.649548053741455,-9.057080745697021
-3.734755516052246,-7.415294647216797
2.9357433319091797,-2.021312713623047
-1.399064064025879,1.8282651901245117
4.364919662475586,2.4526357650756836
9.701943397521973,9.059691429138184
0.7434844970703125,8.16049575805664
-2.5538086891174316,8.700168132781982
4.947519302368164,16.063988208770752
3.2636404037475586,14.323115348815918
8.024871349334717,12.393379211425781
11.665487289428711,9.930860996246338
3.2165050506591797,6.553995609283447
0.4135609045624733,5.206024646759033
-2.0396947860717773,5.142927169799805
-5.586028099060059,-0.22399429231882095
-1.843249797821045,-3.6219000816345215
1.6312599182128906,-7.706451416015625
-2.415609359741211,-8.74786376953125
-3.3339381217956543,-7.924413681030273
-3.7391304969787598,-8.741283416748047
-8.366155624389648,-14.781904220581055
-5.023813247680664,-13.14765214920044
0.14455320313572884,-8.412408828735352
2.7687788009643555,-5.310213565826416
3.8164615631103516,-2.039611339569092
1.0282278060913086,0.4889965057373047
1.390087604522705,-0.2829313091933727
-0.1775025948882103,2.9507994651794434
-2.9798507690429688,4.042983055114746
4.709899425506592,8.166205883026123
6.301867961883545,8.672809600830078
-0.18709899857640266,4.202008247375488
-1.2830376625061035,5.3325653076171875
-1.6365766525268555,3.6702632904052734
-5.245375633239746,2.664470672607422
-7.1469902992248535,4.983985424041748
-1.9796252250671387,-0.2663136087357998
1.0495662689208984,-4.3321967124938965
-2.0076990127563477,-5.301558971405029
-1.4232993125915527,-5.813050270080566
-0.9614825248718262,-2.110767364501953
-2.199876308441162,-1.6143441200256348
-3.2582759857177734,-2.0317435264587402
1.1983870714902878,-4.923105239868164
3.2199859619140625,-1.8455147743225098
3.769814968109131,5.76169490814209
8.085143566131592,6.5277814865112305
6.4682841300964355,12.199926376342773
6.303870677947998,9.094023704528809
4.689037799835205,6.66203498840332
-0.001251700014108792,9.896135330200195
0.6425738334655762,10.339868068695068
3.1474709510803223,9.350275993347168
-1.9857287406921387,7.003390789031982
-0.7542610168457031,4.717457294464111
2.5961756706237793,1.1517643928527832
1.5931367874145508,-0.6697536259889603
-2.8310060501098633,-3.030848503112793
0.18439289182424545,-1.0803818702697754
2.6767373085021973,-4.46542501449585
1.016557216644287,-5.177140235900879
3.4447789192199707,-9.457480907440186
5.861377716064453,-6.688487529754639
4.012131690979004,-3.337395191192627
0.5045413970947266,-4.083347320556641
-1.0083317756652832,-0.611567497253418
-1.57318115234375,-1.630556583404541
0.4920363053679466,2.044677734375
5.36273717880249,0.8803963661193848
1.4599084854125977,5.644428730010986
-0.28300290927290916,7.019376754760742
-2.1210551261901855,5.588352680206299
-10.917198657989502,5.245935916900635
-9.29950475692749,7.0960283279418945
0.9821414947509766,6.317353248596191
-2.0497918128967285,8.060956001281738
1.2678265571594238,4.784905910491943
6.042921543121338,2.3427486419677734
1.4623522758483887,1.1082649230957031
-6.492495536804199,-1.4735937118530273
-2.860736846923828,-0.13297799974679947
1.5709877014160156,1.3773083686828613
-3.4572482109069824,-0.2103566937148571
0.779116228222847,-3.808319568634033
3.8178205490112305,-5.255448818206787
-0.8953332901000977,-4.967701435089111
-4.38913106918335,-5.493319034576416
-2.741718292236328,-0.6786584854125977
-4.450595378875732,-3.5964012145996094
-6.3332438468933105,-5.778384208679199
-2.129948139190674,-4.1030049324035645
-0.37213560193777084,-3.9444804191589355
2.6076555252075195,-3.1557083129882812
3.262662887573242,-1.3202548027038574
1.375579833984375,-4.121923446655273
1.0253310203552246,-4.065573215484619
1.0073422640562057,-0.14461279846727848
-1.8110394477844238,-1.7748117446899414
-1.2439846992492676,2.565610408782959
1.413559913635254,0.5062342062592506
1.8867850303649902,0.02704859944060445
1.308763027191162,1.467132568359375
-0.9614706039428711,0.8848667144775391
-2.6117682456970215,2.7774691581726074
-1.5874147415161133,2.0453333854675293
-2.225494384765625,2.0037055015563965
0.8754252642393112,-0.8641719818115234
1.4413833618164062,-1.0914921760559082
-0.25888679549098015,0.9651660919189453
-0.7491707801818848,1.995706558227539
0.8649110794067383,0.8909224718809128
0.9169816970825195,0.5540252104401588
4.630684852600098,-2.1578431129455566
7.024657726287842,-3.066432476043701
6.6619038581848145,-2.5876283645629883
2.2084832191467285,-2.9562830924987793
-2.904033660888672,-1.9149422645568848
-5.49931526184082,-0.03755090059712529
-5.080556869506836,-0.7529616355895996
-1.0168076306581497,-3.7192225456237793
-0.13169050216674805,0.3387928009033203
-1.1933684349060059,-0.24688240140676498
-3.652036190032959,1.42974853515625
-7.230091094970703,2.1343111991882324
-9.58395004272461,1.5191078186035156
-3.2721638679504395,1.392531394958496
-1.6103744506835938,0.9892821311950684
-0.3288149833679199,0.22078750655055046
3.130674362182617,-1.558375358581543
1.8264532089233398,-1.4876604080200195
-1.4037489891052246,-5.098247528076172
-1.0603666305541992,-6.134474277496338
4.776144027709961,-3.4412026405334473
7.082915306091309,-5.23982048034668
6.260800361633301,-5.865740776062012
7.0740461349487305,-6.450891494750977
8.035552501678467,-9.303092956542969
-3.6924004554748535,-9.046363830566406
-6.62989616394043,-7.252252101898193
-0.563812293112278,-7.548868656158447
-5.811476707458496,-7.314205169677734
-12.457942962646484,-10.045361518859863
-1.7949581146240234,-5.439698696136475
-4.316043853759766,-2.6476502418518066
-13.054239749908447,0.024402099661529064
-6.823396682739258,0.08088350296020508
-4.771280288696289,2.657926082611084
-8.493387699127197,2.29647159576416
-0.12143850326538086,8.110404014587402
5.6735992431640625,8.431875705718994
5.544710159301758,10.748529434204102
9.854590892791748,8.484840393066406
12.23461627960205,6.823086738586426
6.999003887176514,5.750620365142822
7.093226909637451,8.001279830932617
10.83451509475708,8.92789363861084
8.322751522064209,4.697871208190918
6.202566623687744,6.200575828552246
6.258368492126465,3.3165574073791504
4.738914966583252,5.457496643066406
-1.1636018753051758,4.712200164794922
-1.0288596153259277,0.6569027900695801
-0.750434398651123,-1.678788661956787
-2.8710484504699707,-2.8321146965026855
-3.839421272277832,-2.6438236236572266
-4.977214336395264,-3.188467025756836
-5.482327938079834,-2.396523952484131
-6.160283088684082,-8.731365203857422
-7.451891899108887,-8.103132247924805
-4.416167736053467,-5.826377868652344
-2.7042627334594727,-1.9585967063903809
-5.843496322631836,0.4454969987273216
-7.565665245056152,0.6536006927490234
-0.5321979895234108,-0.4023313894867897
-2.1346211433410645,2.7969717979431152
2.5069832801818848,6.806957721710205
4.6239495277404785,7.992303371429443
4.995405673980713,8.420038223266602
-2.412855625152588,8.605873584747314
1.2487173080444336,6.908249855041504
2.0212531089782715,6.3669562339782715
3.036952018737793,7.548332214355469
8.146584033966064,6.354022026062012
14.031386375427246,2.349519729614258
6.26760721206665,2.5478243827819824
5.181241035461426,-2.3139238357543945
6.431102752685547,-2.75191068649292
5.502355098724365,-1.9852280616760254
2.5162220001220703,-4.349756240844727
6.983089447021484,-7.41955041885376
1.300954818725586,-6.856811046600342
-6.638431549072266,-11.15880012512207
-9.400570392608643,-6.5003156661987305
-5.037844181060791,-5.424940586090088
-6.2087297439575195,-5.765891075134277
-1.5839815139770508,-6.0793280601501465
0.7063149660825729,-1.7321586608886719
-2.331078052520752,-2.6462912559509277
-3.1151294708251953,2.012038230895996
-8.174371719360352,1.7390251159667969
-4.39450740814209,0.2712130919098854
0.5368233099579811,3.1074166297912598
3.8547396659851074,1.6595244407653809
7.0351243019104,-5.542969703674316
3.519749641418457,1.0895490646362305
-0.8170247077941895,-6.837320327758789
-1.566469669342041,-3.188955783843994
-0.5382419005036354,-5.07742166519165
0.6037116050720215,-7.48591423034668
3.422117233276367,-7.15174674987793
0.5507111921906471,-4.1330695152282715
-2.7338504791259766,-5.495059490203857
-3.7235260009765625,-3.7699460983276367
-8.649623394012451,-0.08003709837794304
-2.8065919876098633,2.0248055458068848
2.0156264305114746,2.90147066116333
0.13394360430538654,5.173218250274658
-0.26372669264674187,2.5206446647644043
-0.016629700548946857,6.261920928955078
-5.730724334716797,11.867427825927734
-1.4275670051574707,6.416261196136475
4.247581958770752,6.632471084594727
5.203425884246826,5.983388423919678
3.50189208984375,2.265501022338867
0.5850791931152344,1.504504680633545
-3.2593607902526855,-1.470494270324707
-5.887269973754883,-5.580604076385498
-5.552053451538086,-7.028687000274658
2.4315595626831055,-8.134722709655762
-1.9333124160766602,-16.350102424621582
-5.098247528076172,-13.78321647644043
-12.987053394317627,-9.349465370178223
-10.953021049499512,-9.19952392578125
-6.9489359855651855,-6.012356281280518
-6.54909610748291,-4.899561405181885
5.0733208656311035,-5.258941650390625
11.095166206359863,7.508206367492676
4.426169395446777,7.588589191436768
-0.295865498483181,8.916425704956055
5.993032455444336,14.37082290649414
5.28564453125,12.274277210235596
7.200312614440918,12.680196762084961
17.012572288513184,15.050983428955078
8.90204906463623,14.69888687133789
2.306652069091797,9.265673160552979
-2.419257164001465,10.238540172576904
0.18907789140939713,1.0025382041931152
2.368748188018799,-1.252138614654541
2.1813511848449707,0.12837650254368782
-0.5588769912719727,-6.141781806945801
-3.7483692169189453,-6.1248779296875
-11.393964290618896,-7.974827289581299
-15.182173252105713,-16.389942169189453
-8.280861377716064,-10.203957557678223
-2.339351177215576,-9.076035022735596
2.2734642028808594,-10.416316986083984
1.2728452682495117,-8.238446712493896
1.2124300003051758,-8.379673957824707
-0.8709549903869629,-7.425832748413086
-2.7782082557678223,3.2163619995117188
-1.7284512519836426,3.2804489135742188
6.905627250671387,2.5040745735168457
8.767998218536377,3.736591339111328
3.66060733795166,6.486964225769043
3.370356559753418,4.740595817565918
0.07473229896277189,11.76917552947998
-4.504132270812988,9.718620777130127
-5.981898307800293,6.07454776763916
-3.216671943664551,5.310523509979248
1.837611198425293,0.8036255836486816
1.1821985244750977,-2.997303009033203
0.4773139953613281,1.715087890625
-0.29181240126490593,-0.9412407875061035
-2.7521729469299316,-5.842006206512451
-2.266383171081543,-4.327082633972168
1.2213587760925293,-7.760059833526611
7.363545894622803,-8.723986148834229
5.834531784057617,-2.024054527282715
7.8255414962768555,-2.1456360816955566
5.315613746643066,-2.8209924697875977
1.5063881874084473,0.9017705917358398
2.260613441467285,1.8755674362182617
6.717514991760254,3.1965136528015137
1.372361183166504,8.136653900146484
-1.337873935699463,6.799483299255371
2.2851943969726562,6.100189685821533
-3.7015795707702637,8.53666067123413
-7.06712007522583,8.011472225189209
-1.6090631484985352,7.192468643188477
-0.49974918365478516,7.6134562492370605
-3.66365909576416,3.5598397254943848
0.9058833122253418,-1.5558838844299316
0.08945469744503498,-0.7494807243347168
0.4737377166748047,-2.9961347579956055
-0.17549989745020866,-2.8908610343933105
-0.009453300153836608,-3.6079764366149902
5.301475524902344,-9.89694595336914
5.528473854064941,-7.32351541519165
1.2256144732236862,-2.8482437133789062
4.182791709899902,0.5672096833586693
6.06837272644043,-0.6556869298219681
0.35355091094970703,0.030350699089467525
0.10795589536428452,-0.3829478845000267
6.960785388946533,3.1035304069519043
-1.0101079940795898,8.384406566619873
-6.833326816558838,6.719839572906494
-2.339792251586914,6.957650184631348
-2.647078037261963,4.08247709274292
-2.218186855316162,3.5067200660705566
2.6417970657348633,5.195462703704834
1.8113017082214355,7.530856132507324
-1.5177488327026367,1.0561347007751465
-2.9752373695373535,2.2676587104797363
-4.877054691314697,-1.8485784530639648
-2.4505257606506348,-5.126082897186279
2.6304125785827637,-1.6690731048583984
0.09874110110104084,-1.4943957328796387
-2.5858402252197266,-4.708540439605713
-3.0682921409606934,-3.285539150238037
-3.838932514190674,-4.120337963104248
-7.100164890289307,-6.106710433959961
-1.7859458923339844,0.8136987686157227
-0.2393483929336071,-0.9427189826965332
-2.2768259048461914,-6.33467435836792
-4.283404350280762,-1.2412785738706589
3.8892745971679688,-2.494692802429199
2.262234687805176,0.2256632037460804
-0.8290529251098633,3.781557083129883
1.479661464691162,-0.537252388894558
6.073260307312012,-2.297210693359375
-1.0157108306884766,-1.3188838958740234
1.814889907836914,-3.116118907928467
6.619203090667725,0.8454204350709915
0.2231479063630104,0.9165644645690918
-3.8924098014831543,0.950312614440918
1.1087536811828613,0.18994810059666634
-0.14261010102927685,-1.4763593673706055
-3.2427310943603516,0.8247256278991699
3.918147087097168,-0.7252811640501022
3.3113718032836914,1.0730385780334473
-0.916600227355957,1.5726923942565918
-2.413642406463623,-2.560436725616455
-1.833498477935791,-0.13087989762425423
-1.8648505210876465,0.8527637273073196
-2.065598964691162,-1.0709524154663086
0.42389631271362305,-1.7129778861999512
3.2176733016967773,-3.83450984954834
3.5364627838134766,-7.0410847663879395
4.407751560211182,-4.927551746368408
2.823185920715332,1.0314345359802246
1.1095166206359863,-0.8245468139648438
1.8958568572998047,-0.055789900943636894
-2.8595924377441406,0.4270792007446289
0.7106900215148926,-3.302788734436035
0.315093994140625,-1.3138532638549805
-5.05375862121582,2.9598355293273926
-5.304551124572754,0.8213043212890625
-4.854631423950195,5.834829807281494
-6.732010841369629,-0.40373798459768295
-5.3389668464660645,-0.12543199583888054
-4.123985767364502,-0.11593099683523178
-2.262091636657715,2.4537086486816406
-4.589056968688965,-0.8821368217468262
-2.7493715286254883,-0.8656858652830124
1.2812137603759766,-5.491650104522705
3.9605259895324707,-5.9064507484436035
3.1887412071228027,-4.6491265296936035
4.129743576049805,-4.0854692459106445
6.033122539520264,-6.129562854766846
-1.0824202746152878,-7.9934000968933105
0.4294753074645996,-9.873855113983154
2.553105354309082,-7.543301582336426
-0.8537769317626953,-8.6104154586792
-4.119634628295898,-4.3506622314453125
0.7987380027770996,-10.313689708709717
-0.7033944129943848,-7.265233993530273
-4.928696155548096,-6.827414035797119
-3.331124782562256,-3.9218783378601074
-5.092895030975342,0.27451520785689354
-4.905223846435547,1.82877779006958
-5.319023132324219,2.991330623626709
2.254605293273926,3.589463233947754
8.244681358337402,5.708897113800049
8.77079963684082,8.099865913391113
7.802629470825195,8.43271017074585
4.772448539733887,7.8368425369262695
-1.5542864799499512,4.176795482635498
-1.4666557312011719,7.986962795257568
4.29990291595459,11.62334680557251
10.018467903137207,9.843218326568604
10.709667205810547,9.960567951202393
8.145415782928467,4.967308044433594
1.1656879633665085,2.983582019805908
-4.7000885009765625,6.06997013092041
-2.8067588806152344,3.914344310760498
-4.435431957244873,1.0171890258789062
-4.05653715133667,0.004529999860096723
4.639041423797607,-6.535208225250244
0.5746603012084961,-5.6273698806762695
-8.735454082489014,-4.43112850189209
-5.408608913421631,-4.91483211517334
-4.973447322845459,-5.416285991668701
-4.291689395904541,-6.206953525543213
-0.9404540061950684,-8.347702026367188
3.8040876388549805,-4.598116874694824
-1.9684910774230957,-1.766824722290039
-3.898346424102783,-2.1561384201049805
-2.0938992500305176,3.7558674812316895
-1.905810832977295,2.9131174087524414
3.9611220359802246,1.0976552963256836
8.614230155944824,9.44218635559082
5.142068862915039,6.786251068115234
2.235710620880127,8.855509757995605
-0.1453160960227251,10.065805912017822
-0.11498929932713509,5.138969421386719
3.515958786010742,7.813990116119385
8.565819263458252,10.630810260772705
14.034759998321533,4.397881031036377
9.08421277999878,5.776059627532959
3.35843563079834,-0.21616220474243164
2.276742458343506,-1.7137646675109863
2.691340446472168,-1.890575885772705
-0.20819900557398796,-2.0978808403015137
3.7264585494995117,-5.816650390625
5.270040035247803,-7.388043403625488
-0.9713292121887207,-10.766077041625977
-4.007828235626221,-11.703300476074219
-6.165707111358643,-6.4397454261779785
-10.468578338623047,-3.7067651748657227
-6.847584247589111,-2.6612281799316406
-2.4086475372314453,-3.937661647796631
-1.1069416999816895,-4.560267925262451
-0.06654260214418173,-1.2876272201538086
-0.9545564651489258,1.7727375030517578
-3.544318675994873,4.37544584274292
-5.2399516105651855,5.379152297973633
-2.6664137840270996,0.22971630096435547
1.1056900024414062,-0.3415108099579811
2.6995062828063965,0.8216738700866699
5.650639533996582,-1.528477668762207
1.7531752586364746,2.2700905799865723
0.5179524049162865,-4.528594017028809
0.4519224166870117,-5.072355270385742
-1.118028163909912,-3.529036045074463
1.4411687850952148,-4.343211650848389
-0.2889394946396351,-2.8392791748046875
-1.595163345336914,0.620722807943821
1.6403436660766602,-5.9983134269714355
-2.2584080696105957,-0.38115978240966797
-1.7897605895996094,-2.232992649078369
1.9397616386413574,-0.6143927946686745
2.880251407623291,2.9896974563598633
1.3044118881225586,3.3450961112976074
3.0894994735717773,0.9578586369752884
0.9844779968261719,2.788996696472168
-0.48215389251708984,2.8151392936706543
-1.3687491416931152,7.496392726898193
-1.647496223449707,7.067549228668213
-1.9990921020507812,0.16161199659109116
3.209412097930908,-4.672634601593018
-3.914046287536621,-6.816494464874268
-3.00900936126709,-5.91360330581665
-3.3347725868225098,-4.317736625671387
-7.1402668952941895,-11.164700984954834
-14.826714992523193,-7.851409912109375
-11.399424076080322,-7.611227035522461
-2.697587013244629,-6.796431541442871
-3.6903858184814453,-5.389666557312012
-5.063128471374512,-2.9549241065979004
-0.8545160293579102,-0.5933045968413353
3.261387348175049,3.9100170135498047
-8.36881399154663,3.9096951484680176
2.577817440032959,5.295991897583008
11.893939971923828,10.29585599899292
11.236131191253662,8.623242378234863
13.651657104492188,7.902622222900391
17.295396327972412,10.417008399963379
5.8333516120910645,4.813981056213379
-2.058851718902588,8.693087100982666
-0.11900659650564194,6.3809990882873535
6.6847920417785645,1.833343505859375
4.939174652099609,-1.017594262957573
2.1862149238586426,-3.4920334815979004
0.9581446647644043,-7.830405235290527
-3.8164734840393066,-3.6002278327941895
-15.480804443359375,-7.316040992736816
-13.7451171875,-8.547544479370117
-4.991257190704346,-5.564165115356445
-1.6596555709838867,-7.45851993560791
-0.11938810348510742,-10.318922996520996
1.9988775253295898,-8.963894844055176
-0.6615996360778809,-7.51187801361084
-2.416503429412842,-4.084539413452148
-6.338667869567871,-0.790095329284668
0.7464051246643066,-2.229034900665283
6.4253926277160645,1.3311982154846191
3.123009204864502,2.0244717597961426
4.672455787658691,3.07157039642334
7.34553337097168,2.437734603881836
2.0137786865234375,5.892014503479004
-3.694474697113037,5.073392391204834
1.0062099248170853,6.245589256286621
1.1962175369262695,4.265570640563965
-3.6742448806762695,-0.8567451685667038
3.7766098976135254,0.7736921310424805
2.9256820678710938,-0.20312070846557617
0.04781479947268963,0.5651712045073509
1.008450984954834,3.9079666137695312
-1.7683148384094238,1.1077284812927246
-5.290544033050537,2.354133129119873
-0.2790213003754616,2.3795247077941895
1.260995864868164,2.805495262145996
1.229250431060791,1.8938302993774414
4.507851600646973,5.541872978210449
7.201743125915527,2.3027420043945312
1.8594741821289062,1.6061067581176758
2.3790359497070312,2.3921847343444824
1.2819409370422363,2.9221057891845703
-1.4763593673706055,5.063939094543457
-1.4593839645385742,5.066442489624023
1.9675254821777344,3.236377239227295
-0.8960366249084473,1.4304161071777344
0.8708596229553223,4.958045482635498
0.22327899932861328,3.477609157562256
1.3388991355895996,4.206454753875732
0.9441494941711426,1.8688321113586426
3.531348705291748,3.2042622566223145
2.9804110527038574,0.0038385001244023442
4.1927337646484375,0.5112171173095703
4.798686504364014,1.1824846267700195
1.1649370193481445,-1.6695261001586914
0.15702249482274055,2.23008394241333
3.4656882286071777,1.9699931144714355
3.0190587043762207,0.4636644944548607
-0.8539556711912155,2.2875308990478516
0.17225740477442741,1.2212873250246048
1.2052655220031738,-0.3368496894836426
-6.5502166748046875,1.4056682586669922
-5.459225177764893,3.4110069274902344
-1.8331170082092285,2.3114562034606934
-4.778015613555908,4.302644729614258
-2.8932690620422363,3.051316738128662
1.2419342994689941,1.0251402854919434
-1.747119426727295,3.1445741653442383
-2.7483463287353516,2.3146748542785645
1.4658927917480469,-0.8811116218566895
-0.28563739731907845,3.6663413047790527
-1.007699966430664,0.4049539938569069
2.0254969596862793,-0.2655505947768688
4.684627056121826,1.8958091735839844
-0.19735099747776985,-1.0418176651000977
1.5712499618530273,-4.2766571044921875
-1.0805130004882812,-0.5627750977873802
-3.7808775901794434,-1.9473671913146973
-1.0650991648435593,-0.2240299992263317
-2.5768280029296875,-0.9190201759338379
-7.037198543548584,-3.857564926147461
-5.648910999298096,-3.199148178100586
-2.488589286804199,-2.186739444732666
-3.0380725860595703,-3.3060312271118164
-0.22349359467625618,-6.243002414703369
2.15146541595459,-5.086219310760498
1.0991693288087845,-6.539475917816162
-0.3980756178498268,-5.140221118927002
-2.898073196411133,-3.238987922668457
-3.032958507537842,-2.451801300048828
2.7747273445129395,-2.6245594024658203
4.446446895599365,-3.734147548675537
2.7462124824523926,-3.1325936317443848
2.487778663635254,-1.4159440994262695
1.3796091079711914,-1.845550537109375
-1.6733765602111816,-0.08965729735791683
1.0219693183898926,-0.7690668106079102
2.237248420715332,-0.3147602081298828
3.166341781616211,0.5366683006286621
2.866804599761963,1.1175751686096191
1.8397808074951172,-0.31746629625558853
3.5638809204101562,0.006973699782975018
1.7639994621276855,0.1690269075334072
-0.47284360975027084,0.3608822822570801
5.181682109832764,-0.7822275161743164
2.142024040222168,-0.6351233273744583
-3.884422779083252,-2.0512819290161133
-1.4505982398986816,-0.5792140960693359
-0.2366900071501732,1.2021899223327637
-6.915223598480225,0.8773087710142136
-1.1463403701782227,-0.32198429107666016
2.5449037551879883,-0.007247899775393307
-4.206526279449463,2.562379837036133
-5.66636323928833,4.385852813720703
-2.820587158203125,3.8190722465515137
-6.9475531578063965,0.5453943833708763
-7.265925407409668,-0.8262515068054199
2.255868911743164,-0.5751729011535645
2.896451950073242,-0.2268671989440918
-1.3343572616577148,0.4032493010163307
0.5384564027190208,-0.3148794174194336
1.3155102729797363,-4.568064212799072
-4.259467124938965,-6.005096435546875
0.16454460099339485,-3.1531810760498047
6.884551048278809,-1.96760892868042
5.565989017486572,-1.098489835858345
3.318154811859131,-3.830838203430176
2.8308749198913574,-8.808767795562744
-1.4575719833374023,-8.286118507385254
-5.974841117858887,-8.23068618774414
-4.715073108673096,-8.100652694702148
-2.3111701011657715,-4.0421366691589355
-5.3642988204956055,-6.374263763427734
-1.7166852951049805,-6.592011451721191
-1.50376558303833,-6.204712390899658
-5.046343803405762,-3.6553502082824707
-2.1593689918518066,0.7009744644165039
-1.809251308441162,2.434396743774414
-1.6044020652770996,2.933645248413086
3.8085222244262695,7.972347736358643
7.3874592781066895,6.8084001541137695
7.19069242477417,9.021985530853271
5.379664897918701,7.383310794830322
5.784487724304199,8.437693119049072
3.123748302459717,6.923699378967285
1.9509315490722656,11.442959308624268
4.64709997177124,10.002052783966064
6.200730800628662,10.794532299041748
1.0646461695432663,7.678782939910889
3.2485604286193848,4.24344539642334
-0.09280440397560596,3.292417526245117
1.5200138092041016,1.3633131980895996
-1.775813102722168,2.0742177963256836
-4.138648509979248,2.7046918869018555
-0.6707310676574707,-2.290165424346924
0.9485960006713867,-5.475056171417236
-1.9719123840332031,-10.699212551116943
0.37920478731393814,-9.791457653045654
1.3638615608215332,-8.521115779876709
-4.651021957397461,-6.466412544250488
-7.515203952789307,-9.886205196380615
-5.459296703338623,-9.41934585571289
-2.719449996948242,-9.617388248443604
-2.329075336456299,-3.403019905090332
-0.6824254989624023,1.1115550994873047
4.552614688873291,0.7722616195678711
-0.9027718752622604,3.7313222885131836
-7.056927680969238,4.615068435668945
-0.6827235221862793,7.810366153717041
0.872039794921875,9.856557846069336
-2.0818114280700684,11.203491687774658
6.432521343231201,9.902036190032959
10.893809795379639,8.595752716064453
7.705628871917725,9.356939792633057
4.850304126739502,9.020280838012695
5.898547172546387,11.24650239944458
3.9070844650268555,9.576427936553955
8.475279808044434,3.015589714050293
6.625914573669434,1.2077569961547852
7.828330993652344,-3.1344056129455566
6.959259510040283,-2.4515390396118164
-4.2755842208862305,-2.6468634605407715
-5.716657638549805,-7.560288906097412
-4.339933395385742,-8.57609510421753
-5.466580390930176,-9.71604585647583
-0.9277939796447754,-9.152936935424805
4.2563676834106445,-3.423011302947998
1.8482089042663574,-4.8438310623168945
-5.248069763183594,-6.447863578796387
-8.536505699157715,-4.181241989135742
-5.756330490112305,-0.12769700028002262
-7.362055778503418,3.8982391357421875
-2.337634563446045,6.031525135040283
6.496798992156982,-0.5327343940734863
0.8581280708312988,-0.9834170341491699
-3.4407734870910645,-2.39638090133667
0.23299459367990494,-0.003993500140495598
-6.462574005126953,2.8538107872009277
-6.224429607391357,5.478143692016602
4.803645610809326,0.5430459976196289
5.271852016448975,-3.95810604095459
-0.9352207183837891,-4.060041904449463
6.053400039672852,-1.203167364001274
3.156149387359619,5.351150035858154
-2.933228015899658,3.008425235748291
-2.641308307647705,-0.5967259034514427
2.3418545722961426,0.05235670134425163
1.6546845436096191,-1.2505412101745605
3.059267997741699,2.5767087936401367
5.2466630935668945,4.058051109313965
3.046572208404541,-0.7988572120666504
-6.59637451171875,-2.9976367950439453
-8.289134502410889,-4.260194301605225
-5.268335342407227,-3.043246269226074
-6.440699100494385,0.9506464004516602
-3.3840417861938477,-2.527594566345215
0.2669692039489746,-6.257319450378418
0.8184432983398438,-7.225298881530762
-1.531815528869629,-10.242962837219238
-2.8288960456848145,-6.710445880889893
-4.416298866271973,-5.922305583953857
-3.11201810836792,-3.433346748352051
-3.1417369842529297,-6.758749485015869
-1.3141870498657227,-3.623521327972412
-3.215014934539795,1.8597602844238281
-0.7964848726987839,3.292703628540039
4.6541571617126465,6.596863269805908
-3.2068252563476562,4.243814945220947
0.33309459686279297,4.059076309204102
6.963682174682617,6.303906440734863
0.5968451127409935,4.134643077850342
-6.644332408905029,9.399628639221191
3.1533241271972656,9.632468223571777
2.7524232864379883,5.4802656173706055
-1.1084675788879395,3.7247419357299805
9.324502944946289,-4.125690460205078
9.01561975479126,0.3302336111664772
1.53350830078125,-1.6242384910583496
0.6232618913054466,-0.925147533416748
-2.924478054046631,-5.640518665313721
2.671217918395996,-4.028725624084473
3.518795967102051,-4.498529434204102
0.15172960236668587,-5.176639556884766
-0.35579200834035873,-4.5716166496276855
-2.969241142272949,-5.022382736206055
-8.624517917633057,-5.97149133682251
-4.167842864990234,-5.793452262878418
3.8150429725646973,-7.120096683502197
1.9298911094665527,-0.7996916770935059
-3.014957904815674,0.791323184967041
-1.1384010314941406,0.4337430000305176
-1.0195732116699219,-2.237272262573242
-6.92591667175293,-1.3133883476257324
-4.6744585037231445,3.3409714698791504
5.285811424255371,6.249690055847168
0.5154252052307129,8.35411548614502
-8.830857276916504,4.30063009262085
-2.465689182281494,-0.1900196075439453
-1.002812385559082,-0.4174352064728737
-2.866232395172119,3.699958324432373
2.442193031311035,1.4735817909240723
9.74740982055664,1.7824172973632812
-0.4284023866057396,-1.4654159545898438
-1.6836881637573242,-3.011167049407959
0.1791238971054554,1.6021490097045898
0.42127370834350586,-0.8877158164978027
1.4754056930541992,4.739046096801758
4.822695255279541,4.489624500274658
7.943964004516602,1.0489702224731445
3.240334987640381,3.8182616233825684
-1.58463716506958,4.360067844390869
2.7503490447998047,8.496928215026855
3.6630749702453613,8.471214771270752
3.478407859802246,2.87095308303833
4.906702041625977,-0.6623507291078568
2.898430824279785,-2.222621440887451
-3.5441040992736816,2.785158157348633
-3.79866361618042,2.8328776359558105
-3.9883971214294434,-0.159072894603014
-2.514183521270752,-3.4971117973327637
-0.6394386291503906,-4.505288600921631
5.075311660766602,-2.6618361473083496
2.441573143005371,-0.643158033490181
0.5650639906525612,2.331364154815674
-1.4523863792419434,0.03564360085874796
1.5990257263183594,0.8080244064331055
2.741992473602295,2.0742416381835938
3.307366371154785,3.2933473587036133
4.355597496032715,4.726958274841309
7.18996524810791,6.9782257080078125
6.502163410186768,5.860328674316406
3.213620185852051,4.048609733581543
3.022134304046631,6.152892112731934
1.3860583305358887,5.755770206451416
-3.282797336578369,5.2222490310668945
-4.354536533355713,7.141351699829102
-1.691603660583496,0.7423281669616699
-5.8762431144714355,-1.6164541244506836
-3.764665126800537,-1.358497142791748
-4.076099395751953,-1.7351031303405762
-2.184760570526123,3.2488107681274414
-3.8260579109191895,-0.6810904294252396
-0.5995035171508789,-6.905817985534668
-2.845919132232666,-4.875457286834717
-0.4620552062988281,-0.9411215782165527
1.0967134684324265,-1.7768621444702148
-1.8872261047363281,4.713344573974609
-2.6522040367126465,1.8124580383300781
2.3185014724731445,-2.164590358734131
0.30800100415945053,2.11716890335083
-0.9749650955200195,2.452540397644043
3.6181211471557617,1.4591336250305176
2.9539942741394043,6.222200393676758
-5.133676528930664,2.018415927886963
-1.465761661529541,-1.1272429674863815
-1.5486955642700195,0.5521417036652565
-8.970534801483154,-1.807236671447754
-2.4850964546203613,-0.4664421081542969
2.638089656829834,0.4752039909362793
0.014042899711057544,-6.1905741691589355
-0.35254959017038345,-5.232417583465576
2.1291732788085938,-3.7773847579956055
-0.2541661076247692,-5.542314052581787
-2.5838851928710938,-0.9328365325927734
-3.4263134002685547,-5.3551435470581055
-1.8728852272033691,-4.7733306884765625
0.6059765815734863,-2.294802665710449
2.701282501220703,-2.3954391479492188
3.6868929862976074,2.808523178100586
6.101870536804199,2.8467655181884766
0.9753108024597168,2.5087594985961914
-4.231750965118408,3.0624866485595703
-2.004265785217285,-0.3908514976501465
0.36160949617624283,-0.6907104700803757
0.789952278137207,-0.26819709688425064
1.314377784729004,1.4821887016296387
6.124281883239746,0.49048658460378647
3.0953049659729004,-1.7591476440429688
-1.7415881156921387,-4.381465911865234
-1.4975547790527344,-5.113005638122559
3.6292552947998047,-2.349734306335449
-1.6383647918701172,-6.105935573577881
-1.411426067352295,-1.852869987487793
-1.3934969902038574,-0.7550954818725586
-3.411078453063965,-3.502523899078369
-4.991960525512695,0.7436513900756836
-3.0490875244140625,0.8827090263366699
-0.18599029630422592,-1.6521692276000977
-1.289677619934082,3.2497525215148926
-3.0407071113586426,-0.523841418325901
-1.7017364501953125,0.8530616760253906
-3.012251853942871,2.9447555541992188
-5.186092853546143,3.1309008598327637
2.0336389541625977,-1.914072036743164
7.951247692108154,-4.038763046264648
2.9564499855041504,-6.4795732498168945
3.0414700508117676,-9.071135520935059
0.4195808991789818,-5.340015888214111
-4.6956658363342285,-2.4054646492004395
-3.934812545776367,-7.883024215698242
-0.8811593055725098,-9.082555770874023
2.3558497428894043,-10.222625732421875
2.699267864227295,-10.174798965454102
-0.5526543036103249,-9.265100955963135
-5.7634711265563965,-6.744289398193359
-8.83415937423706,-8.186209201812744
-10.988891124725342,-6.75048828125
-4.46929931640625,-5.518198013305664
-5.1392436027526855,-1.7106413841247559
-1.4927864074707031,-0.5295753106474876
3.112316131591797,1.853322982788086
-2.366912364959717,1.728200912475586
-5.930423736572266,8.313226699829102
4.034173488616943,9.054136276245117
6.593835353851318,11.28847599029541
6.415975093841553,11.190950870513916
12.085318565368652,9.537649154663086
14.459657669067383,9.241986274719238
4.009640216827393,9.528005123138428
2.904975414276123,11.024796962738037
5.746865272521973,11.872780323028564
2.2918701171875,8.73715877532959
2.7159929275512695,6.410491466522217
4.777741432189941,7.572424411773682
2.3008346557617188,4.793858528137207
-4.37694787979126,2.504706382751465
-4.554998874664307,-0.06227490026503801
-2.400326728820801,-2.9662489891052246
-7.533729076385498,-1.177978515625
-4.853236675262451,-1.0759353637695312
1.841270923614502,-4.241502285003662
0.6599307060241699,-3.8294553756713867
-0.5523205175995827,-6.308352947235107
0.1385330967605114,-8.283162117004395
-0.00866650021634996,-3.589797019958496
-4.244112968444824,-3.099071979522705
-7.737946510314941,-2.051377296447754
-2.1252036094665527,-1.3083577156066895
-1.1529207229614258,-1.0435104370117188
-0.868523120880127,2.5627493858337402
2.684962749481201,4.603946208953857
6.005251407623291,6.636416912078857
-1.6446590423583984,5.687212944030762
-6.518268585205078,4.814255237579346
-1.32904052734375,5.9044718742370605
-3.517282009124756,7.891845703125
0.9401202201843262,6.872439384460449
9.245431423187256,6.2935590744018555
11.55238151550293,6.2168121337890625
6.019186973571777,2.6846885681152344
6.4427971839904785,1.031184196472168
1.9806623458862305,1.2296081334352493
1.9374728202819824,-2.4454355239868164
-0.12520549818873405,-1.5097379684448242
7.601737976074219,-2.3412704467773438
3.071606159210205,-5.0685882568359375
2.2296905517578125,-4.607093334197998
-0.6981849670410156,-7.627260684967041
-2.291536331176758,-8.588182926177979
-6.057751178741455,-5.337941646575928
-2.7316689491271973,-7.472467422485352
-4.6439409255981445,-4.899561405181885
-2.9039382934570312,-3.3278822898864746
-1.2808442115783691,-4.745900630950928
-2.3993730545043945,-2.3978233337402344
-4.062187671661377,-4.343605041503906
1.223766803741455,-0.9787560254335403
-1.4411211013793945,-1.2653470039367676
-3.6873698234558105,-4.673600196838379
-0.9731888771057129,-4.297387599945068
-0.13843770138919353,-5.688774585723877
-1.8650531768798828,-2.8725385665893555
4.415857791900635,-2.029144763946533
3.108084201812744,-3.288424015045166
-1.747751235961914,-5.471599102020264
-2.216804027557373,-3.4296274185180664
-3.8386106491088867,-0.8861780166625977
-2.22318172454834,3.963136672973633
-0.7030606269836426,3.8242459297180176
2.743053436279297,5.223417282104492
1.5663743019104004,3.513467311859131
0.6054997071623802,6.321287155151367
1.992189884185791,2.7994751930236816
1.7824053764343262,5.2265167236328125
-1.5795588493347168,4.776060581207275
1.4527440071105957,1.0457397252321243
1.7963171005249023,1.492619514465332
-5.3624749183654785,-1.7262816429138184
-8.309948444366455,-2.5726914405822754
-2.3946523666381836,2.596163749694824
-4.516196250915527,-4.290652275085449
-10.951507091522217,-8.372914791107178
1.2795448303222656,-7.264852523803711
2.7912497520446777,-7.535207271575928
-3.7180066108703613,-4.751443862915039
2.154207229614258,-5.425131320953369
6.8543314933776855,-8.959424495697021
-2.4152517318725586,-4.404997825622559
3.430783748626709,-2.1451830863952637
7.681035995483398,-1.8007278442382812
3.585052490234375,-1.0166406631469727
0.2622128091752529,4.37082052230835
0.4213571920990944,4.904186725616455
1.714015007019043,6.148231029510498
-2.265000343322754,7.972562313079834
-1.1255860328674316,3.2657623291015625
1.4403700828552246,5.991816520690918
-0.7210732251405716,9.875249862670898
-6.95347785949707,1.997840404510498
-7.404637336730957,6.812763214111328
-6.465351581573486,3.2324671745300293
-3.861403465270996,2.044498920440674
3.845810890197754,-0.26454929262399673
5.713033676147461,-0.588083304464817
1.2549519538879395,-2.4990081787109375
1.7047762870788574,-0.6944060325622559
0.5518316850066185,-1.2845754623413086
2.082192897796631,-6.671774387359619
4.367029666900635,-7.07395076751709
5.825614929199219,-3.3170104026794434
9.030008316040039,-6.355631351470947
4.851067066192627,-1.1570929735898972
-1.264047622680664,-3.099191188812256
2.9268264770507812,-2.6089906692504883
4.1359663009643555,2.6531457901000977
-0.38788318634033203,0.31573768705129623
2.4732112884521484,-0.7100105285644531
-1.313936710357666,1.338350772857666
-9.195184707641602,1.6603946685791016
-10.665690898895264,2.7048587799072266
-8.567023277282715,5.958163738250732
-8.261609077453613,2.7982354164123535
-3.4359097480773926,1.9361257553100586
-1.585555076599121,1.2233614921569824
-4.070901870727539,1.3632416725158691
-0.04589559976011515,-0.09429450146853924
-4.011833667755127,-2.224242687225342
-3.8596272468566895,-4.4083356857299805
6.830263137817383,-0.9952545166015625
4.921901226043701,0.018429800402373075
0.2622128091752529,1.0428428649902344
5.467832088470459,2.7789831161499023
5.711328983306885,2.6491641998291016
2.0142316818237305,-0.7424592971801758
5.693650245666504,3.30660343170166
9.732472896575928,4.702365398406982
7.822620868682861,4.014313220977783
1.986372470855713,6.819570064544678
2.1619319915771484,1.2083649635314941
3.8649559020996094,0.6474733352661133
-1.5576601028442383,0.5653620138764381
-1.1608005315065384,0.15897750854492188
2.1709084510803223,1.38777494430542
-0.5861043930053711,0.4351973906159401
-7.0922017097473145,-4.484379291534424
-6.336474418640137,-2.6286959648132324
-5.037128925323486,-0.6753802299499512
-4.209995269775391,-2.6352286338806152
-3.782212734222412,-1.8707036972045898
2.859365940093994,-1.8251419067382812
3.8637757301330566,-1.6926169395446777
0.6978988647460938,0.002658400044310838
-0.7464051246643066,3.9998531341552734
5.005967617034912,3.7688136100769043
3.52783203125,3.6493420600891113
3.733658790588379,4.535889625549316
7.368040084838867,4.873538017272949
9.049820899963379,5.42227029800415
2.1890878677368164,6.814813613891602
3.1792640686035156,3.3489584922790527
4.430830478668213,2.9700756072998047
1.5834569931030273,0.4442453011870384
1.6765236854553223,-0.8677362650632858
1.3353943824768066,-3.476119041442871
-4.662978649139404,-0.1244186982512474
-5.553710460662842,-4.2044997215271
-7.3447585105896,-4.8187255859375
-9.443938732147217,-2.866077423095703
-5.801427364349365,-6.014716625213623
-4.849839210510254,-3.152763843536377
-7.107222080230713,-1.3791680335998535
-1.6653180122375488,-0.5152583122253418
-1.4925479888916016,4.049050807952881
-3.358924388885498,3.7505626678466797
1.1645078659057617,0.2721071057021618
3.5678863525390625,2.776312828063965
3.964710235595703,3.0199289321899414
2.919161319732666,2.1622061729431152
5.0673723220825195,6.940984725952148
6.818938255310059,2.9284119606018066
4.21757698059082,-0.7098674774169922
4.32199239730835,-0.5652308091521263
1.9701957702636719,-1.6455888748168945
0.5493878945708275,-1.232302188873291
-2.859508991241455,-0.0333667011000216
-4.801499843597412,-3.816497325897217
-1.1110662668943405,-3.0300259590148926
-0.2742289938032627,-1.8393754959106445
-2.672445774078369,-2.6112794876098633
-1.7096519470214844,-2.5146126747131348
-4.851412773132324,-1.4758944511413574
-5.40081262588501,-5.510199069976807
-4.303896427154541,-3.286147117614746
-2.9230833053588867,-0.9772539138793945
1.4768242835998535,-0.044584302231669426
-1.3303518295288086,2.431917190551758
-0.49443241208791733,0.7290840148925781
-0.5815624818205833,1.6729950904846191
1.3108015060424805,-1.0181664675474167
4.367351531982422,1.7471909523010254
3.892970085144043,1.5505433082580566
8.536815643310547,2.157104015350342
6.374728679656982,1.4812946319580078
-0.5637168884277344,-1.2003064155578613
2.6926517486572266,-3.4558892250061035
-0.020194100216031075,-2.1637678146362305
-0.951838493347168,-4.178619384765625
0.2774238958954811,-2.414560317993164
0.6167769059538841,-0.6958723068237305
-4.512572288513184,-1.3078093528747559
-1.9275307655334473,-2.754378318786621
0.7803081721067429,-0.5314946174621582
-1.4982342720031738,-1.8462896347045898
0.8319616317749023,-1.3704776763916016
2.000117301940918,2.0542502403259277
-6.314146518707275,1.6626358032226562
-5.020344257354736,1.8977999687194824
0.7880449295043945,2.8469443321228027
-4.940164089202881,0.7062911987304688
-3.299868106842041,-1.1263608932495117
6.5917253494262695,0.5177021026611328
-3.4688234329223633,-2.113211154937744
-6.571304798126221,-2.429962158203125
-1.0958552360534668,-1.417982578277588
-1.8628597259521484,-3.925943374633789
-5.777168273925781,-4.270029067993164
1.49993896484375,-9.346628189086914
2.6833653450012207,-9.317529201507568
-1.897430419921875,-9.15074348449707
-3.995370864868164,-10.062253475189209
-2.565741539001465,-9.012341499328613
-2.5403857231140137,-10.911571979522705
-5.444324016571045,-12.559378147125244
-3.3312082290649414,-9.29335355758667
3.316652774810791,-6.838798522949219
3.2407283782958984,-4.461789131164551
-0.5600214004516602,-2.468228340148926
2.9285192489624023,-0.5245805159211159
2.5600194931030273,-0.24962430819869041
2.8020501136779785,7.648634910583496
-3.114759922027588,5.111420154571533
4.344940185546875,9.59850549697876
7.01826810836792,11.016082763671875
2.42234468460083,9.05841588973999
4.446935653686523,12.47262954711914
7.440185546875,10.886979103088379
-2.156388759613037,7.12435245513916
-0.36760568618774414,5.491316318511963
2.6697278022766113,5.330216884613037
2.676975727081299,6.165492534637451
0.6474853307008743,4.182875156402588
1.2181519716978073,0.6240725889801979
-1.0836243629455566,0.2986788935959339
1.4320135116577148,-1.3884186744689941
-0.921618863940239,-3.994107246398926
0.4072904959321022,-4.828500747680664
3.874969482421875,-4.11527156829834
1.413416862487793,-6.743931770324707
-4.8789381980896,-6.354880332946777
-1.8771052360534668,-8.38407278060913
-0.6165504083037376,-8.501386642456055
-0.7924675941467285,-3.7175536155700684
1.3905644416809082,-3.240036964416504
3.984510898590088,-4.131007194519043
2.057945728302002,1.4509320259094238
-5.097591876983643,1.797032356262207
-4.805111885070801,5.861353874206543
-1.3619661331176758,9.118783473968506
-1.380777359008789,6.443297863006592
0.2859354019165039,7.483565807342529
1.936197280883789,9.027528762817383
2.0450949668884277,7.228410243988037
-0.2605557069182396,9.851324558258057
-2.869439125061035,9.540653228759766
4.828357696533203,5.815541744232178
5.459463596343994,7.091271877288818
7.721710205078125,2.5658369064331055
10.586774349212646,1.7522215843200684
7.198631763458252,1.2224196642637253
0.6753922253847122,-2.5350213050842285
3.9287447929382324,-1.0136724263429642
-1.286756992340088,-3.3113718032836914
2.124488353729248,-6.188678741455078
6.988334655761719,-6.405091285705566
1.4839529991149902,-7.07319974899292
0.2496957965195179,-7.670867443084717
0.39833780378103256,-5.355513095855713
-6.619822978973389,-8.383715152740479
-4.5934319496154785,-4.136371612548828
2.5983333587646484,0.29276609420776367
1.0185599327087402,0.10397429578006268
-0.6078838929533958,0.9264230728149414
-0.4372119903564453,3.823709487915039
-5.880916118621826,-0.015461399452760816
-9.327733516693115,3.4339070320129395
-7.305335998535156,1.381218433380127
-1.9640088081359863,4.383063316345215
-0.45893188565969467,5.997133255004883
-2.486717700958252,0.6260275840759277
-0.9459496289491653,0.639188289642334
-2.512538433074951,-0.8598089218139648
-7.991445064544678,-3.9141297340393066
-2.3453712463378906,-2.8015613555908203
4.670655727386475,-3.736555576324463
1.6173958778381348,-3.061807155609131
4.692542552947998,-3.0039310455322266
7.213807106018066,-4.924368858337402
1.9939422607421875,-5.327033996582031
-0.016140900552272797,-1.3450264930725098
5.857539176940918,-1.2385368347167969
5.224215984344482,-1.5741705894470215
4.186820983886719,0.5623340979218483
6.680703163146973,1.2975454330444336
1.5534400939941406,5.929708480834961
-4.449057579040527,5.874466896057129
-4.260373115539551,2.0128726959228516
-3.2460451126098633,2.8690338134765625
-7.402002811431885,1.327657699584961
-1.5806913375854492,-1.2104392051696777
0.543975792825222,-2.8963685035705566
-7.166314125061035,-7.369399070739746
-4.983556270599365,-6.504082679748535
-5.90592622756958,-7.753491401672363
-8.694493770599365,-9.390389919281006
-6.367218494415283,-11.168897151947021
-2.1953344345092773,-7.1146368980407715
-6.521916389465332,-5.113613605499268
4.646658897399902,-3.0396223068237305
1.7434954643249512,0.5595206841826439
-0.5066990852355957,-0.5591034889221191
3.4264683723449707,4.626011848449707
6.002414226531982,8.788049221038818
-0.05359650123864412,5.6850433349609375
1.2411118298768997,7.705044746398926
4.211080074310303,7.711660861968994
5.462360382080078,10.192954540252686
4.898238182067871,10.956978797912598
8.766591548919678,8.660495281219482
0.3728150948882103,4.911196231842041
1.8601775169372559,3.04948091506958
0.7266998291015625,2.462756633758545
0.26379819959402084,-2.6649832725524902
0.1665950007736683,-4.661679267883301
-0.22658109664916992,-5.577218532562256
-5.443990230560303,-6.076335906982422
-3.8823604583740234,-8.444321155548096
-6.547760963439941,-13.196587562561035
-5.6153178215026855,-14.174556732177734
-1.4816880226135254,-11.603045463562012
4.861438274383545,-8.774006366729736
4.715907573699951,-9.438765048980713
-1.0818123817443848,-5.988502502441406
1.1585593223571777,-4.500126838684082
0.5746245011687279,0.05314350128173828
-5.336916446685791,2.7628660202026367
-0.01928810030221939,4.8979997634887695
2.5911808013916016,6.2247633934021
-1.153421401977539,7.1189284324646
-1.9792675971984863,11.389052867889404
4.094910621643066,6.204676628112793
-1.0752677917480469,7.840454578399658
-4.622542858123779,5.9195876121521
3.4467577934265137,3.103923797607422
1.8024325370788574,4.807543754577637
2.5215506553649902,1.7412900924682617
5.320537090301514,0.04500150214880705
-0.2035975083708763,-0.02820489928126335
0.23832319304347038,-3.787672519683838
-0.30537839978933334,-1.1835336685180664
-1.9108891487121582,-3.05098295211792
2.1000146865844727,-0.4496217146515846
7.09683895111084,-4.608213901519775
3.4213900566101074,0.9342432022094727
3.1737804412841797,0.27655359357595444
3.019285202026367,2.067446708679199
-0.7888556271791458,4.331791400909424
-0.7811427116394043,1.8242478370666504
3.5862326622009277,2.8459787368774414
1.4071345329284668,4.121553897857666
-1.841568946838379,2.5997400283813477
-0.6949543952941895,6.17138147354126
-4.869735240936279,7.800757884979248
-6.029355525970459,3.6523818969726562
-1.3408660888671875,5.766856670379639
4.18848991394043,1.886129379272461
5.394840240478516,4.569649696350098
6.872248649597168,3.377985954284668
6.138205528259277,-2.0842909812927246
3.573155403137207,0.7754921913146973
0.5701183900237083,0.6414055824279785
4.466664791107178,1.1156678199768066
5.7675957679748535,-0.11790989898145199
6.3590288162231445,-1.3905644416809082
3.103017807006836,0.3275156021118164
0.3425002098083496,1.0389090329408646
-0.6708145141601562,-0.16134979203343391
-4.228818416595459,0.011587099870666862
-6.852483749389648,-0.5639433860778809
-3.677845001220703,1.549971103668213
-5.457258224487305,-2.172994613647461
-1.8091559410095215,-0.06372930016368628
-6.099271774291992,-0.3488897904753685
-5.5686235427856445,1.3887405395507812
-0.7335305213928223,2.647531032562256
-0.47072168439626694,-0.7726669311523438
-2.171766757965088,2.848517894744873
2.2616982460021973,2.4077415466308594
2.1027565002441406,4.273688793182373
-2.997255325317383,3.5928845405578613
-5.284380912780762,1.3124823570251465
-0.5367755889892578,5.312788486480713
-0.2182961069047451,2.0684361457824707
5.15139102935791,-1.7430543899536133
7.942724227905273,0.5109786987304688
5.4532647132873535,-4.621672630310059
1.6518473625183105,-2.7104616165161133
-4.525160789489746,-3.7000536918640137
-4.9031853675842285,-5.34360408782959
-1.5125393867492676,-3.5806655883789062
-2.5228261947631836,-6.430792808532715
2.984189987182617,-7.188212871551514
2.3644328117370605,-7.136201858520508
-3.6659955978393555,-7.694149017333984
-5.294299125671387,-3.8281917572021484
-3.9347171783447266,-2.0140647888183594
-5.330932140350342,-1.023876667022705
-2.9921412467956543,-3.598201274871826
1.687169075012207,-3.120267391204834
4.005873203277588,-1.7992496490478516
0.23387670516967773,-0.8858680725097656
-0.9072303771972656,0.6840109825134277
0.5501627922058105,2.3879647254943848
-2.061915397644043,3.780364990234375
-4.9239277839660645,4.72102165222168
3.8432955741882324,0.37605758756399155
6.984817981719971,-0.6634950637817383
1.136302873492241,-0.31675100326538086
7.682740688323975,1.6760468482971191
12.251663208007812,-0.01038310001604259
1.4798998832702637,0.7654190063476562
3.052687644958496,-1.4888644218444824
8.183622360229492,-1.2938857078552246
1.7892003059387207,-1.6071796417236328
-3.514230251312256,-3.365623950958252
2.6181459426879883,-2.3625969886779785
0.020444400142878294,0.6593465805053711
-7.263600826263428,2.7281761169433594
-7.4669718742370605,4.340624809265137
-5.610334873199463,2.535998821258545
-12.348639965057373,1.4395475387573242
-8.059453964233398,1.726222038269043
-2.8738975524902344,2.8995275497436523
-2.9990315437316895,3.2207131385803223
-5.071389675140381,2.3435473442077637
-3.843522071838379,-0.3523110970854759
-3.0910730361938477,2.1732449531555176
2.193295955657959,-1.188492774963379
2.280545234680176,-3.16084623336792
4.338252544403076,-4.345536231994629
7.435047626495361,-6.454885005950928
5.746853351593018,-7.130777835845947
0.7897614687681198,-5.648064613342285
2.439403533935547,-5.958044528961182
2.52610445022583,-7.147884368896484
2.2614598274230957,-7.234847545623779
3.2303571701049805,-10.936379432678223
2.931046485900879,-14.003098011016846
-5.923926830291748,-10.598981380462646
-6.5430521965026855,-8.095180988311768
-7.969272136688232,-6.44146203994751
-11.49071455001831,-0.789797306060791
-5.874800682067871,-3.753817081451416
-1.435685157775879,-1.301407814025879
-3.493332862854004,3.039383888244629
-0.6463170051574707,5.391097068786621
2.6877760887145996,7.95518159866333
0.9188889712095261,10.625958442687988
0.393676795065403,10.59103012084961
10.399079322814941,13.3339524269104
9.828567504882812,11.998212337493896
2.6318907737731934,10.484004020690918
5.919301509857178,11.378645896911621
7.243514060974121,11.502265930175781
3.3478140830993652,8.327198028564453
4.974913597106934,6.564390659332275
7.40046501159668,3.889620304107666
3.9139151573181152,2.9579520225524902
-2.5673270225524902,0.5721807107329369
-1.9216060638427734,-2.2434234619140625
1.0229229927062988,-3.642451763153076
-4.119610786437988,-5.6703925132751465
-1.4678955078125,-7.326149940490723
6.049299240112305,-8.33674669265747
2.3122668266296387,-8.239340782165527
-4.898834228515625,-7.996165752410889
-4.126381874084473,-6.642758846282959
-1.9221782684326172,-3.840816020965576
-8.046519756317139,-2.0542263984680176
-2.5374412536621094,-3.0426025390625
3.183770179748535,-2.667105197906494
-3.1812071800231934,0.5280495062470436
-4.048812389373779,5.812835693359375
-0.0007272000220837072,5.949926376342773
-6.289839744567871,7.492375373840332
-1.3620376586914062,4.088318347930908
6.755924224853516,6.122696399688721
1.188206672668457,9.81982946395874
-4.783451557159424,10.979807376861572
2.561032772064209,8.145558834075928
0.5070089921355247,6.452596187591553
-0.18029209226369858,3.6518096923828125
11.72267198562622,6.552588939666748
16.819822788238525,5.163896083831787
10.404407978057861,3.6295175552368164
8.582556247711182,1.3666868209838867
1.198410987854004,-2.723562717437744
3.654611110687256,-4.677677154541016
3.8854002952575684,-3.280937671661377
-0.4635452851653099,-4.268205165863037
1.624751091003418,-3.221249580383301
4.7135233879089355,-7.55995512008667
-8.97151231765747,-14.01127576828003
-13.094770908355713,-9.224700927734375
-3.1472206115722656,-1.0641694068908691
-2.0665526390075684,-2.3311853408813477
-9.758949279785156,-0.4571675881743431
-2.7610421180725098,-4.153132438659668
4.461312294006348,-5.730247497558594
-5.637478828430176,-0.7148981094360352
-8.203113079071045,3.1206846237182617
-0.6922602653503418,2.39560604095459
-1.3938426971435547,1.205909326672554
-6.104934215545654,-0.7998943328857422
0.7000088691711426,-0.8725882321596146
7.877922058105469,2.5159597396850586
-0.5794643983244896,-1.1948466300964355
-2.297687530517578,-3.8183093070983887
6.086146831512451,-2.1816492080688477
1.9962668418884277,-3.4508347511291504
-0.6863713264465332,-0.821375772356987
2.434265613555908,3.3004403114318848
4.702877998352051,-0.9411454200744629
0.40739770978689194,-3.4093141555786133
2.3381590843200684,-3.0279159545898438
3.8097620010375977,-1.8888592720031738
2.315378189086914,0.9472489356994629
-2.5664806365966797,5.177032947540283
-1.1984586715698242,1.732790470123291
-3.6396265029907227,-0.42705539613962173
-8.472084999084473,0.1761436089873314
-3.5845041275024414,-4.584348201751709
-0.214540995657444,-1.3336896896362305
-6.704616546630859,-0.4645704850554466
-4.511308670043945,-6.4730048179626465
0.37468671798706055,-3.97794246673584
-6.952762603759766,-3.224921226501465
-4.239499568939209,-5.841195583343506
2.7553677558898926,-5.134189128875732
0.44968128204345703,-6.424558162689209
0.34965280443429947,-5.879950523376465
2.1505117416381836,-8.132338523864746
1.281130313873291,1.2119293212890625
-5.677950382232666,3.5595297813415527
2.2568702697753906,5.066359043121338
3.7216544151306152,5.79293966293335
3.5788536071777344,3.0606627464294434
5.965948104858398,7.077419757843018
6.767332553863525,10.99921464920044
-1.7250418663024902,10.6339693069458
-9.223520755767822,10.821533203125
-1.1047720909118652,7.831549644470215
-2.1239876747131348,8.635556697845459
2.92360782623291,3.1949281692504883
8.027899265289307,4.64855432510376
1.4224886894226074,-0.49943920224905014
-4.565548896789551,-2.9462456703186035
-7.31273889541626,-1.0103583335876465
-6.151103973388672,-5.301189422607422
1.2318134307861328,-1.6141057014465332
2.098214626312256,-3.2953977584838867
1.318812370300293,-5.504488945007324
4.441773891448975,-8.169376850128174
-3.3287763595581055,-7.337093353271484
-7.4671149253845215,-8.557021617889404
1.1059880256652832,-2.4298667907714844
6.218767166137695,0.4599452018737793
5.699753761291504,-0.03687140066176653
8.208584785461426,-2.4869918823242188
8.507025241851807,-4.399418830871582
1.6028046607971191,-1.4756083488464355
-0.21415950730443,4.711759090423584
-4.44035530090332,6.218624114990234
-1.6810059547424316,7.810342311859131
-3.0487537384033203,5.985438823699951
-3.993701934814453,1.0691046714782715
-5.1674485206604,-0.3429532051086426
-2.4332523345947266,1.9054174423217773
-9.851217269897461,0.4651188850402832
-11.561763286590576,2.804839611053467
-2.804088592529297,0.1218677032738924
-0.5617738142609596,-4.867208003997803
-4.432046413421631,-4.15797233581543
2.721285820007324,0.8769751340150833
2.7841687202453613,-3.267347812652588
-1.6425132751464844,0.38782358169555664
0.9766458719968796,-0.8045434951782227
7.908487319946289,-1.8877148628234863
8.316373825073242,4.614245891571045
8.74943733215332,4.723536968231201
10.306227207183838,3.035736083984375
6.655633449554443,2.8316617012023926
5.473458766937256,-0.6950973719358444
9.758317470550537,1.789414882659912
2.9792070388793945,5.2291154861450195
2.4366140365600586,4.053282737731934
-1.3582825660705566,3.682982921600342
-7.181191444396973,-0.03362890100106597
-7.351052761077881,4.962754249572754
-5.1679253578186035,-1.1891841888427734
-1.0872126370668411,1.9731760025024414
-2.962958812713623,0.6685972213745117
1.0532736778259277,-0.12133119627833366
0.49985650926828384,3.6569714546203613
-1.595151424407959,1.0641217231750488
-0.850212574005127,0.423276387155056
4.387521743774414,1.5969634056091309
7.26923942565918,-0.006616099853999913
7.71411657333374,1.3208508491516113
6.3675642013549805,0.48203468322753906
4.8645853996276855,2.2654294967651367
1.4587640762329102,2.990901470184326
1.237630769610405,3.2999515533447266
0.6014347076416016,1.4438748359680176
1.3874530792236328,0.11065009981393814
-0.06989240180701017,1.1213064193725586
-6.267595291137695,0.2258181944489479
-5.2406907081604,1.134800910949707
-4.206979274749756,3.446173667907715
-5.214905738830566,1.5122532844543457
-0.19091369584202766,1.6703367233276367
1.4466524124145508,4.6730875968933105
-0.3170609101653099,0.7364034652709961
-3.180813789367676,2.8891563415527344
-6.081175804138184,2.535092830657959
-4.439687728881836,2.7362942695617676
-2.5613903999328613,4.126632213592529
-0.39772991091012955,2.8084278106689453
1.1189938336610794,0.0996113009750843
1.5886902809143066,-0.6315112113952637
-2.5482177734375,-3.2096505165100098
-1.2237071990966797,-5.739903450012207
-2.5588154792785645,-2.095174789428711
-3.297722339630127,-0.8817672729492188
1.4980316162109375,-3.4942269325256348
2.215266227722168,-5.35205602645874
-0.9895563125610352,-7.053184509277344
3.1074166297912598,-9.166097640991211
0.41877031326293945,-3.196835517883301
-2.776479721069336,-2.7061820030212402
-0.39212699979543686,-1.5685081481933594
1.3420701026916504,-1.4722347259521484
-2.527916431427002,-2.8247952461242676
-1.4745354652404785,-3.033292293548584
-1.858675479888916,3.355264663696289
2.778768539428711,0.3803133964538574
1.7337560653686523,1.7227411270141602
-1.2178778648376465,0.6134510040283203
4.476809501647949,0.6505727767944336
0.9069324284791946,4.286289215087891
-5.821406841278076,1.6270637512207031
-3.707575798034668,2.8689026832580566
-0.08151530288159847,-0.5298852920532227
-1.9562244415283203,-1.548457145690918
1.9810795783996582,-0.43741460889577866
7.184147834777832,-1.589369773864746
2.867603302001953,1.0831236839294434
-1.764523983001709,-4.604816436767578
1.7405271530151367,-5.702567100524902
1.2824654579162598,-5.086922645568848
-1.6419768333435059,-2.635347843170166
2.5824666023254395,-2.2301793098449707
1.7320036888122559,0.4263877868652344
-0.5499124899506569,-2.171468734741211
-5.383038520812988,0.6952881813049316
-4.312610626220703,0.41936639696359634
-2.0157456398010254,4.206502437591553
-4.435491561889648,2.463865280151367
-2.4434685707092285,4.659974575042725
-0.041258297860622406,0.915229320526123
-3.3625364303588867,2.1707892417907715
-4.516029357910156,6.131589412689209
1.3364672660827637,0.5812764167785645
0.20653009414672852,2.704155445098877
0.37342309951782227,-1.4432549476623535
